grids/precipitation/nov/RSMS_11_1882_01.asc
NCOLS 654
NROWS 866
XLLCORNER 3280414.711633467
YLLCORNER 5237500.62890625
CELLSIZE 1000
NODATA_VALUE -999
[rows 423 to 469 of 866, columns 384 to 479 of 654]
85 83 85 81 79 77 78 80 77 74 67 67 68 72 71 69 71 68 66 68 63 61 58 56 58 63 63 62 62 60 66 64 64 64 62 59 58 57 56 54 54 52 51 51 50 52 53 54 54 54 54 52 55 55 57 57 57 55 57 58 60 58 60 60 60 60 60 61 61 61 63 63 63 61 61 63 65 63 64 64 64 64 64 66 66 66 69 71 70 71 71 71 70 71 81 73
86 86 81 79 77 76 75 78 74 72 69 68 68 69 68 71 65 62 66 69 64 61 60 58 57 60 57 55 59 65 65 60 58 60 58 54 53 53 53 51 51 51 49 51 51 53 55 56 56 54 54 54 57 57 57 57 57 59 58 60 60 58 60 60 60 60 61 61 61 61 63 63 63 61 62 63 63 65 65 66 66 66 65 68 68 68 70 71 70 71 71 70 71 71 71 73
83 82 76 79 76 76 74 72 72 74 74 68 71 66 65 68 62 62 65 66 64 66 68 68 63 64 60 60 67 57 59 55 55 55 55 53 55 54 53 53 51 52 49 51 55 55 57 58 56 56 55 55 57 55 57 59 59 59 60 61 60 58 60 60 60 60 61 61 61 63 63 63 63 63 63 63 65 65 65 66 66 66 66 68 68 68 70 70 71 71 71 71 71 71 71 71
74 78 73 78 78 75 71 71 71 72 74 74 70 65 70 65 66 75 73 73 68 73 70 70 67 67 61 67 69 64 56 54 56 57 57 57 57 56 50 52 54 56 54 54 57 58 58 58 58 56 54 54 55 57 57 59 60 60 62 62 60 60 60 60 60 60 62 61 61 65 65 64 65 65 62 63 63 65 65 65 65 66 67 68 68 68 70 70 70 72 72 73 73 72 72 73
69 71 70 75 77 73 76 76 75 75 76 73 71 68 70 67 64 73 75 73 73 72 70 70 71 67 59 69 69 63 56 61 64 63 61 52 52 52 52 53 58 58 56 57 59 58 58 59 58 56 56 52 55 59 62 59 60 60 62 60 62 60 62 62 60 60 63 62 62 63 65 65 69 65 65 64 64 64 65 65 65 65 67 67 69 67 69 70 70 70 72 72 73 72 72 73
72 72 72 70 78 75 79 75 73 75 76 75 73 70 64 67 67 70 75 75 75 73 73 72 69 66 68 71 68 65 56 56 56 60 58 52 54 59 60 60 60 58 58 57 60 60 61 59 58 58 56 54 52 59 63 60 59 60 62 62 62 63 63 62 60 60 62 63 63 63 65 66 66 65 64 64 64 64 62 64 64 65 65 67 67 69 70 70 70 70 72 72 72 73 73 75
74 74 71 72 68 72 75 77 76 75 75 71 70 70 68 68 70 68 70 73 75 75 74 72 67 64 71 71 68 65 58 58 58 56 58 54 57 57 57 58 60 60 61 61 59 62 62 60 58 56 57 56 57 60 63 60 60 62 62 60 62 63 62 62 60 60 60 62 63 63 65 66 66 66 64 64 64 62 62 62 64 64 67 69 67 67 67 69 69 69 72 72 73 73 75 75
74 72 71 69 67 67 66 70 75 75 75 75 72 70 70 72 67 67 66 64 67 74 69 66 66 64 75 68 63 60 58 60 60 58 56 55 61 59 59 55 60 60 60 62 62 62 62 60 58 59 59 57 59 60 62 60 62 62 62 60 60 60 60 60 62 62 60 60 60 63 64 65 65 65 64 64 64 64 59 62 66 66 66 69 69 69 69 71 71 71 72 72 75 77 77 77
69 71 69 68 64 64 66 66 66 71 74 75 75 74 71 69 71 67 67 71 71 68 64 64 66 68 60 60 60 68 67 66 62 62 62 58 60 61 62 57 60 62 63 62 64 62 62 61 59 62 59 59 60 60 60 59 59 62 60 59 59 59 59 59 60 60 60 60 59 62 64 64 64 65 64 62 62 64 62 64 66 66 68 69 71 69 69 69 71 71 74 75 75 77 77 79
64 66 64 63 63 63 62 67 67 66 69 72 74 72 69 72 69 66 75 74 69 69 66 73 71 71 60 62 70 70 69 69 71 67 62 58 58 63 61 62 62 63 64 64 64 62 63 62 62 61 59 59 62 62 60 62 60 60 60 57 57 57 57 59 62 62 60 60 59 59 62 64 64 64 64 62 62 66 66 64 64 66 68 69 71 69 69 69 71 71 74 75 77 75 79 79
63 63 63 61 63 64 63 64 67 66 67 67 71 75 76 71 69 73 73 68 68 69 71 73 74 68 65 72 72 73 70 72 72 68 68 56 58 63 59 62 64 63 64 62 64 62 65 63 61 59 59 62 62 62 62 62 60 59 59 59 57 55 57 59 60 60 59 60 60 60 60 62 64 64 64 62 62 64 66 66 64 66 68 68 71 69 71 69 71 72 74 75 77 79 79 79
58 61 61 61 61 63 64 63 68 64 64 66 68 74 74 73 68 66 66 66 68 68 73 73 68 63 71 73 68 73 72 68 68 67 62 58 58 61 59 62 62 65 65 64 62 64 62 60 61 61 59 60 60 62 62 60 59 59 57 57 57 56 59 59 60 59 59 59 60 60 60 62 62 62 64 59 62 64 66 66 66 64 66 68 69 71 71 69 71 72 74 75 76 79 81 81
62 61 63 64 63 64 63 61 59 61 63 64 65 65 66 73 75 69 68 64 66 69 71 68 66 58 73 70 71 72 68 65 62 63 62 63 65 65 64 66 66 65 65 63 64 64 62 61 61 62 60 60 60 60 59 60 60 59 59 57 57 57 59 60 60 60 59 59 59 59 60 61 61 62 62 64 63 63 68 68 66 64 66 68 68 69 71 71 70 71 76 76 77 77 79 77
62 62 63 64 64 64 66 63 63 61 63 63 63 61 63 66 71 68 71 66 64 68 59 56 56 59 71 71 71 70 67 65 63 63 61 63 68 68 68 67 67 65 65 66 66 65 63 61 61 61 60 60 60 59 60 60 60 59 57 57 57 57 57 60 60 59 59 59 59 59 61 61 62 61 62 64 63 63 64 68 68 66 66 68 69 69 71 71 71 71 76 77 77 77 77 79
65 65 66 65 64 66 64 63 64 63 63 61 61 63 63 63 63 61 66 68 56 61 59 66 66 73 75 71 71 70 66 67 65 63 60 66 65 65 68 67 67 67 66 66 66 65 65 66 64 61 59 59 59 59 62 60 59 57 57 57 57 57 59 60 60 60 60 59 59 60 61 62 61 62 64 63 64 63 64 68 68 66 64 68 69 69 70 73 71 71 73 76 79 79 79 79
67 67 67 66 66 66 68 68 65 65 63 65 65 65 63 65 66 68 66 63 64 68 64 58 65 70 73 71 70 71 68 70 70 66 63 60 61 66 61 62 64 65 68 68 67 67 65 64 64 62 60 62 60 60 60 59 57 55 55 55 57 59 59 59 60 59 59 57 61 61 62 61 60 63 63 63 63 64 66 66 66 66 66 66 68 70 70 73 73 74 73 77 76 76 79 79
67 67 67 68 67 66 65 66 65 65 65 65 65 66 68 65 63 63 60 61 70 73 68 68 60 71 70 66 70 70 70 71 73 68 66 59 59 66 66 66 62 68 70 69 69 67 66 64 62 61 62 60 60 60 60 57 57 57 55 56 57 59 60 60 60 60 60 61 61 61 61 61 61 60 61 62 62 63 66 66 66 68 68 66 66 68 70 73 73 73 75 73 76 75 78 80
66 67 67 67 67 67 67 68 66 65 66 61 65 63 63 61 58 61 61 66 70 71 75 70 63 70 65 68 70 71 73 73 73 71 66 64 63 66 61 65 65 67 68 70 70 68 66 64 62 61 59 59 59 59 57 57 57 58 57 59 60 60 60 60 60 60 61 61 59 59 61 61 61 61 63 63 63 63 68 66 66 66 68 68 68 66 72 73 73 75 75 76 76 78 76 80
64 69 64 60 65 65 65 63 61 63 63 63 63 61 58 58 61 65 66 70 71 73 75 75 63 65 66 71 73 73 75 75 75 75 68 68 61 62 66 68 68 66 69 71 69 68 66 64 62 61 60 59 59 57 57 61 61 63 60 60 60 60 62 59 60 61 61 61 61 60 61 63 61 61 62 62 60 63 65 65 66 66 67 70 70 68 68 73 75 73 75 76 78 78 78 76
64 67 66 66 67 66 66 63 63 62 58 60 58 58 58 62 65 67 73 75 76 75 76 76 66 70 73 73 76 78 76 75 76 71 66 64 62 62 69 68 70 68 69 72 72 68 68 64 61 59 59 59 55 57 60 60 65 65 63 63 64 62 59 59 59 59 61 61 63 63 61 63 62 62 62 60 57 60 62 65 67 68 68 68 70 70 68 68 70 75 77 75 75 78 77 77
64 66 69 69 69 69 69 67 64 65 60 63 58 58 62 65 68 72 75 78 77 77 75 61 63 70 73 78 76 80 78 74 73 69 69 67 64 71 65 70 71 73 72 70 70 68 65 64 64 62 61 56 56 60 63 63 66 66 66 64 64 60 61 62 58 61 60 61 62 60 63 65 63 62 62 62 60 62 62 65 66 67 68 69 70 69 72 70 70 75 75 75 77 77 77 75
66 66 71 73 71 71 71 67 64 60 62 62 58 60 63 68 70 73 77 78 77 77 72 61 63 71 78 78 78 75 73 74 74 73 66 64 66 71 70 71 71 75 72 70 70 68 68 64 60 63 58 59 57 64 63 66 68 68 67 67 65 60 59 64 61 60 63 63 62 62 63 65 63 65 63 62 60 62 65 66 64 66 69 69 70 69 69 72 72 74 75 75 77 77 77 77
68 68 74 74 69 69 68 63 60 60 66 58 62 67 68 68 70 70 75 77 77 72 73 60 65 76 78 80 80 78 76 74 74 74 69 66 71 72 72 70 73 73 72 69 69 68 66 63 64 55 58 62 59 67 68 66 63 68 68 67 67 64 64 64 63 64 62 65 65 63 63 65 65 62 62 62 64 62 66 66 66 66 68 69 69 69 70 72 74 72 75 78 77 77 77 76
71 73 73 73 71 66 63 61 63 66 64 60 60 63 65 67 70 70 73 77 78 77 75 73 62 73 76 78 78 76 75 74 74 76 72 71 74 75 75 75 73 74 72 70 65 62 65 62 57 64 66 64 62 66 66 67 65 67 69 67 67 64 64 64 65 65 65 65 65 64 64 63 62 62 64 65 64 67 66 66 66 66 68 68 69 69 69 72 72 74 77 75 77 77 77 79
75 75 73 61 60 61 60 61 65 64 61 59 60 66 68 68 70 72 75 78 78 77 78 67 58 63 73 66 70 75 73 73 74 71 71 67 72 77 78 77 78 76 76 74 65 59 55 57 60 64 68 66 63 61 62 66 66 64 67 67 68 66 66 65 65 66 66 64 65 64 62 64 62 64 64 66 67 66 66 66 66 66 68 70 70 69 69 71 72 74 76 77 79 79 77 79
68 65 63 61 61 63 63 65 65 63 59 64 66 66 69 72 72 73 77 78 75 72 72 58 67 73 67 73 75 71 73 74 74 74 75 71 71 74 78 79 79 79 76 72 64 59 62 60 64 69 68 68 64 64 67 67 67 66 68 68 66 68 66 68 66 66 67 65 67 64 67 64 65 64 66 67 66 67 68 66 66 68 68 70 71 71 71 71 72 74 77 79 77 76 76 79
61 56 58 63 66 66 65 66 63 60 63 68 71 69 72 72 72 67 72 78 80 75 63 58 75 77 70 75 76 75 76 74 76 76 74 72 74 77 78 80 79 79 79 77 65 65 62 68 68 68 68 66 66 63 64 66 67 68 68 66 69 68 65 68 65 65 65 64 65 62 66 65 64 66 66 67 67 69 70 68 68 68 68 70 71 71 73 73 72 75 75 76 76 76 78 79
62 60 62 65 66 68 70 66 63 60 68 70 71 73 74 74 67 66 68 73 72 67 63 58 78 77 75 77 77 78 78 76 76 73 69 71 75 74 75 75 80 83 79 79 70 66 70 71 68 68 68 66 66 66 66 64 66 66 68 68 68 66 68 68 70 67 68 67 68 67 67 67 69 68 66 68 69 65 66 68 70 70 70 70 73 73 75 71 73 73 73 76 76 78 79 78
64 67 67 68 68 68 70 68 61 61 68 71 71 75 74 71 74 77 82 85 75 63 58 59 79 79 77 77 79 75 75 75 73 73 71 72 72 80 77 79 75 77 81 76 71 71 67 62 66 66 66 68 64 64 66 64 65 65 66 66 68 65 70 70 70 70 67 67 69 67 69 71 71 68 68 70 67 68 70 71 71 71 71 72 72 73 75 73 77 77 75 77 77 76 79 79
67 67 67 72 70 70 72 68 61 63 68 72 74 75 78 81 81 76 84 82 62 60 67 66 60 62 64 66 66 77 77 76 80 75 71 74 75 82 84 80 79 75 78 76 70 69 66 62 62 63 68 68 66 68 68 65 65 65 67 68 68 67 70 72 70 68 70 69 69 70 71 71 71 70 68 67 67 68 70 71 73 73 72 73 73 72 73 75 77 77 77 77 78 78 78 78
64 67 71 67 68 70 70 65 63 68 68 72 70 72 77 80 81 74 68 71 66 71 91 76 69 77 64 66 66 69 70 72 73 75 78 78 79 82 79 77 74 75 77 85 73 70 64 65 67 60 66 68 68 70 68 66 63 67 65 67 68 68 69 70 72 70 70 70 72 72 74 73 71 72 70 68 67 68 70 71 73 73 73 73 73 72 74 75 77 79 77 79 78 77 77 77
66 63 67 62 67 69 71 67 67 68 70 71 72 74 79 82 88 85 64 68 78 74 71 90 74 68 71 68 67 69 71 67 75 78 80 78 79 79 79 81 84 82 82 83 78 71 65 63 62 65 68 75 73 72 68 67 65 62 67 67 70 69 69 70 72 70 72 72 71 72 76 73 73 73 72 68 68 67 68 70 72 70 73 74 75 74 75 75 77 79 79 80 80 80 77 78
74 66 63 63 64 64 64 66 71 71 65 69 72 74 70 74 87 70 65 66 95 95 92 85 78 74 69 71 71 69 72 69 77 80 80 80 80 80 79 86 83 79 82 82 75 73 68 65 66 66 72 69 74 70 69 69 68 66 66 69 69 68 70 68 71 71 72 74 73 75 75 75 72 69 67 69 69 66 67 67 69 72 72 74 73 76 74 78 78 79 78 76 78 78 75 80
77 77 71 64 63 64 68 71 73 69 71 74 74 72 81 87 75 70 63 65 70 70 70 71 77 82 73 76 73 74 74 81 76 82 79 78 80 82 80 81 83 81 81 77 75 72 70 71 65 63 66 70 64 64 63 64 64 68 68 71 71 68 71 66 69 71 73 75 75 73 75 72 72 67 71 72 69 66 71 69 71 72 74 76 74 74 73 78 79 78 76 76 76 73 74 78
68 74 70 70 71 70 66 71 73 73 74 78 76 79 83 79 69 65 69 77 91 84 82 86 77 85 85 77 76 73 79 81 77 84 81 81 82 80 82 83 83 80 78 79 77 77 75 70 75 65 67 65 64 69 70 66 68 68 70 70 68 71 68 68 66 71 73 73 75 75 74 71 69 72 73 73 69 69 71 71 73 73 73 74 73 73 75 74 79 76 76 73 76 78 78 81
79 63 79 79 79 75 68 67 75 78 82 78 76 78 87 76 66 64 87 91 93 93 91 88 87 87 86 75 79 78 83 85 83 78 79 81 82 81 84 84 84 85 81 76 76 78 78 78 74 66 66 64 67 68 70 68 68 68 68 68 70 72 72 70 72 69 74 71 71 71 68 69 73 71 73 71 68 70 73 73 71 71 73 75 75 75 76 76 76 78 73 76 76 73 80 83
80 80 90 88 85 79 74 70 70 79 84 84 81 75 80 68 66 62 67 78 90 87 87 81 76 74 76 77 77 72 79 82 79 78 80 83 83 85 85 81 82 81 84 80 80 78 75 73 66 70 71 66 69 69 67 69 69 67 69 69 69 71 72 74 73 71 68 68 68 69 69 69 71 71 71 73 68 68 72 72 72 73 75 75 73 73 77 77 75 75 71 80 75 77 78 82
92 90 96 85 81 81 76 72 70 70 75 81 82 82 78 85 68 64 61 71 82 78 80 71 69 71 74 69 72 74 74 74 77 75 83 85 83 83 83 81 83 83 84 82 73 73 72 73 75 77 76 68 73 71 69 68 69 69 69 71 71 73 74 76 73 71 68 73 73 71 73 71 73 73 75 72 68 72 70 74 76 74 76 76 76 76 77 73 72 72 77 78 77 77 80 84
92 97 93 89 89 81 74 74 81 81 77 77 81 82 81 82 84 70 61 63 66 71 71 71 69 64 66 71 76 76 76 79 82 82 84 86 85 86 82 80 78 76 71 74 75 77 77 68 77 78 75 67 68 73 70 70 68 66 70 68 69 71 73 76 75 70 73 77 73 71 72 75 73 73 70 72 70 72 72 72 76 76 76 76 77 76 74 72 72 73 77 78 78 77 82 82
85 94 91 93 87 87 75 84 87 83 83 79 79 77 82 86 82 63 60 60 60 63 61 61 64 68 71 67 71 72 74 77 79 84 83 84 86 82 82 82 82 78 83 81 82 79 81 76 69 72 71 66 66 65 67 67 68 70 68 68 70 73 73 73 73 72 73 73 77 73 75 75 75 70 72 70 71 76 72 71 73 76 76 76 74 71 72 74 76 73 79 77 77 79 79 82
82 93 91 90 93 81 77 84 85 85 76 81 72 72 67 65 65 63 58 63 58 58 60 58 61 61 64 67 71 71 64 73 76 78 86 88 88 84 84 82 82 83 81 83 83 76 72 73 74 73 72 64 64 67 72 72 72 70 70 72 72 72 72 72 72 72 74 71 72 74 75 75 75 73 70 69 74 72 76 73 77 77 74 73 71 71 74 79 77 79 77 79 81 79 82 81
80 78 77 81 88 84 88 90 88 84 89 85 86 88 88 89 77 68 60 56 70 72 67 68 67 67 71 69 74 74 73 78 81 85 87 88 88 85 83 80 79 79 77 78 79 78 76 73 74 78 69 64 64 68 69 73 72 73 72 77 75 73 74 76 76 72 74 74 74 74 76 75 75 73 69 71 72 72 74 75 75 77 75 71 71 71 74 77 81 82 81 82 82 84 85 86
75 73 79 79 84 90 86 88 90 88 85 89 92 87 73 79 77 63 60 56 60 62 72 65 65 68 70 64 73 77 82 84 85 76 83 85 83 87 85 83 81 81 80 80 78 78 80 77 79 71 68 66 64 71 71 69 72 72 76 77 77 74 74 74 76 76 76 76 74 74 77 76 76 74 69 73 74 74 77 75 77 77 71 71 71 73 73 78 81 81 83 85 85 86 86 90
76 72 83 85 86 82 86 84 82 86 88 79 91 87 84 67 65 65 58 60 63 74 70 69 77 76 76 74 67 67 72 72 80 85 80 85 81 81 87 87 85 81 76 77 83 81 80 79 73 71 68 66 64 66 71 74 74 71 75 76 78 78 78 76 76 76 77 78 78 76 76 73 74 73 71 71 71 73 75 77 73 73 71 71 73 77 78 73 78 78 83 85 85 90 88 91
80 76 79 85 86 81 82 86 86 83 74 76 74 68 66 68 68 69 58 62 65 67 77 71 71 67 69 81 80 74 83 74 77 79 78 89 89 87 84 87 82 82 82 80 85 81 84 81 77 74 73 70 65 66 71 77 77 75 77 79 80 80 82 78 77 76 78 79 78 78 75 77 75 74 72 72 70 74 75 77 74 72 71 74 75 75 79 75 77 79 84 84 86 85 83 88
82 82 83 81 83 79 83 88 85 86 90 92 89 87 85 72 68 59 59 60 67 69 67 78 74 71 69 84 87 84 80 74 84 84 86 80 84 84 88 86 86 82 81 81 82 82 78 76 72 72 72 66 65 68 74 79 77 79 76 77 79 81 79 78 78 78 82 82 80 78 75 76 74 72 71 72 71 71 72 75 74 72 72 72 75 75 79 79 79 81 77 84 86 84 84 83
86 82 82 85 78 81 72 69 67 71 83 71 69 69 72 74 63 57 70 73 77 73 73 77 80 77 73 77 87 84 84 74 87 88 88 84 81 95 92 90 88 84 84 84 86 82 81 74 80 71 71 70 68 67 65 77 77 74 71 78 77 76 74 75 79 79 80 80 79 79 79 77 76 74 67 69 71 71 72 77 77 72 71 72 77 77 79 81 83 79 81 79 80 80 84 84
