grids/precipitation/nov/RSMS_11_1883_01.asc
NCOLS 654
NROWS 866
XLLCORNER 3280414.711633467
YLLCORNER 5237500.62890625
CELLSIZE 1000
NODATA_VALUE -999
[rows 800 to 849 of 866, columns 384 to 479 of 654]
65 65 66 67 68 68 70 70 69 69 69 70 72 74 73 73 71 74 75 75 75 75 77 80 80 80 86 84 88 88 92 96 95 93 94 94 91 91 88 86 88 93 92 92 88 87 83 85 84 86 79 75 73 73 77 75 70 68 66 62 61 61 61 60 60 61 62 62 62 62 62 64 65 66 67 70 69 70 76 80 79 80 85 84 83 84 86 83 82 82 84 83 83 83 83 85
64 63 64 65 68 69 71 71 70 71 71 70 73 74 76 76 75 72 75 75 75 76 77 80 80 81 85 88 87 90 94 97 93 94 94 94 93 92 89 88 90 84 87 84 85 86 83 86 84 86 81 72 74 71 72 73 73 67 65 63 61 61 62 62 61 62 62 63 62 63 63 64 65 67 67 68 69 73 78 77 79 82 83 84 86 86 89 84 84 84 84 84 84 85 85 83
62 62 64 66 67 70 71 73 73 74 72 72 74 76 76 74 72 75 75 75 76 75 78 81 81 83 84 86 89 89 93 93 92 93 95 95 94 94 93 90 88 88 86 85 85 86 83 86 84 84 82 76 76 74 74 73 74 67 66 65 64 63 64 62 63 64 65 63 64 63 64 63 65 68 68 70 73 73 77 81 81 83 85 89 90 91 93 92 88 86 88 86 86 87 87 87
61 62 64 66 68 69 73 73 75 74 72 72 73 74 75 75 73 74 75 76 76 77 79 80 83 84 85 86 91 91 92 92 93 94 95 95 97 96 94 92 92 90 89 88 88 84 87 86 87 87 83 79 79 78 75 75 74 70 67 66 66 65 65 65 65 64 64 65 65 64 65 65 66 66 68 69 72 73 76 80 84 88 92 94 94 95 98 102 102 95 95 99 93 87 88 91
59 60 64 68 69 70 72 73 74 74 72 72 74 72 75 74 74 75 76 76 76 80 81 82 85 85 86 86 91 91 91 92 94 95 95 95 98 97 95 93 93 92 92 90 90 90 91 88 88 89 89 83 80 78 79 76 75 71 68 67 66 66 66 65 65 65 64 65 65 64 65 66 66 68 73 76 79 76 75 81 89 93 107 102 97 100 106 106 108 104 104 109 109 87 89 91
57 59 63 69 69 72 71 73 73 74 73 73 73 74 75 75 75 76 75 76 80 82 81 83 84 86 86 93 91 92 92 93 94 95 96 98 100 101 96 94 95 93 93 91 90 92 93 89 90 92 87 81 81 83 83 84 82 80 78 71 68 67 67 66 66 66 66 66 65 65 65 66 70 73 82 81 74 73 77 84 95 101 106 106 103 106 112 113 110 108 112 115 103 91 91 91
59 62 66 68 71 73 73 71 71 73 73 74 74 74 75 74 75 77 75 77 81 79 81 83 85 87 88 88 91 92 92 93 95 94 95 99 104 101 98 96 95 94 93 92 94 97 95 93 93 97 92 91 83 83 84 83 85 86 85 84 70 70 69 66 66 66 66 67 67 66 67 67 71 83 78 72 72 73 76 82 94 113 112 121 115 113 123 122 130 130 122 120 117 93 92 91
62 65 67 70 73 74 75 71 70 71 72 74 74 75 75 75 77 77 77 79 81 81 82 86 89 88 87 88 92 92 93 93 93 94 93 94 98 98 100 97 97 97 96 96 97 100 96 95 99 102 94 93 92 81 80 81 84 87 86 79 76 74 70 67 69 66 68 69 68 67 68 69 72 75 77 70 73 74 78 77 104 109 121 114 111 131 133 141 134 124 126 103 100 92 91 90
64 65 68 71 73 73 73 71 70 71 71 74 74 74 76 76 76 77 77 79 81 81 83 86 91 90 87 91 92 94 95 94 94 94 93 90 97 99 100 99 98 97 96 98 102 101 96 95 101 98 101 95 92 89 86 83 85 90 89 86 87 77 75 73 78 81 72 69 69 69 68 68 71 79 71 71 77 84 82 81 91 125 121 106 113 138 144 132 117 123 114 93 94 93 91 91
66 68 71 72 73 73 74 73 71 73 74 74 74 74 76 76 76 77 78 80 81 85 86 93 95 91 92 90 94 95 94 94 94 94 95 95 100 102 101 102 97 98 99 98 102 99 97 98 95 97 103 105 104 98 85 85 85 92 92 103 95 79 85 94 87 85 76 69 70 73 71 70 69 74 82 78 82 93 -999 83 117 124 138 109 125 133 132 122 116 111 98 95 98 93 91 91
69 71 73 74 75 75 73 74 72 73 74 74 73 75 76 76 77 78 81 83 85 85 86 91 95 92 95 94 93 96 94 95 95 97 101 99 100 103 101 97 96 99 102 105 106 105 105 106 106 100 104 111 117 102 92 86 85 85 86 93 95 80 97 96 83 90 76 70 71 77 72 69 70 79 97 88 85 105 -999 110 134 120 117 107 126 130 130 124 116 108 99 107 104 112 97 91
71 71 74 75 76 74 74 75 74 73 75 75 75 76 76 77 78 78 81 84 91 102 104 107 102 95 99 100 98 101 99 109 113 111 106 112 112 107 103 99 95 100 111 120 117 115 123 116 104 102 103 103 110 105 92 87 87 91 99 95 93 79 82 89 96 90 74 69 68 72 70 68 66 75 96 87 -999 -999 -999 124 123 113 102 116 141 152 138 126 112 101 101 112 121 115 103 95
72 72 75 76 76 75 77 75 77 77 76 77 74 74 75 77 79 79 82 96 103 114 114 110 101 96 101 101 101 101 112 124 126 113 109 119 125 124 109 103 97 99 108 110 110 121 113 108 113 109 99 110 105 112 99 87 87 92 110 118 101 83 88 100 81 83 70 78 92 79 83 66 66 72 77 -999 -999 -999 -999 136 122 104 115 117 131 152 146 123 113 98 98 111 116 116 112 107
73 74 76 77 76 76 75 76 75 76 75 75 74 75 75 77 79 80 92 95 111 102 112 105 101 99 103 103 104 105 123 123 133 128 119 125 127 119 121 106 101 99 99 99 106 110 125 111 117 112 98 111 115 111 101 88 87 89 94 109 88 91 88 94 96 92 71 81 102 92 79 71 66 72 101 -999 -999 -999 -999 -999 124 105 130 140 141 146 134 119 103 100 106 125 121 119 116 110
74 75 76 77 81 83 78 82 79 77 75 76 75 75 77 76 78 80 90 91 97 105 113 108 103 102 105 108 111 110 109 109 108 125 127 137 125 126 121 114 109 104 100 105 114 119 130 122 114 119 101 98 96 94 93 90 87 86 85 94 95 99 93 100 90 87 86 71 93 89 76 70 64 72 -999 -999 -999 -999 -999 -999 -999 -999 118 122 137 131 132 106 125 105 103 116 110 109 109 107
76 76 75 77 79 79 78 82 85 81 77 76 76 76 76 77 77 80 95 102 102 104 114 117 106 104 106 110 114 112 119 122 122 119 123 141 146 127 130 122 119 112 105 102 110 109 114 120 116 116 120 100 96 111 101 106 93 82 79 80 89 88 98 90 83 84 76 76 93 87 89 89 64 65 -999 -999 -999 -999 -999 -999 -999 -999 -999 -999 -999 -999 -999 -999 -999 121 101 102 101 103 100 96
76 76 75 77 79 79 80 84 84 78 77 77 77 77 77 76 77 85 93 106 116 106 108 109 105 104 106 109 111 113 125 121 128 124 125 135 139 139 131 142 141 121 108 104 103 102 103 118 127 118 125 109 113 131 104 126 103 86 82 74 81 81 88 83 82 79 78 80 88 84 90 89 66 66 -999 -999 -999 -999 -999 -999 -999 -999 -999 -999 -999 -999 -999 -999 -999 -999 -999 -999 -999 98 97 98
77 76 74 77 78 79 85 81 80 77 77 77 77 77 77 77 83 93 93 98 101 116 114 111 110 115 106 109 109 111 117 134 139 141 154 137 133 130 153 165 147 127 108 102 112 117 104 118 132 123 135 116 121 133 123 122 104 89 83 79 75 74 80 88 90 75 76 68 67 72 79 73 80 67 -999 -999 -999 -999 -999 -999 -999 -999 -999 -999 -999 -999 -999 -999 -999 -999 -999 -999 -999 -999 103 106
76 75 74 75 77 77 77 76 77 78 77 77 77 76 77 80 92 104 101 105 109 111 122 110 118 128 109 107 106 109 117 128 132 135 139 139 131 136 170 147 132 119 113 122 121 152 124 126 138 126 120 114 117 131 133 124 110 95 90 111 104 81 80 102 93 86 90 83 70 64 69 67 70 71 72 -999 -999 -999 -999 -999 -999 -999 -999 -999 -999 -999 -999 -999 -999 -999 -999 -999 -999 -999 111 112
75 76 73 74 71 71 79 78 79 80 79 78 77 75 77 87 95 106 103 112 113 121 116 122 125 133 124 108 103 105 109 113 119 128 139 150 130 149 161 148 133 119 127 143 148 146 134 114 119 131 127 113 116 121 137 133 140 117 87 90 104 83 94 109 113 103 100 96 83 68 68 79 72 71 72 71 71 -999 -999 -999 -999 -999 -999 -999 -999 -999 -999 -999 -999 -999 -999 -999 -999 -999 -999 -999
73 72 71 70 75 76 79 82 79 81 81 79 80 79 86 100 117 114 116 125 125 139 141 135 126 126 121 104 103 103 109 119 134 139 151 138 127 146 146 148 128 120 140 147 158 148 140 117 114 121 138 117 106 115 138 136 133 122 116 109 99 84 108 123 110 105 91 85 86 75 85 90 81 73 72 71 72 -999 -999 -999 -999 -999 -999 -999 -999 -999 -999 -999 -999 -999 -999 -999 -999 -999 -999 -999
73 72 72 70 72 76 85 86 82 84 85 84 81 88 99 117 125 110 116 121 132 126 130 118 111 109 106 104 103 102 107 113 132 151 144 140 129 140 131 140 126 121 136 147 158 153 149 131 122 114 123 122 111 113 119 122 129 122 115 98 95 81 105 118 111 103 98 71 77 73 71 70 77 73 71 71 73 -999 -999 -999 -999 -999 -999 -999 -999 -999 -999 -999 -999 -999 -999 -999 -999 -999 -999 -999
74 73 72 72 71 85 90 87 87 87 90 89 92 109 109 117 113 112 107 122 117 121 107 109 114 108 116 111 108 102 106 113 126 150 146 150 135 130 122 142 142 121 129 137 143 158 143 121 124 110 108 113 101 114 113 117 123 102 99 99 95 82 92 100 99 97 99 86 85 73 76 77 76 81 75 72 71 -999 -999 -999 -999 -999 -999 -999 -999 -999 -999 -999 -999 -999 -999 -999 -999 -999 -999 -999
76 75 74 75 79 93 102 93 88 90 94 93 105 123 119 128 121 108 104 114 126 118 108 101 94 96 98 100 101 106 105 112 124 131 132 137 147 140 128 123 120 125 127 136 122 135 134 125 117 113 118 114 104 97 105 107 112 111 106 91 93 93 -999 -999 90 112 100 100 93 94 88 69 67 72 75 -999 -999 -999 -999 -999 -999 -999 -999 -999 -999 -999 -999 -999 -999 -999 -999 -999 -999 -999 -999 -999
76 76 76 80 89 99 111 102 97 98 94 104 114 129 113 118 108 109 109 101 101 94 100 95 94 101 109 111 118 125 109 109 116 122 137 140 126 127 125 134 134 135 128 133 141 121 131 124 133 116 136 110 115 97 108 105 131 109 102 105 -999 -999 -999 -999 -999 -999 -999 -999 -999 -999 -999 -999 -999 -999 -999 -999 -999 -999 -999 -999 -999 -999 -999 -999 -999 -999 -999 -999 -999 -999 -999 -999 -999 -999 -999 -999
77 77 77 81 95 101 111 125 117 117 111 118 116 111 109 112 116 100 98 102 100 105 109 94 94 111 110 114 125 111 104 126 142 129 125 116 111 117 116 132 139 146 124 128 138 136 116 124 112 135 137 134 120 104 108 125 -999 -999 -999 -999 -999 -999 -999 -999 -999 -999 -999 -999 -999 -999 -999 -999 -999 -999 -999 -999 -999 -999 -999 -999 -999 -999 -999 -999 -999 -999 -999 -999 -999 -999 -999 -999 -999 -999 -999 -999
77 80 89 105 117 117 125 139 121 136 133 115 104 103 102 106 99 98 98 95 93 93 93 93 97 104 114 124 109 102 117 142 132 130 125 120 126 134 118 147 154 146 147 140 153 141 133 124 127 120 129 -999 -999 -999 -999 -999 -999 -999 -999 -999 -999 -999 -999 -999 -999 -999 -999 -999 -999 -999 -999 -999 -999 -999 -999 -999 -999 -999 -999 -999 -999 -999 -999 -999 -999 -999 -999 -999 -999 -999 -999 -999 -999 -999 -999 -999
77 85 110 102 129 109 111 125 109 114 114 100 98 99 97 108 95 101 103 100 101 101 103 104 106 112 111 107 99 122 123 119 126 116 121 126 123 139 136 142 141 145 149 149 143 143 147 143 132 111 105 -999 -999 -999 -999 -999 -999 -999 -999 -999 -999 -999 -999 -999 -999 -999 -999 -999 -999 -999 -999 -999 -999 -999 -999 -999 -999 -999 -999 -999 -999 -999 -999 -999 -999 -999 -999 -999 -999 -999 -999 -999 -999 -999 -999 -999
77 81 87 89 97 106 106 116 109 99 96 97 96 96 94 93 93 111 124 120 117 134 117 108 109 101 117 105 101 101 108 111 122 120 -999 -999 139 144 145 -999 -999 -999 -999 -999 -999 -999 -999 -999 -999 -999 -999 -999 -999 -999 -999 -999 -999 -999 -999 -999 -999 -999 -999 -999 -999 -999 -999 -999 -999 -999 -999 -999 -999 -999 -999 -999 -999 -999 -999 -999 -999 -999 -999 -999 -999 -999 -999 -999 -999 -999 -999 -999 -999 -999 -999 -999
80 94 90 91 95 94 101 112 109 94 99 96 95 95 96 101 98 104 118 113 116 105 112 109 123 117 100 98 109 106 112 121 119 -999 -999 -999 -999 -999 -999 -999 -999 -999 -999 -999 -999 -999 -999 -999 -999 -999 -999 -999 -999 -999 -999 -999 -999 -999 -999 -999 -999 -999 -999 -999 -999 -999 -999 -999 -999 -999 -999 -999 -999 -999 -999 -999 -999 -999 -999 -999 -999 -999 -999 -999 -999 -999 -999 -999 -999 -999 -999 -999 -999 -999 -999 -999
93 94 119 101 104 109 109 97 104 99 95 94 93 106 119 104 116 112 115 117 112 107 101 97 96 97 98 98 106 124 136 112 -999 -999 -999 -999 -999 -999 -999 -999 -999 -999 -999 -999 -999 -999 -999 -999 -999 -999 -999 -999 -999 -999 -999 -999 -999 -999 -999 -999 -999 -999 -999 -999 -999 -999 -999 -999 -999 -999 -999 -999 -999 -999 -999 -999 -999 -999 -999 -999 -999 -999 -999 -999 -999 -999 -999 -999 -999 -999 -999 -999 -999 -999 -999 -999
111 112 119 115 109 142 125 108 94 106 101 98 109 117 103 111 113 110 101 95 95 95 96 98 104 109 104 101 119 144 114 -999 -999 -999 -999 -999 -999 -999 -999 -999 -999 -999 -999 -999 -999 -999 -999 -999 -999 -999 -999 -999 -999 -999 -999 -999 -999 -999 -999 -999 -999 -999 -999 -999 -999 -999 -999 -999 -999 -999 -999 -999 -999 -999 -999 -999 -999 -999 -999 -999 -999 -999 -999 -999 -999 -999 -999 -999 -999 -999 -999 -999 -999 -999 -999 -999
132 136 130 135 126 124 118 105 100 105 107 106 109 101 95 93 93 95 97 96 96 106 124 131 115 107 101 112 145 149 150 -999 -999 -999 -999 -999 -999 -999 -999 -999 -999 -999 -999 -999 -999 -999 -999 -999 -999 -999 -999 -999 -999 -999 -999 -999 -999 -999 -999 -999 -999 -999 -999 -999 -999 -999 -999 -999 -999 -999 -999 -999 -999 -999 -999 -999 -999 -999 -999 -999 -999 -999 -999 -999 -999 -999 -999 -999 -999 -999 -999 -999 -999 -999 -999 -999
145 130 134 125 122 112 106 94 94 107 111 111 111 92 96 109 122 125 107 94 109 136 131 108 108 119 115 107 118 134 124 -999 -999 -999 -999 -999 -999 -999 -999 -999 -999 -999 -999 -999 -999 -999 -999 -999 -999 -999 -999 -999 -999 -999 -999 -999 -999 -999 -999 -999 -999 -999 -999 -999 -999 -999 -999 -999 -999 -999 -999 -999 -999 -999 -999 -999 -999 -999 -999 -999 -999 -999 -999 -999 -999 -999 -999 -999 -999 -999 -999 -999 -999 -999 -999 -999
125 124 117 114 117 104 100 91 94 101 102 93 90 111 117 125 109 98 108 97 116 129 120 123 116 143 117 118 101 110 -999 -999 -999 -999 -999 -999 -999 -999 -999 -999 -999 -999 -999 -999 -999 -999 -999 -999 -999 -999 -999 -999 -999 -999 -999 -999 -999 -999 -999 -999 -999 -999 -999 -999 -999 -999 -999 -999 -999 -999 -999 -999 -999 -999 -999 -999 -999 -999 -999 -999 -999 -999 -999 -999 -999 -999 -999 -999 -999 -999 -999 -999 -999 -999 -999 -999
112 114 102 104 105 97 102 86 89 86 85 95 99 134 111 105 111 125 105 95 116 134 128 136 113 138 115 125 129 118 -999 -999 -999 -999 -999 -999 -999 -999 -999 -999 -999 -999 -999 -999 -999 -999 -999 -999 -999 -999 -999 -999 -999 -999 -999 -999 -999 -999 -999 -999 -999 -999 -999 -999 -999 -999 -999 -999 -999 -999 -999 -999 -999 -999 -999 -999 -999 -999 -999 -999 -999 -999 -999 -999 -999 -999 -999 -999 -999 -999 -999 -999 -999 -999 -999 -999
104 98 94 96 95 90 85 81 80 83 91 105 117 108 106 117 136 121 103 -999 -999 132 148 152 112 139 135 137 144 -999 -999 -999 -999 -999 -999 -999 -999 -999 -999 -999 -999 -999 -999 -999 -999 -999 -999 -999 -999 -999 -999 -999 -999 -999 -999 -999 -999 -999 -999 -999 -999 -999 -999 -999 -999 -999 -999 -999 -999 -999 -999 -999 -999 -999 -999 -999 -999 -999 -999 -999 -999 -999 -999 -999 -999 -999 -999 -999 -999 -999 -999 -999 -999 -999 -999 -999
118 110 98 96 89 79 75 73 77 86 91 123 119 120 122 141 131 104 -999 -999 -999 -999 -999 -999 -999 -999 -999 -999 -999 -999 -999 -999 -999 -999 -999 -999 -999 -999 -999 -999 -999 -999 -999 -999 -999 -999 -999 -999 -999 -999 -999 -999 -999 -999 -999 -999 -999 -999 -999 -999 -999 -999 -999 -999 -999 -999 -999 -999 -999 -999 -999 -999 -999 -999 -999 -999 -999 -999 -999 -999 -999 -999 -999 -999 -999 -999 -999 -999 -999 -999 -999 -999 -999 -999 -999 -999
103 98 107 95 81 77 72 66 83 100 104 132 111 137 138 137 117 -999 -999 -999 -999 -999 -999 -999 -999 -999 -999 -999 -999 -999 -999 -999 -999 -999 -999 -999 -999 -999 -999 -999 -999 -999 -999 -999 -999 -999 -999 -999 -999 -999 -999 -999 -999 -999 -999 -999 -999 -999 -999 -999 -999 -999 -999 -999 -999 -999 -999 -999 -999 -999 -999 -999 -999 -999 -999 -999 -999 -999 -999 -999 -999 -999 -999 -999 -999 -999 -999 -999 -999 -999 -999 -999 -999 -999 -999 -999
90 91 86 83 82 77 77 72 86 111 112 133 121 141 120 108 -999 -999 -999 -999 -999 -999 -999 -999 -999 -999 -999 -999 -999 -999 -999 -999 -999 -999 -999 -999 -999 -999 -999 -999 -999 -999 -999 -999 -999 -999 -999 -999 -999 -999 -999 -999 -999 -999 -999 -999 -999 -999 -999 -999 -999 -999 -999 -999 -999 -999 -999 -999 -999 -999 -999 -999 -999 -999 -999 -999 -999 -999 -999 -999 -999 -999 -999 -999 -999 -999 -999 -999 -999 -999 -999 -999 -999 -999 -999 -999
88 89 91 81 84 81 82 78 87 126 115 142 140 138 113 109 -999 -999 -999 -999 -999 -999 -999 -999 -999 -999 -999 -999 -999 -999 -999 -999 -999 -999 -999 -999 -999 -999 -999 -999 -999 -999 -999 -999 -999 -999 -999 -999 -999 -999 -999 -999 -999 -999 -999 -999 -999 -999 -999 -999 -999 -999 -999 -999 -999 -999 -999 -999 -999 -999 -999 -999 -999 -999 -999 -999 -999 -999 -999 -999 -999 -999 -999 -999 -999 -999 -999 -999 -999 -999 -999 -999 -999 -999 -999 -999
97 94 92 85 81 80 81 77 86 96 108 126 137 112 99 101 -999 -999 -999 -999 -999 -999 -999 -999 -999 -999 -999 -999 -999 -999 -999 -999 -999 -999 -999 -999 -999 -999 -999 -999 -999 -999 -999 -999 -999 -999 -999 -999 -999 -999 -999 -999 -999 -999 -999 -999 -999 -999 -999 -999 -999 -999 -999 -999 -999 -999 -999 -999 -999 -999 -999 -999 -999 -999 -999 -999 -999 -999 -999 -999 -999 -999 -999 -999 -999 -999 -999 -999 -999 -999 -999 -999 -999 -999 -999 -999
84 92 88 88 89 83 81 78 92 108 105 106 113 123 107 116 114 -999 -999 -999 -999 -999 -999 -999 -999 -999 -999 -999 -999 -999 -999 -999 -999 -999 -999 -999 -999 -999 -999 -999 -999 -999 -999 -999 -999 -999 -999 -999 -999 -999 -999 -999 -999 -999 -999 -999 -999 -999 -999 -999 -999 -999 -999 -999 -999 -999 -999 -999 -999 -999 -999 -999 -999 -999 -999 -999 -999 -999 -999 -999 -999 -999 -999 -999 -999 -999 -999 -999 -999 -999 -999 -999 -999 -999 -999 -999
85 98 98 98 92 85 80 79 108 111 126 124 126 135 117 128 141 142 -999 -999 -999 -999 -999 -999 -999 -999 -999 -999 -999 -999 -999 -999 -999 -999 -999 -999 -999 -999 -999 -999 -999 -999 -999 -999 -999 -999 -999 -999 -999 -999 -999 -999 -999 -999 -999 -999 -999 -999 -999 -999 -999 -999 -999 -999 -999 -999 -999 -999 -999 -999 -999 -999 -999 -999 -999 -999 -999 -999 -999 -999 -999 -999 -999 -999 -999 -999 -999 -999 -999 -999 -999 -999 -999 -999 -999 -999
92 90 101 101 91 85 78 89 95 103 122 160 164 -999 -999 -999 -999 -999 -999 -999 -999 -999 -999 -999 -999 -999 -999 -999 -999 -999 -999 -999 -999 -999 -999 -999 -999 -999 -999 -999 -999 -999 -999 -999 -999 -999 -999 -999 -999 -999 -999 -999 -999 -999 -999 -999 -999 -999 -999 -999 -999 -999 -999 -999 -999 -999 -999 -999 -999 -999 -999 -999 -999 -999 -999 -999 -999 -999 -999 -999 -999 -999 -999 -999 -999 -999 -999 -999 -999 -999 -999 -999 -999 -999 -999 -999
94 89 88 87 85 78 78 94 125 113 141 -999 -999 -999 -999 -999 -999 -999 -999 -999 -999 -999 -999 -999 -999 -999 -999 -999 -999 -999 -999 -999 -999 -999 -999 -999 -999 -999 -999 -999 -999 -999 -999 -999 -999 -999 -999 -999 -999 -999 -999 -999 -999 -999 -999 -999 -999 -999 -999 -999 -999 -999 -999 -999 -999 -999 -999 -999 -999 -999 -999 -999 -999 -999 -999 -999 -999 -999 -999 -999 -999 -999 -999 -999 -999 -999 -999 -999 -999 -999 -999 -999 -999 -999 -999 -999
123 -999 -999 -999 -999 78 82 119 140 138 -999 -999 -999 -999 -999 -999 -999 -999 -999 -999 -999 -999 -999 -999 -999 -999 -999 -999 -999 -999 -999 -999 -999 -999 -999 -999 -999 -999 -999 -999 -999 -999 -999 -999 -999 -999 -999 -999 -999 -999 -999 -999 -999 -999 -999 -999 -999 -999 -999 -999 -999 -999 -999 -999 -999 -999 -999 -999 -999 -999 -999 -999 -999 -999 -999 -999 -999 -999 -999 -999 -999 -999 -999 -999 -999 -999 -999 -999 -999 -999 -999 -999 -999 -999 -999 -999
-999 -999 -999 -999 -999 77 92 122 -999 -999 -999 -999 -999 -999 -999 -999 -999 -999 -999 -999 -999 -999 -999 -999 -999 -999 -999 -999 -999 -999 -999 -999 -999 -999 -999 -999 -999 -999 -999 -999 -999 -999 -999 -999 -999 -999 -999 -999 -999 -999 -999 -999 -999 -999 -999 -999 -999 -999 -999 -999 -999 -999 -999 -999 -999 -999 -999 -999 -999 -999 -999 -999 -999 -999 -999 -999 -999 -999 -999 -999 -999 -999 -999 -999 -999 -999 -999 -999 -999 -999 -999 -999 -999 -999 -999 -999
-999 -999 -999 -999 92 77 87 122 -999 -999 -999 -999 -999 -999 -999 -999 -999 -999 -999 -999 -999 -999 -999 -999 -999 -999 -999 -999 -999 -999 -999 -999 -999 -999 -999 -999 -999 -999 -999 -999 -999 -999 -999 -999 -999 -999 -999 -999 -999 -999 -999 -999 -999 -999 -999 -999 -999 -999 -999 -999 -999 -999 -999 -999 -999 -999 -999 -999 -999 -999 -999 -999 -999 -999 -999 -999 -999 -999 -999 -999 -999 -999 -999 -999 -999 -999 -999 -999 -999 -999 -999 -999 -999 -999 -999 -999
-999 -999 -999 113 86 77 92 128 -999 -999 -999 -999 -999 -999 -999 -999 -999 -999 -999 -999 -999 -999 -999 -999 -999 -999 -999 -999 -999 -999 -999 -999 -999 -999 -999 -999 -999 -999 -999 -999 -999 -999 -999 -999 -999 -999 -999 -999 -999 -999 -999 -999 -999 -999 -999 -999 -999 -999 -999 -999 -999 -999 -999 -999 -999 -999 -999 -999 -999 -999 -999 -999 -999 -999 -999 -999 -999 -999 -999 -999 -999 -999 -999 -999 -999 -999 -999 -999 -999 -999 -999 -999 -999 -999 -999 -999
