grids/precipitation/nov/RSMS_11_1882_01.asc
NCOLS 654
NROWS 866
XLLCORNER 3280414.711633467
YLLCORNER 5237500.62890625
CELLSIZE 1000
NODATA_VALUE -999
[rows 752 to 798 of 866, columns 384 to 479 of 654]
116 117 116 115 117 114 117 118 117 118 115 110 109 108 103 99 97 97 96 97 97 97 96 94 93 93 92 91 92 93 93 94 94 95 95 97 97 97 96 94 94 94 94 95 95 95 95 97 99 99 98 102 104 104 102 101 101 105 111 114 111 111 115 118 118 118 123 116 116 123 121 116 116 118 115 111 113 113 110 111 109 104 102 95 97 97 100 104 106 106 109 111 111 111 108 109
118 115 114 115 117 116 115 117 118 115 111 107 104 103 101 98 97 97 95 98 97 96 97 95 94 94 92 92 91 93 93 93 94 94 95 95 96 96 95 94 94 94 94 93 95 95 95 98 100 101 99 101 103 101 100 101 103 105 110 112 111 111 121 124 124 124 122 125 119 120 117 124 119 125 116 119 117 111 110 112 107 111 102 104 102 102 103 104 106 107 110 110 111 106 107 108
117 114 113 111 114 113 112 113 110 109 108 103 103 102 101 98 95 95 95 96 97 97 96 95 94 94 93 92 92 92 92 92 92 93 94 94 94 95 95 94 93 93 94 94 95 96 98 99 103 104 99 102 101 102 101 102 106 106 110 115 113 112 116 123 125 118 124 120 126 119 122 124 127 124 122 114 112 116 113 113 108 112 110 103 105 105 107 105 107 109 109 110 109 110 109 109
118 112 108 108 113 111 110 110 109 108 105 102 103 101 100 98 97 93 95 96 95 95 94 93 92 92 92 91 92 92 93 92 92 93 92 93 93 95 95 94 94 94 95 96 96 95 99 101 103 102 100 102 104 102 104 105 107 109 111 118 114 115 115 118 122 119 122 128 121 125 123 123 127 125 118 123 120 119 117 118 109 112 111 111 108 113 116 110 111 110 111 111 111 110 107 109
118 112 109 110 112 111 109 109 108 107 104 103 102 101 100 97 97 97 95 95 95 94 93 92 91 91 91 92 92 92 93 92 92 92 93 92 92 94 94 95 95 95 94 95 96 98 99 101 103 102 101 101 104 105 107 107 109 109 114 118 114 119 118 122 122 120 123 126 119 129 129 129 124 124 126 123 116 123 123 115 119 115 118 120 117 117 110 111 110 110 107 106 109 107 104 107
116 117 112 112 109 108 108 109 107 106 103 102 101 100 98 97 97 95 95 94 94 93 92 91 91 92 92 92 92 91 90 91 91 92 92 94 93 93 93 93 94 95 94 95 97 98 101 102 102 99 100 102 101 105 106 106 108 111 113 117 115 122 117 121 123 121 126 125 120 122 127 130 128 127 123 124 122 122 121 116 116 120 114 118 114 109 111 111 108 108 106 109 107 109 109 113
118 113 113 112 111 110 107 107 106 105 103 102 101 99 98 97 95 94 94 94 92 92 93 92 92 92 92 91 91 91 90 91 91 92 92 92 93 94 94 94 95 95 96 96 98 100 101 102 101 100 101 103 105 106 106 107 109 112 115 116 116 120 121 118 120 124 129 127 122 123 126 129 124 124 118 120 120 117 123 115 119 122 121 118 109 108 112 114 109 109 108 108 113 112 114 113
120 117 114 113 112 111 110 106 105 104 102 101 100 99 97 97 96 95 95 93 93 92 92 90 90 91 91 90 89 89 90 88 88 90 91 92 93 94 95 95 95 94 95 97 99 101 102 102 102 103 102 104 106 106 107 107 110 112 117 117 117 116 119 116 119 122 125 121 126 125 127 127 125 122 123 126 126 123 118 116 119 121 117 119 107 105 111 115 109 110 111 114 114 115 113 112
121 120 115 113 113 112 110 105 104 104 101 100 100 99 98 96 95 96 95 93 92 92 91 90 89 89 88 89 89 89 89 89 89 89 90 94 94 95 95 94 94 95 96 98 99 100 101 102 103 102 105 105 105 105 106 109 109 111 116 118 116 116 116 123 120 123 127 127 125 125 126 128 128 123 125 124 119 119 115 115 117 122 123 110 103 103 105 109 109 115 112 114 114 114 113 115
122 120 118 115 112 111 110 108 106 105 105 102 101 98 99 97 97 95 94 94 93 92 92 91 91 90 89 88 88 87 87 87 88 90 91 91 92 93 94 95 94 95 96 98 98 102 103 101 105 102 102 105 105 108 109 109 109 109 116 117 116 118 116 122 126 129 129 126 121 121 122 120 120 118 118 118 115 120 116 116 112 107 105 104 102 105 105 105 120 115 114 114 116 114 116 116
125 122 118 116 113 111 111 110 108 107 104 104 102 100 99 97 96 94 94 95 94 93 93 93 92 89 88 86 86 84 86 88 90 89 90 92 94 94 95 93 95 96 97 99 101 104 104 103 105 103 104 104 106 106 108 109 110 112 114 117 121 117 116 120 122 126 127 126 122 123 121 120 120 117 118 118 116 116 118 119 113 103 103 103 107 106 113 114 117 116 117 114 115 114 114 114
121 119 116 114 113 112 112 115 111 109 104 105 104 101 99 96 95 94 93 94 93 93 93 93 93 94 88 85 83 82 86 88 90 92 92 93 93 94 94 95 96 96 98 100 102 106 104 104 105 105 105 103 105 107 107 111 113 112 113 117 122 117 120 123 125 126 125 125 122 122 122 118 116 119 120 117 117 116 111 106 107 106 106 104 110 106 111 113 119 116 116 117 115 117 117 117
120 118 115 115 114 115 114 113 113 111 108 105 104 103 100 95 94 94 93 93 93 93 93 93 93 93 91 84 81 81 85 88 90 91 92 94 94 94 94 95 95 96 98 102 102 104 104 106 107 107 107 107 108 108 109 111 113 113 113 115 118 120 122 124 127 126 122 123 122 122 119 117 116 118 116 113 122 117 112 108 110 107 108 104 109 110 110 113 117 114 117 113 115 115 115 119
119 116 118 120 118 117 118 115 113 112 108 108 105 104 101 99 96 95 94 95 93 94 94 93 94 93 95 86 78 82 86 88 89 90 94 94 94 93 95 96 96 97 101 103 103 105 108 107 106 107 108 108 108 108 110 112 112 112 112 114 114 119 125 124 122 124 122 122 119 121 118 113 117 116 116 112 113 107 116 116 108 115 113 112 111 109 110 113 115 108 112 115 116 118 119 120
119 123 121 120 118 115 116 111 111 112 110 107 106 104 103 99 98 96 95 95 96 96 96 93 92 93 93 88 83 84 88 88 92 93 92 92 93 93 94 94 96 98 101 101 104 105 111 110 108 109 110 110 110 110 111 111 113 114 114 114 116 121 122 123 123 121 121 121 119 119 118 112 113 113 113 114 112 112 114 116 114 116 115 112 110 107 104 106 112 107 109 113 116 115 108 117
125 124 123 119 117 114 113 112 112 113 109 108 109 107 104 102 100 98 97 96 96 96 96 96 94 91 91 89 90 89 90 91 93 93 92 92 93 92 94 94 94 97 100 103 105 106 107 108 108 108 109 109 112 111 111 111 111 113 115 116 118 119 119 119 118 120 123 120 117 117 115 113 112 111 110 114 113 112 112 118 118 116 116 109 111 108 108 107 105 106 107 113 113 115 116 115
124 124 119 118 115 114 115 114 115 111 110 108 107 106 105 103 101 101 99 98 98 98 96 95 94 92 91 90 90 90 92 93 94 94 94 93 92 93 94 96 96 98 103 106 106 109 108 109 109 109 110 112 112 112 111 112 112 114 114 119 115 115 118 122 121 119 121 118 116 116 114 111 111 110 112 112 104 108 106 114 120 118 113 114 111 117 116 109 106 108 110 114 114 109 113 117
122 123 117 116 115 115 116 115 113 110 111 111 109 109 107 104 102 101 101 100 98 98 97 96 94 92 92 92 91 92 94 95 94 94 94 94 93 94 96 96 96 98 103 106 108 110 112 112 112 112 112 111 111 111 112 112 114 113 113 115 112 113 117 118 122 117 116 119 115 115 112 111 111 111 112 111 105 111 109 112 114 113 114 113 115 112 117 115 108 109 110 113 112 109 113 116
124 121 117 117 115 115 116 117 112 111 112 111 109 110 108 107 104 103 103 101 100 99 98 98 97 94 94 94 94 95 95 97 97 97 96 96 95 97 97 99 100 102 106 108 111 115 115 114 114 113 115 112 112 112 112 112 115 114 114 111 112 116 113 115 113 113 113 113 113 112 112 111 111 111 115 109 107 108 111 113 111 115 113 113 122 122 122 116 113 112 112 113 112 108 109 116
121 123 118 118 118 115 113 114 113 111 112 112 111 110 108 106 106 106 104 104 104 103 101 100 99 99 96 98 98 97 97 97 98 98 99 99 100 99 99 101 103 104 107 112 112 116 116 116 115 114 112 112 112 112 111 111 113 112 113 115 113 113 113 112 112 112 112 112 111 109 110 109 109 109 112 109 110 111 112 108 109 110 115 112 117 118 130 123 121 116 114 114 115 112 113 115
121 119 118 119 118 117 115 113 114 112 111 113 113 112 111 108 107 107 106 104 104 104 102 101 101 99 99 99 98 98 98 98 98 98 99 101 101 101 101 103 103 105 109 112 114 116 119 116 115 115 114 112 114 112 111 106 103 104 106 109 111 112 112 109 109 109 109 109 109 109 109 109 107 107 111 106 109 111 109 109 109 112 113 114 116 121 126 122 120 120 118 114 116 115 116 116
121 119 120 119 119 118 115 113 112 113 112 113 113 113 108 109 108 107 106 106 104 105 104 102 101 99 102 100 100 99 100 99 99 99 101 101 101 103 103 103 105 105 110 113 114 116 119 118 116 116 115 112 112 112 110 109 106 108 110 113 112 113 112 109 107 107 108 109 108 107 107 106 107 107 110 110 109 106 110 107 109 112 115 113 115 119 119 119 119 122 120 114 117 116 116 117
121 118 119 117 116 114 116 115 114 115 114 113 114 110 112 111 110 110 110 108 107 107 105 104 104 100 103 102 102 102 102 101 101 101 101 101 104 104 104 105 106 107 111 113 113 117 117 117 116 118 119 114 112 111 111 108 106 104 114 111 113 117 114 109 105 105 107 107 105 106 104 104 104 107 106 106 106 109 109 107 110 111 112 112 112 117 116 119 121 120 119 120 118 117 117 117
118 116 115 115 114 113 114 113 114 113 114 115 114 110 112 112 112 111 110 110 111 109 109 108 107 106 105 104 104 104 104 104 105 104 104 104 104 104 106 107 110 111 113 115 116 116 119 119 119 119 119 116 112 113 109 109 107 107 110 111 116 114 114 108 104 104 105 103 104 102 103 102 101 104 100 113 109 107 107 109 110 107 112 113 111 117 117 119 120 121 123 122 122 122 122 120
116 116 115 111 114 115 116 115 116 116 114 115 113 115 115 114 112 112 111 112 112 112 110 108 108 107 106 104 104 104 104 105 105 105 104 105 105 105 107 108 108 110 111 116 116 118 119 119 119 117 116 116 115 115 112 110 108 107 111 113 112 113 111 105 103 103 104 103 103 104 102 101 102 99 102 107 108 108 108 106 107 104 112 110 110 114 119 120 119 122 122 124 122 123 122 123
116 110 109 109 117 114 114 113 114 114 116 117 116 117 117 114 113 115 114 114 113 112 112 106 109 108 107 107 105 105 105 105 106 106 107 105 105 107 108 108 110 111 115 116 116 119 119 119 122 116 113 115 113 110 111 111 110 108 112 111 112 111 108 106 102 102 101 104 102 99 99 99 99 98 102 104 107 107 105 105 107 110 109 109 112 116 119 121 122 122 125 125 126 124 123 124
108 105 105 108 113 112 117 117 118 117 118 121 121 122 118 116 115 116 116 114 114 113 113 111 111 109 108 108 107 107 106 106 107 107 107 107 109 109 109 109 110 112 115 116 119 122 122 122 118 118 112 112 112 113 114 112 112 107 107 111 110 111 106 103 101 101 101 102 101 100 97 97 97 98 101 101 104 106 106 107 107 109 109 109 115 115 122 122 122 124 125 126 126 126 125 126
107 110 108 108 110 117 120 119 120 120 120 121 117 122 119 119 117 116 118 117 117 117 107 113 113 112 109 109 109 107 108 110 109 109 110 110 111 110 109 109 110 110 115 118 121 125 124 122 118 118 113 116 113 111 112 112 111 107 105 108 109 108 106 102 100 100 102 101 100 100 97 95 95 96 98 102 102 102 104 105 107 107 107 111 116 120 124 123 123 122 124 126 126 127 127 130
112 112 111 114 114 117 122 121 121 122 123 118 117 116 121 119 119 119 119 120 117 111 116 115 113 113 112 110 109 109 110 110 110 110 110 111 112 112 110 109 110 112 115 119 121 122 122 119 118 115 115 113 119 111 110 113 114 110 104 103 106 106 102 101 99 99 102 101 98 97 96 95 95 96 99 101 99 99 102 105 107 108 108 113 118 122 123 123 124 122 123 126 126 126 127 131
115 113 114 114 119 120 122 125 125 127 128 119 117 119 121 120 121 120 121 121 119 119 119 117 115 115 113 112 111 112 111 111 110 111 112 112 114 112 109 107 110 112 115 119 122 122 121 118 118 115 113 116 117 111 110 111 112 109 109 102 106 102 101 102 99 99 102 100 97 97 93 94 98 98 100 97 99 99 104 104 105 108 111 117 118 119 121 122 122 125 122 125 126 128 130 132
116 115 119 117 122 121 121 125 125 129 123 117 120 122 123 123 124 123 122 121 119 114 119 119 119 117 116 115 113 113 113 113 113 113 113 113 112 112 111 109 112 113 116 119 122 122 119 118 118 112 113 120 116 111 109 108 110 108 107 101 101 100 99 100 99 100 100 98 98 94 91 94 92 94 95 92 96 98 104 104 104 107 111 116 120 121 120 119 122 122 125 125 126 127 130 131
114 113 119 121 120 121 123 125 122 120 120 117 120 121 125 124 123 124 120 120 111 115 121 119 119 120 119 117 117 117 114 114 114 113 113 115 115 115 114 114 116 116 116 121 124 124 119 119 113 112 114 115 114 114 111 111 111 103 104 99 98 97 99 99 98 99 99 97 94 91 90 90 89 91 92 92 94 98 103 104 104 111 111 118 119 119 117 119 121 122 123 124 125 129 127 130
116 116 118 123 121 116 119 122 120 122 116 117 122 122 125 126 125 125 121 119 111 120 122 121 121 119 122 121 121 119 117 116 116 114 115 116 116 118 118 116 117 116 117 122 124 124 119 118 116 113 112 114 117 112 109 111 110 106 102 99 97 97 98 100 100 100 98 96 92 90 89 86 86 86 87 92 93 95 102 103 104 109 107 118 118 118 118 120 121 121 122 125 128 129 128 129
116 114 117 119 117 117 120 120 122 123 116 117 125 121 125 126 126 126 123 116 111 122 123 123 122 123 123 122 121 121 121 118 117 117 117 119 118 118 119 119 119 119 120 124 125 122 119 118 113 116 113 112 116 115 109 108 109 108 100 96 96 94 94 98 98 97 96 94 94 89 86 83 85 81 85 90 92 96 101 103 104 110 109 117 116 116 119 120 121 121 125 126 127 128 129 129
115 118 116 118 116 116 120 121 117 116 116 118 122 121 124 126 129 129 122 119 114 123 121 124 126 128 126 125 126 123 123 121 121 119 119 120 120 123 121 121 122 122 120 121 122 122 121 120 116 116 114 115 119 118 114 109 107 105 102 95 92 94 94 95 96 97 95 91 90 88 84 81 83 81 83 87 93 95 100 101 104 110 114 115 115 117 119 121 121 124 125 126 129 130 131 132
117 117 121 117 114 116 121 119 115 113 115 120 122 121 124 126 128 124 114 116 124 126 123 126 131 130 130 129 129 128 126 125 125 124 124 126 126 125 125 125 125 123 123 122 124 124 123 123 118 118 116 115 115 117 114 110 105 105 100 94 94 96 94 95 95 94 93 90 88 87 84 81 85 83 87 91 94 95 98 103 104 111 114 115 115 116 118 121 123 125 126 129 131 131 129 132
115 117 118 117 116 116 121 115 113 113 115 125 122 123 124 126 128 117 118 118 126 126 124 128 130 133 135 132 132 130 129 128 128 126 126 127 127 129 128 127 127 127 123 122 125 124 123 119 122 121 121 120 116 115 114 109 105 103 101 95 93 94 94 95 93 93 92 90 89 87 84 87 86 86 88 93 96 98 100 105 107 110 112 115 116 117 120 124 125 126 129 131 132 130 130 132
116 116 118 117 115 117 118 113 113 113 120 123 122 123 124 128 125 118 118 125 126 128 126 130 130 134 137 135 132 133 133 133 131 129 131 131 130 130 132 131 127 129 126 125 127 125 123 122 123 123 126 125 120 116 112 108 105 103 98 95 96 94 94 95 93 92 92 90 87 87 86 89 86 91 91 95 95 95 102 103 107 110 114 118 115 118 120 123 125 128 131 133 129 128 129 131
116 117 119 116 117 118 115 112 113 113 118 119 122 122 122 126 126 119 119 126 130 130 128 133 132 134 134 136 136 133 133 133 133 132 132 133 133 133 132 132 131 130 129 123 127 123 125 121 125 126 126 124 126 118 113 110 108 104 100 97 97 95 95 95 92 90 90 88 88 87 88 89 91 92 92 95 100 103 105 107 108 110 112 115 117 117 123 124 127 131 132 133 128 128 129 129
112 118 118 121 121 122 114 111 113 113 116 119 119 122 124 127 119 121 121 129 131 134 129 131 133 134 137 137 137 139 137 136 136 135 133 133 133 134 134 133 133 132 130 126 131 125 125 121 123 124 125 122 119 115 112 109 110 105 101 99 97 97 96 93 92 90 89 87 88 86 88 93 92 93 96 100 104 103 106 106 106 107 110 113 115 116 121 127 129 131 133 135 130 131 130 129
118 120 116 118 119 119 111 113 113 113 114 118 121 121 126 126 119 121 122 130 131 133 129 133 133 134 135 137 144 142 141 141 139 137 137 137 137 135 136 135 136 136 135 128 134 134 122 122 120 121 122 118 117 114 112 109 108 106 100 98 98 97 95 92 91 90 90 88 88 87 91 93 94 96 100 102 104 105 104 106 106 105 106 111 117 119 123 127 131 132 134 133 131 132 133 132
114 118 119 118 116 111 113 113 113 113 116 116 119 121 122 121 119 121 123 128 133 133 129 134 133 136 139 142 137 141 142 141 142 139 141 139 138 138 140 137 135 137 135 128 134 125 123 119 118 117 131 121 116 114 111 111 107 104 102 98 97 96 92 92 90 90 90 88 88 86 91 93 96 97 100 102 104 103 103 106 107 110 121 119 122 119 123 127 129 129 131 137 131 132 134 135
111 111 114 116 112 111 113 114 113 111 114 118 118 118 119 116 118 123 125 126 130 130 131 130 134 137 139 142 146 145 145 145 147 144 142 141 139 141 140 139 138 137 136 129 133 134 124 125 121 117 117 118 119 114 111 111 106 103 100 98 95 95 92 91 92 92 91 90 89 88 91 94 96 98 102 104 104 104 109 114 110 125 125 119 121 121 123 128 127 130 132 134 134 135 136 137
110 109 110 111 110 113 114 113 113 113 116 116 116 119 124 115 118 123 128 128 130 130 131 131 139 140 143 150 150 149 146 148 151 146 145 144 142 144 141 140 139 138 136 135 137 132 127 123 123 117 117 117 115 113 113 111 108 105 100 97 94 94 91 91 90 91 91 91 91 90 93 96 98 100 102 108 107 109 113 115 116 120 116 120 124 121 125 128 129 132 135 138 136 137 136 137
108 110 111 114 112 112 113 113 113 114 119 114 121 122 126 117 118 123 128 128 130 130 130 138 141 144 147 147 150 153 154 151 151 151 149 145 145 145 143 142 142 140 139 132 134 134 136 132 127 130 126 120 115 114 111 109 107 105 99 94 93 93 90 90 90 92 92 91 91 90 92 97 98 100 105 108 110 110 113 115 114 116 116 123 124 126 129 133 132 133 138 139 140 138 139 140
108 110 112 112 111 115 114 114 113 113 118 118 122 124 126 117 118 125 130 130 130 131 131 133 144 146 147 150 150 155 157 157 153 153 154 150 147 147 146 143 144 138 139 137 134 135 139 135 131 131 126 124 128 122 114 113 108 104 99 95 92 88 92 91 91 92 93 92 90 92 94 96 99 101 105 108 108 113 115 117 117 121 122 126 127 129 131 133 133 136 141 141 140 144 143 140
110 109 113 115 114 118 117 115 116 114 119 119 122 127 130 126 120 126 128 131 133 131 134 134 136 147 151 153 153 155 158 157 159 154 157 155 153 152 148 146 145 140 136 144 147 135 143 142 137 136 131 123 124 125 124 118 112 105 101 98 94 91 91 92 93 93 92 94 94 95 96 98 100 105 105 108 111 114 114 124 126 125 128 131 130 134 137 136 140 140 146 147 145 145 144 140
