grids/precipitation/nov/RSMS_11_1882_01.asc
NCOLS 654
NROWS 866
XLLCORNER 3280414.711633467
YLLCORNER 5237500.62890625
CELLSIZE 1000
NODATA_VALUE -999
[rows 188 to 234 of 866, columns 192 to 287 of 654]
85 87 86 86 87 87 87 86 86 88 90 90 90 89 90 92 91 92 93 94 93 93 94 93 92 92 92 93 94 93 93 91 93 91 91 92 92 92 94 95 96 96 96 94 96 93 90 90 90 90 91 93 93 93 94 94 96 96 96 94 94 94 95 95 95 95 95 95 95 95 96 95 93 93 94 91 92 92 96 99 102 104 105 106 107 109 108 109 111 108 110 107 102 99 95 93
84 84 85 85 87 87 87 86 86 86 87 89 90 90 90 92 91 91 93 92 93 93 93 92 92 92 92 93 93 93 91 93 94 92 91 92 92 92 93 95 96 98 96 94 94 93 91 90 90 91 92 93 93 94 94 96 96 96 95 94 94 94 95 95 95 95 95 95 95 94 96 95 93 92 92 92 91 94 96 99 99 102 105 103 106 106 107 111 109 115 114 110 102 101 97 94
84 84 84 85 85 86 86 86 85 86 87 87 89 90 92 93 91 91 92 92 93 93 93 93 93 93 93 93 93 91 93 93 93 92 91 92 92 92 94 95 96 96 94 96 92 92 91 91 91 91 94 92 94 94 97 96 96 95 95 94 95 95 95 93 95 94 94 95 94 94 96 95 95 92 91 91 92 93 95 96 99 101 104 102 102 106 109 108 112 120 116 110 104 99 97 96
82 83 83 83 83 85 85 86 84 86 87 87 88 88 90 92 90 90 93 93 93 93 93 93 93 93 95 94 93 91 91 92 91 91 91 90 90 92 90 92 94 94 93 93 92 90 91 90 91 91 92 92 94 94 94 96 95 95 95 95 95 95 93 92 93 93 94 94 92 92 96 95 94 94 92 92 92 93 95 97 97 101 101 103 103 104 108 108 109 113 113 108 99 96 96 97
82 82 83 83 83 84 85 84 84 84 86 87 87 88 89 91 91 91 93 95 95 93 93 93 93 94 96 94 93 93 91 91 91 91 90 90 92 92 93 91 91 91 92 90 90 90 90 90 91 91 91 94 92 92 93 95 95 95 94 93 95 95 92 93 93 93 94 92 92 92 95 95 95 95 92 90 90 92 93 96 97 100 102 103 102 102 107 106 106 110 107 104 98 96 98 97
82 82 83 84 84 83 84 84 84 84 84 85 87 87 89 90 92 91 95 95 95 91 91 91 91 93 95 94 93 91 92 91 92 90 91 92 92 92 92 92 92 91 90 90 89 89 90 91 90 91 91 91 91 92 93 94 95 94 93 93 95 93 92 93 93 93 92 92 92 92 93 94 95 94 95 92 93 90 93 95 95 99 98 102 100 103 104 103 106 106 102 101 96 98 96 97
84 80 82 83 83 83 84 83 83 83 83 83 84 85 87 90 91 92 93 95 92 89 90 90 90 92 92 93 91 91 91 90 90 90 91 91 93 90 92 92 91 92 89 89 88 89 88 88 88 88 90 90 91 92 92 93 92 92 95 93 92 92 93 93 95 93 92 92 91 93 93 92 92 91 92 92 92 90 93 93 93 96 99 101 100 99 99 98 102 99 98 95 95 94 95 96
80 80 82 83 83 82 85 83 82 83 82 82 83 84 87 92 93 91 91 91 88 87 88 89 89 89 91 91 90 90 91 90 88 90 91 91 93 92 93 92 91 90 89 88 88 88 88 88 90 90 90 88 88 90 92 91 91 91 93 93 90 93 93 95 95 93 92 92 91 91 92 90 88 90 90 92 92 90 92 93 93 99 102 102 100 96 97 97 97 93 92 94 95 95 95 97
80 80 83 83 83 83 83 82 82 82 83 82 83 84 86 92 91 89 89 88 86 84 86 88 88 88 89 90 90 90 90 88 90 90 90 92 93 93 93 91 92 91 89 86 88 86 88 90 90 90 90 90 88 88 90 90 91 92 92 90 90 92 93 93 93 92 91 91 91 91 90 88 88 90 90 92 90 92 90 93 93 96 98 102 100 94 95 97 96 94 96 99 99 96 95 97
80 81 83 83 83 84 83 84 82 82 85 83 83 87 86 92 88 88 88 87 84 81 84 87 87 87 88 89 90 89 90 88 90 91 91 93 93 94 93 91 90 92 92 90 88 86 87 88 91 92 88 90 90 89 89 90 90 91 90 90 90 92 90 92 92 92 91 90 91 90 89 88 90 91 91 90 92 90 92 90 92 99 101 97 97 93 92 95 94 99 96 99 98 96 95 97
80 82 83 82 83 84 85 84 85 84 85 85 88 87 89 87 86 87 86 86 85 84 84 86 87 87 89 89 89 89 90 88 91 92 92 95 95 94 93 92 90 91 89 89 88 86 87 90 90 88 88 88 89 89 89 90 88 91 90 90 90 90 92 92 92 92 91 91 90 88 89 88 90 91 91 91 92 92 92 89 91 95 95 94 93 90 92 91 97 96 97 100 98 98 96 99
82 83 83 81 81 84 86 84 86 86 86 88 87 88 89 86 85 86 84 84 85 84 84 86 86 86 87 88 88 88 88 88 91 91 91 94 95 94 94 91 90 90 89 88 90 89 87 88 90 88 88 89 88 89 89 88 87 88 88 88 90 90 92 90 91 91 91 90 88 88 89 88 89 89 90 91 92 93 93 90 90 91 94 93 89 87 91 94 97 97 102 104 100 101 98 97
83 82 83 83 85 83 84 86 86 86 87 88 88 88 85 85 85 85 83 85 85 84 86 86 86 86 86 88 88 88 88 88 90 91 92 94 94 94 93 91 90 90 89 88 89 90 88 88 88 88 88 88 88 88 88 88 87 88 88 90 90 90 90 91 91 91 90 88 88 88 88 88 88 88 90 90 92 92 93 91 88 90 91 89 86 87 90 94 97 98 103 106 103 104 98 98
83 83 84 85 85 86 86 86 86 87 87 88 88 88 87 84 85 83 83 84 84 84 83 86 86 86 86 86 88 88 88 88 90 92 93 93 94 93 89 90 90 88 89 88 88 88 88 87 88 88 87 88 89 89 90 88 88 88 88 88 88 90 90 91 91 90 88 88 88 87 87 88 88 88 92 91 91 92 93 90 90 88 90 87 86 87 90 95 97 99 104 106 106 104 99 97
85 84 85 86 86 84 86 85 87 86 88 88 88 89 85 84 84 84 84 84 84 83 83 84 84 85 85 86 86 86 88 90 90 91 92 93 90 90 88 90 88 88 89 88 88 86 90 86 87 87 88 88 88 88 88 88 88 88 88 88 90 90 90 89 90 90 88 88 87 87 86 88 88 88 90 95 91 91 93 90 89 88 90 88 89 90 92 95 97 98 101 105 107 106 102 99
85 85 83 82 85 85 86 86 85 86 87 87 87 87 85 84 84 83 84 83 83 83 84 85 85 85 85 85 85 86 87 87 90 90 90 90 89 88 89 90 88 90 89 88 86 88 87 87 86 87 87 88 88 88 88 88 88 88 88 88 90 90 90 88 90 90 87 87 87 86 86 86 88 88 88 90 90 90 90 92 90 90 91 92 90 90 92 95 98 99 102 105 109 107 102 100
86 84 83 83 84 85 84 85 83 86 87 87 85 84 84 83 83 83 83 83 83 84 86 86 85 85 85 85 85 85 86 87 88 90 89 89 89 88 90 88 88 91 90 86 86 88 86 90 87 86 87 88 88 88 88 88 90 88 88 90 88 88 89 88 90 90 87 86 87 87 87 88 88 89 89 90 90 90 90 93 90 93 91 92 92 92 94 97 98 101 104 107 108 107 107 102
84 83 83 83 85 84 82 82 85 86 85 86 82 82 82 82 83 83 83 83 84 84 89 85 85 85 85 85 85 85 86 86 87 87 88 88 88 89 88 88 90 90 89 88 86 86 86 87 88 87 87 88 88 88 88 88 88 88 88 88 90 90 89 90 90 88 88 86 87 87 87 88 89 88 90 90 90 90 90 92 92 92 92 92 94 94 94 98 101 105 105 108 105 106 108 102
80 83 85 84 84 82 82 82 85 85 84 85 81 81 81 83 81 81 82 83 83 83 83 84 84 84 84 84 84 84 84 84 86 85 86 86 88 88 90 88 88 88 89 88 86 85 86 86 86 86 86 86 86 86 88 90 90 88 88 88 90 90 89 89 88 88 88 88 88 87 88 88 88 89 90 91 91 91 91 92 93 93 93 94 95 94 97 97 101 102 105 108 106 104 107 105
80 82 82 85 83 81 81 83 82 83 82 82 81 81 81 81 81 82 83 83 82 83 83 84 84 84 84 84 83 83 83 84 85 85 85 85 86 86 86 88 87 87 88 88 86 84 84 84 84 84 87 86 86 88 88 88 88 87 88 89 89 89 89 89 89 88 88 88 88 88 88 89 89 90 91 91 91 92 92 92 92 93 93 94 95 97 97 99 102 102 105 107 104 104 105 104
78 79 82 82 81 81 82 82 82 83 80 81 79 79 80 81 81 81 81 81 82 82 83 84 84 84 83 83 83 83 82 83 83 84 84 86 85 85 87 87 88 88 86 84 85 84 84 84 84 84 84 86 86 88 89 88 88 88 88 89 89 89 89 89 89 89 88 88 88 88 88 89 90 89 91 91 91 91 92 92 92 92 95 95 95 97 99 101 102 105 108 106 103 104 103 102
79 80 82 80 81 82 82 80 80 81 79 78 79 80 80 81 81 81 81 82 82 82 83 84 84 84 83 83 82 82 81 81 83 83 85 84 85 84 85 86 87 87 88 84 84 84 83 83 83 84 84 86 86 86 86 90 88 88 90 89 89 89 89 89 89 89 89 90 88 88 88 89 90 90 91 91 91 91 92 92 92 94 95 95 97 97 102 104 105 105 108 109 106 106 106 102
77 77 79 81 82 81 80 78 78 77 77 78 78 79 80 81 81 81 81 81 81 81 83 84 84 84 83 82 81 81 80 81 81 84 85 84 84 84 85 86 85 85 86 84 84 84 83 83 83 83 84 84 86 86 86 91 90 88 89 89 89 89 89 89 90 90 89 90 90 88 89 89 90 90 91 91 91 92 92 92 94 94 95 97 98 98 100 103 106 108 114 112 109 107 104 103
77 77 79 79 77 77 77 76 76 76 77 78 79 79 79 79 79 81 81 81 81 81 83 84 84 84 82 81 80 80 79 80 81 83 83 83 83 84 83 83 85 85 85 84 84 83 83 83 83 83 84 84 86 86 86 90 88 88 89 90 90 90 90 90 90 90 89 90 91 90 88 90 90 90 91 91 91 91 92 92 94 95 97 97 97 99 99 102 104 107 109 110 109 104 104 102
77 77 77 77 77 77 77 76 77 75 77 79 79 79 79 79 79 79 79 81 81 82 84 85 84 84 82 81 80 79 77 79 80 81 83 83 83 84 83 85 85 85 85 84 83 84 83 83 84 84 87 87 86 86 88 88 88 88 88 89 89 89 89 90 90 90 89 90 90 90 88 89 90 90 90 92 91 92 91 92 95 98 99 97 99 99 99 102 103 106 109 106 107 104 103 102
77 77 77 77 77 77 77 76 77 78 77 78 79 79 79 79 79 79 79 81 81 82 83 84 84 83 82 81 80 79 79 79 80 81 83 83 83 83 83 84 85 85 84 83 83 84 84 86 86 87 87 88 86 86 88 88 88 88 88 89 89 89 89 89 90 90 89 90 90 90 88 89 90 90 92 94 94 92 92 94 97 101 101 101 100 100 101 101 102 103 107 105 106 104 104 103
76 78 79 78 77 77 76 76 76 78 78 78 78 78 78 78 78 78 79 79 80 81 83 83 83 83 82 81 80 80 80 80 81 83 83 83 83 85 83 85 85 85 84 83 84 84 84 84 84 86 86 87 88 88 88 88 88 90 90 88 88 89 89 89 88 89 89 89 90 88 88 88 90 90 92 92 92 92 94 97 99 101 102 101 100 100 102 101 102 102 103 104 107 105 104 106
77 77 77 77 77 77 76 77 77 77 78 79 78 78 78 77 77 78 78 80 81 81 81 83 82 82 82 81 81 80 80 80 83 83 81 82 83 83 85 84 85 84 84 84 84 84 87 86 86 86 86 88 88 86 88 89 92 89 91 90 88 88 88 88 89 89 89 88 88 88 88 90 90 90 93 92 93 93 94 97 98 101 102 101 101 100 102 102 104 101 103 104 106 107 105 109
77 77 77 77 77 77 77 77 78 77 78 79 79 78 78 77 77 77 79 80 80 81 81 82 82 82 82 81 81 81 81 81 81 81 82 82 82 82 83 84 85 85 83 83 84 84 84 84 86 86 86 86 86 86 88 89 90 89 90 88 88 88 89 89 89 89 89 88 88 88 90 90 90 91 92 92 92 92 93 97 98 99 101 101 101 101 101 102 104 101 101 103 104 104 107 110
77 77 77 77 77 78 78 78 77 77 78 78 79 79 78 77 76 77 77 80 81 81 82 82 82 82 81 81 81 81 81 81 81 81 82 82 82 82 83 84 84 84 84 83 83 83 83 84 86 84 84 86 86 88 89 90 90 89 88 88 87 88 89 89 89 89 88 88 88 88 89 90 90 91 91 92 92 92 93 95 98 98 98 100 100 100 100 101 102 102 101 101 104 106 107 108
79 77 79 79 79 79 79 79 80 80 80 79 79 79 81 78 76 77 79 80 80 82 82 82 82 82 83 81 81 81 81 81 82 82 82 82 82 83 84 84 83 83 83 83 83 83 83 83 84 84 85 86 86 88 90 92 90 89 88 88 87 87 88 89 88 88 88 88 88 89 90 90 91 91 91 91 92 92 95 97 96 98 99 98 98 100 101 101 101 101 101 102 102 104 106 105
77 77 78 78 79 80 80 81 81 80 80 79 79 79 79 79 77 79 79 81 81 81 82 82 82 82 83 81 81 81 81 81 81 81 81 81 81 81 81 83 83 83 83 83 83 83 83 83 83 84 84 86 86 88 89 90 88 86 87 87 87 87 88 86 86 88 88 89 89 88 88 90 91 91 91 92 92 92 95 97 97 97 98 98 98 98 100 100 101 100 101 103 101 104 104 105
77 77 78 79 79 79 80 81 81 81 80 79 79 79 78 79 79 79 79 81 81 81 82 82 82 82 83 83 81 81 82 81 81 81 82 83 83 81 81 81 81 81 81 83 83 83 83 83 84 83 86 88 88 88 88 89 86 85 86 88 88 87 87 86 88 88 88 88 88 89 90 90 91 91 91 91 92 92 96 97 99 97 99 98 98 98 99 100 100 101 103 103 104 103 103 105
79 78 78 79 79 79 80 81 81 80 79 79 79 79 79 79 79 79 79 81 81 81 82 82 82 82 83 83 83 83 82 81 82 82 83 83 83 83 83 83 83 83 83 83 83 83 83 83 84 84 86 86 89 89 89 88 86 86 87 87 88 87 87 86 86 88 88 88 88 88 89 90 91 91 91 91 92 95 95 97 99 99 97 98 98 98 98 100 100 103 104 101 103 100 102 103
81 77 77 79 79 79 80 80 80 80 79 79 79 79 79 79 79 79 79 81 81 82 82 83 84 83 83 83 83 82 82 82 82 83 83 83 83 83 83 83 83 81 83 83 84 84 84 84 84 84 84 86 86 86 86 88 88 86 87 87 86 86 86 86 86 86 88 88 88 88 88 90 90 90 91 91 95 97 95 95 97 99 97 97 98 98 99 99 101 103 101 100 101 101 101 101
77 77 78 79 79 79 79 79 79 79 79 79 79 79 77 79 79 79 81 81 81 81 82 83 83 83 83 83 82 82 82 83 83 83 83 83 83 83 81 81 83 81 82 83 83 83 84 84 84 84 84 84 84 84 85 85 85 85 86 86 86 86 86 86 86 87 88 88 88 88 88 90 90 91 91 92 94 95 95 95 97 97 97 97 96 98 99 99 103 103 100 100 99 100 101 99
77 77 78 79 79 79 79 79 79 79 79 79 79 79 79 79 79 79 81 81 81 81 83 83 83 83 82 81 82 81 82 83 84 84 83 83 83 83 81 81 81 81 83 84 83 84 87 87 87 84 84 84 84 84 86 86 86 86 85 86 86 86 87 87 87 87 87 88 88 88 89 90 91 91 92 92 94 94 97 97 97 97 97 96 96 97 98 99 103 100 100 100 99 99 99 98
77 78 79 79 79 79 79 79 79 79 78 79 79 79 79 79 79 81 81 81 81 81 81 83 83 81 82 81 81 82 83 84 84 83 84 83 83 83 81 81 81 81 84 86 86 86 87 88 88 84 83 84 87 86 86 88 86 86 87 87 87 87 87 87 87 87 87 88 88 89 89 90 92 91 91 92 92 95 95 95 97 97 97 97 96 99 99 98 100 99 99 100 99 97 97 97
78 78 78 79 79 79 79 79 78 78 79 79 79 79 79 79 79 79 81 81 81 81 81 81 82 82 81 81 81 81 84 83 83 84 83 83 81 81 81 81 81 82 83 84 86 87 86 87 88 83 86 87 87 87 88 88 88 89 87 88 87 87 87 87 87 87 87 87 89 89 89 90 92 94 94 92 91 92 94 97 95 97 98 97 99 99 98 99 98 99 99 99 99 97 96 96
78 78 78 78 78 78 78 78 79 79 79 79 79 79 79 79 79 79 79 80 80 80 80 81 81 81 81 81 80 80 81 81 83 84 84 84 83 81 81 82 82 82 83 84 86 87 86 84 84 86 86 84 86 86 87 88 88 88 88 88 87 88 88 87 87 87 87 88 88 88 90 92 92 95 95 94 94 94 94 95 97 98 99 99 99 99 98 98 98 98 100 97 97 97 96 96
76 76 78 78 78 78 78 79 79 79 79 79 79 79 79 79 79 79 79 80 80 80 80 81 81 81 79 80 80 80 83 84 84 84 84 83 81 81 81 82 82 82 83 84 87 87 86 86 84 86 87 86 86 84 86 88 88 88 89 90 87 88 90 88 88 88 90 88 91 91 92 93 95 95 93 94 94 94 95 97 95 98 99 101 101 100 97 99 98 101 99 99 97 96 96 95
78 78 78 78 78 78 79 79 79 79 78 79 79 78 78 79 79 79 80 80 80 80 81 81 81 79 80 80 80 80 80 80 80 80 80 80 81 81 83 82 82 81 81 84 87 87 87 86 86 84 86 84 86 86 88 86 88 88 88 90 87 90 90 88 90 90 91 91 91 92 94 95 95 93 93 94 92 95 97 98 97 97 99 103 101 101 99 98 98 97 99 97 96 97 95 95
76 77 77 78 78 77 79 79 77 78 78 78 78 78 78 78 79 79 79 79 79 79 79 79 79 79 80 80 80 80 80 80 80 80 80 79 79 82 81 81 81 81 79 81 84 83 86 86 86 84 86 84 84 85 88 86 89 89 89 89 88 90 91 88 91 90 91 92 92 94 92 92 95 95 95 95 93 95 97 97 98 99 99 98 100 99 96 97 97 97 98 97 95 95 94 94
77 76 77 77 77 77 79 79 79 78 78 77 77 77 77 77 77 77 79 79 79 79 79 79 78 78 79 79 79 79 79 79 79 79 79 79 79 79 82 79 79 79 79 82 82 84 84 86 86 86 86 86 86 86 86 88 88 88 89 89 89 90 90 90 91 91 91 92 92 94 92 94 94 94 95 95 95 97 98 98 98 97 97 98 95 95 96 99 95 96 95 95 93 95 94 95
79 76 79 79 79 77 79 79 79 79 79 77 77 77 77 77 77 77 78 79 79 79 78 78 78 78 79 79 79 79 79 79 79 79 79 79 79 79 79 78 78 78 79 81 82 82 83 84 86 86 86 85 86 86 86 85 88 86 88 89 89 89 90 91 91 91 91 92 92 92 92 94 94 94 95 96 96 97 97 98 97 97 97 97 95 95 96 95 95 96 95 93 93 93 94 94
79 77 79 80 79 81 78 79 79 79 78 78 77 77 79 77 77 77 78 78 79 78 78 78 78 78 77 77 79 77 77 79 79 79 78 79 79 79 78 78 78 78 78 81 81 82 83 84 86 86 86 85 85 85 84 88 88 88 88 89 89 89 89 90 91 91 92 92 92 92 94 95 94 94 95 93 96 97 97 98 98 98 97 95 95 95 94 95 96 95 93 93 93 93 92 94
80 79 81 82 81 81 78 81 79 79 79 79 79 79 79 79 79 79 78 78 78 79 79 77 77 77 77 77 77 77 77 77 77 78 78 78 78 78 78 78 78 78 78 81 81 81 84 84 85 86 86 86 85 84 84 86 88 88 88 88 88 89 89 90 90 90 91 91 92 92 92 94 94 95 95 95 96 99 97 97 97 96 97 95 94 95 94 94 94 92 92 92 92 92 90 92
