grids/precipitation/nov/RSMS_11_1883_01.asc
NCOLS 654
NROWS 866
XLLCORNER 3280414.711633467
YLLCORNER 5237500.62890625
CELLSIZE 1000
NODATA_VALUE -999
[rows 400 to 449 of 866, columns 192 to 287 of 654]
92 89 95 94 100 100 98 97 97 95 94 90 93 94 84 78 74 71 82 78 78 75 81 79 72 68 75 75 75 72 72 72 70 66 62 58 67 65 64 61 64 65 65 65 67 67 64 59 55 56 62 67 64 60 60 58 59 63 65 68 69 69 69 77 81 82 85 82 79 82 80 62 71 82 85 73 71 64 64 68 76 78 74 68 70 65 63 56 53 51 51 48 48 49 49 53
95 96 100 102 99 103 103 98 98 95 88 94 95 93 88 78 70 79 77 76 81 80 73 71 71 71 74 74 71 72 68 69 70 64 60 58 68 68 65 62 63 64 68 65 63 63 59 58 59 58 59 64 65 65 59 58 56 62 63 64 67 64 67 71 80 83 85 80 86 83 83 64 65 74 72 76 64 65 66 75 74 74 71 67 69 66 62 58 54 57 52 49 49 51 53 59
101 100 97 100 103 102 102 101 100 92 97 95 87 81 74 71 71 75 69 76 77 80 75 72 67 72 83 75 68 68 70 68 64 66 69 59 65 69 65 66 65 64 65 66 63 66 63 61 56 59 58 62 63 62 60 58 63 61 62 60 65 64 63 68 74 73 78 87 83 87 82 69 66 67 81 75 65 66 75 82 78 74 68 66 67 70 62 63 58 62 50 50 51 54 56 63
103 98 100 100 106 105 104 102 100 100 89 83 80 80 71 68 77 74 71 76 80 77 71 70 68 77 77 73 68 66 69 66 64 62 62 59 63 71 66 65 66 68 67 68 66 72 71 59 57 57 57 65 64 61 59 59 57 57 57 59 59 63 67 67 67 68 72 76 76 79 83 71 71 75 79 75 76 71 79 88 78 75 70 76 66 64 65 68 58 58 52 50 58 58 66 63
104 102 102 106 109 110 108 98 103 90 82 80 76 79 71 71 77 71 76 77 80 76 72 68 77 75 71 72 66 66 64 64 62 60 60 60 63 65 69 66 66 68 70 67 62 59 58 57 63 59 58 57 60 61 61 60 60 58 55 58 59 63 67 70 65 65 70 73 70 69 81 77 71 72 75 66 68 63 68 68 78 77 77 72 69 71 70 68 63 54 52 52 56 66 64 63
103 106 104 106 108 113 103 97 101 92 89 77 83 74 72 80 76 70 78 77 77 75 74 67 72 78 76 74 71 66 65 65 62 62 60 59 60 67 70 66 68 67 67 67 62 66 64 63 68 62 57 59 57 63 60 59 58 58 55 57 63 67 68 66 65 61 70 66 65 66 78 80 64 65 66 68 71 61 64 71 81 74 82 81 74 73 71 68 70 61 56 56 56 63 60 59
106 108 109 108 110 110 113 89 85 90 81 92 83 84 79 77 76 73 74 77 75 76 67 72 74 79 78 72 71 68 67 66 63 62 60 59 60 62 61 65 70 66 65 65 69 66 61 58 66 67 62 59 57 59 59 57 58 56 58 58 61 65 65 67 62 58 63 51 60 61 61 67 60 66 74 67 68 64 66 64 65 73 73 70 71 73 70 65 63 59 61 58 53 57 54 61
110 111 106 113 106 104 90 104 107 98 86 68 77 86 84 81 75 73 66 80 75 69 68 75 76 72 79 75 69 69 66 63 63 62 63 61 64 58 66 66 64 63 64 65 61 59 60 56 63 71 62 59 57 58 59 59 58 61 58 57 60 61 60 63 61 61 57 50 50 65 63 59 68 68 79 76 67 65 65 64 63 64 65 72 69 72 76 69 67 68 61 56 51 53 58 55
116 117 115 105 103 105 101 103 96 94 81 87 86 92 85 81 78 76 75 75 75 71 75 78 74 75 72 70 66 69 66 64 63 64 63 63 67 61 68 65 59 58 60 66 66 61 59 60 58 72 65 59 58 61 61 60 57 58 57 57 58 57 60 61 63 64 54 55 68 69 68 59 74 75 83 76 73 67 65 62 60 62 60 67 64 74 77 77 68 65 57 54 53 49 48 52
123 122 108 104 104 108 109 100 91 92 92 87 84 83 79 82 80 78 74 73 75 77 74 79 77 74 70 67 68 67 62 65 69 73 67 67 65 59 57 58 58 60 59 64 63 64 60 60 60 74 70 60 61 60 62 58 61 61 56 55 58 54 52 56 61 61 46 54 63 66 68 71 68 79 84 83 84 77 76 74 68 65 62 60 63 64 73 84 79 70 60 55 54 51 47 48
117 110 125 116 118 108 97 92 90 99 94 93 86 80 80 85 82 81 77 75 78 74 75 74 74 74 71 67 64 67 62 63 67 67 64 62 61 55 55 60 62 59 58 58 60 67 69 62 58 60 69 68 69 63 56 54 52 56 52 51 55 57 54 49 54 58 57 48 54 61 64 69 73 76 82 89 94 94 94 88 71 70 64 60 64 74 77 79 83 75 55 52 54 44 48 63
123 123 125 122 115 102 112 100 94 99 102 87 80 77 77 85 87 83 80 80 79 77 72 75 74 69 67 65 66 63 63 55 62 62 59 62 58 58 59 56 63 63 66 60 61 71 77 61 60 59 70 71 68 59 54 49 51 51 50 49 51 53 54 49 49 49 43 45 52 54 58 67 70 70 76 88 95 84 78 81 87 80 68 69 58 61 73 67 71 64 50 49 53 48 47 61
121 116 132 121 113 115 108 102 98 107 101 86 83 85 80 85 91 88 83 80 74 73 68 71 71 74 66 70 71 68 57 60 61 54 59 61 62 59 61 54 64 71 60 59 64 77 78 62 60 60 62 81 69 62 55 53 53 53 52 53 50 49 53 50 51 48 44 53 56 55 54 62 65 62 71 84 88 92 82 80 86 83 68 65 63 64 60 61 59 55 54 54 48 46 48 53
120 126 131 110 125 121 99 99 98 102 98 86 84 92 86 86 87 91 83 79 77 71 64 69 67 69 66 59 62 60 66 64 60 53 58 63 61 62 59 56 56 58 56 59 59 67 72 63 60 60 61 61 64 64 62 61 56 55 54 53 50 48 51 52 51 55 49 51 51 54 56 54 59 55 60 72 82 90 91 84 83 71 70 75 76 66 63 57 55 53 64 46 58 56 53 54
128 129 117 119 126 127 107 105 105 100 105 94 87 87 93 92 92 92 85 77 66 64 66 62 62 62 61 59 62 65 66 66 58 59 64 61 63 61 60 58 56 58 58 56 55 60 65 67 61 63 65 65 70 66 69 64 55 53 53 50 50 48 48 50 51 49 52 48 58 59 51 54 54 56 62 71 80 87 93 87 80 72 73 66 65 68 73 60 56 53 64 46 57 70 65 59
149 120 126 122 122 121 112 117 102 106 103 97 93 93 91 88 87 89 82 71 68 67 64 70 63 66 65 60 60 71 69 63 62 66 65 65 62 61 61 58 63 62 60 58 59 60 67 63 61 63 67 76 75 75 74 65 55 51 50 49 48 49 48 47 47 45 47 54 57 50 57 54 56 56 64 75 74 84 95 87 78 76 80 74 71 69 66 71 55 55 51 49 56 56 71 78
136 133 119 124 116 122 116 109 104 104 101 98 98 99 93 91 90 89 81 74 68 66 68 67 74 67 68 67 64 65 71 69 67 67 65 67 65 67 62 59 60 63 75 64 61 62 64 70 64 68 75 83 81 78 67 63 54 51 48 49 48 48 47 46 46 47 48 55 50 59 65 65 58 57 63 73 79 90 98 87 80 82 79 73 71 71 61 69 61 58 57 53 53 50 64 67
137 121 127 132 114 114 107 107 101 106 103 111 110 103 101 101 94 83 77 74 70 67 75 72 75 69 66 64 62 72 73 72 67 67 68 69 65 69 63 61 60 64 63 62 62 63 65 77 65 66 72 82 83 73 67 71 58 54 51 49 48 49 48 47 47 48 50 52 54 58 62 64 67 62 64 66 73 75 82 91 101 102 81 74 79 67 67 73 65 62 71 63 58 58 56 58
127 126 133 130 132 122 110 114 112 111 106 106 99 96 96 95 85 82 80 77 73 73 79 75 70 69 66 67 67 65 68 71 67 70 71 73 72 69 67 64 62 62 63 64 65 67 70 72 67 74 71 79 77 74 78 72 62 57 56 51 49 49 48 48 50 49 51 52 54 56 60 60 61 68 78 80 82 77 79 91 93 103 89 79 78 72 68 74 89 77 77 61 64 74 59 55
131 132 125 125 128 122 118 107 102 98 100 99 97 92 91 88 84 82 83 80 77 82 79 74 72 71 68 67 74 67 63 70 67 72 71 73 73 69 70 65 67 66 66 67 65 68 72 71 70 72 73 68 67 70 76 72 61 55 51 52 48 48 49 49 50 50 53 52 54 60 55 59 63 71 83 88 98 91 90 85 94 104 97 91 85 90 66 73 92 83 69 80 83 72 62 58
142 130 130 126 122 116 119 112 108 105 98 94 91 91 92 85 83 83 83 83 84 83 77 72 73 77 71 70 76 70 70 73 71 75 71 68 72 66 65 68 67 68 64 67 65 69 69 71 69 68 71 67 63 64 62 62 58 50 50 49 48 48 50 50 50 52 54 57 56 57 58 61 62 75 83 95 90 100 98 89 95 98 101 96 101 85 66 78 98 76 67 87 79 76 61 60
146 140 131 127 136 124 119 112 107 100 98 88 94 97 94 84 83 82 82 81 83 78 75 72 71 73 71 71 74 76 75 71 71 72 70 69 68 80 68 68 66 65 65 66 65 67 70 68 67 75 79 68 62 60 58 60 58 52 50 50 52 51 50 50 51 55 54 55 58 59 65 69 74 71 72 84 93 94 99 95 96 101 98 85 96 75 77 82 90 78 76 78 81 76 66 60
134 139 138 136 136 119 110 108 102 102 94 93 97 100 92 87 82 80 80 78 81 81 75 72 71 71 74 76 79 74 73 68 64 70 68 70 71 71 65 67 65 63 65 64 67 69 66 67 71 76 81 69 63 58 57 56 57 53 51 53 53 53 49 53 57 57 56 56 61 65 70 72 81 85 77 79 79 83 86 85 88 92 87 79 84 72 88 97 81 83 82 82 78 81 72 58
136 144 127 115 113 113 103 101 102 96 97 96 94 98 92 93 84 80 82 81 78 80 75 72 71 71 75 76 75 70 67 62 67 72 70 73 69 69 66 67 63 73 66 64 63 66 64 63 71 70 75 74 67 59 56 55 53 51 56 55 53 53 49 58 66 63 59 62 68 73 75 81 87 95 93 74 91 87 86 91 96 87 87 91 80 74 92 99 87 84 84 78 78 78 83 65
142 137 120 124 109 104 107 98 101 96 102 96 94 97 96 97 81 79 78 80 76 82 76 72 72 68 77 76 75 71 64 60 64 65 70 71 68 67 65 67 63 69 71 66 62 61 64 69 66 66 74 83 68 59 55 54 55 54 57 56 51 52 50 65 70 68 61 66 69 72 77 88 85 92 89 77 80 79 95 104 112 95 92 95 81 81 102 92 102 90 78 72 77 80 80 70
142 137 122 116 119 108 104 101 105 102 98 94 96 99 94 91 81 78 78 76 77 81 75 74 73 67 77 72 70 70 66 61 64 62 64 73 70 69 72 67 61 67 66 72 65 60 72 66 63 66 73 76 67 60 56 56 57 54 57 55 49 55 60 68 75 71 66 61 66 76 85 88 87 81 76 91 98 98 92 96 94 91 89 87 79 90 102 111 92 90 78 72 71 78 79 77
128 127 120 112 115 112 114 105 99 99 99 98 106 98 95 91 81 79 81 77 81 83 80 75 75 72 72 71 67 71 68 69 62 61 63 71 76 75 73 68 64 61 66 65 70 60 62 63 62 64 67 66 74 59 57 58 56 58 56 55 52 58 60 64 76 77 76 75 73 83 90 89 84 78 76 95 94 92 93 99 101 90 90 84 84 94 119 126 108 88 79 72 74 70 74 66
136 128 119 124 110 104 101 100 101 96 93 89 95 96 93 90 83 80 83 78 76 83 77 74 75 76 73 72 66 65 74 68 61 61 63 72 79 78 72 69 64 62 64 67 65 60 58 62 62 64 63 65 63 59 55 57 56 57 56 52 56 60 61 64 73 74 79 89 84 87 92 86 85 81 81 80 88 92 92 96 94 89 92 86 99 106 123 124 120 94 85 76 73 71 71 66
146 131 114 112 108 103 98 99 95 98 90 86 96 94 89 88 86 86 81 82 78 81 78 73 75 77 75 65 67 74 68 65 64 66 63 71 74 78 79 71 67 61 62 67 73 63 61 62 62 62 61 62 63 58 58 57 57 57 55 53 53 56 63 63 69 80 81 85 83 86 90 81 85 84 88 83 83 85 88 88 87 87 89 90 93 101 121 123 110 89 80 79 73 73 71 68
137 133 122 107 101 103 96 94 95 90 90 90 96 88 87 87 83 86 81 76 83 82 78 70 71 73 76 66 75 71 66 60 67 59 69 71 65 73 74 78 70 70 59 69 70 64 62 57 57 60 62 63 71 62 60 59 60 57 58 53 55 58 67 70 69 74 83 80 81 81 77 82 80 83 85 86 86 88 87 88 89 81 81 95 88 101 112 122 90 86 80 77 77 71 67 64
132 125 113 108 100 100 100 96 90 88 88 84 90 86 81 84 86 82 84 73 80 71 78 76 74 78 76 71 63 63 63 64 71 68 71 70 66 72 75 75 71 65 62 68 77 67 63 61 59 64 64 64 66 64 70 61 58 56 55 60 61 57 58 72 67 78 74 72 70 77 90 93 82 91 91 89 96 90 90 91 91 87 83 90 89 90 95 109 92 85 88 75 77 72 68 66
126 112 121 114 103 100 98 95 90 86 86 88 81 82 79 81 89 89 87 75 70 79 70 76 67 80 66 62 64 66 70 62 81 64 64 65 64 69 69 74 71 66 65 63 71 68 64 63 60 64 65 66 65 63 63 61 60 63 57 57 64 58 58 68 68 76 72 84 81 87 86 92 95 97 96 96 103 95 88 88 87 84 85 82 79 90 85 88 87 85 87 77 72 78 71 67
131 130 110 108 103 101 101 94 89 89 81 80 81 80 79 86 90 89 89 71 76 82 81 67 70 71 76 66 63 78 68 64 75 67 64 63 63 65 67 74 74 71 67 62 67 67 64 64 63 61 63 63 64 63 64 64 64 60 60 58 65 61 62 61 69 65 79 88 87 92 87 87 97 89 91 94 99 93 90 92 91 87 87 85 85 79 85 82 83 85 87 89 72 74 75 69
149 132 119 114 103 106 101 95 91 86 82 79 80 75 79 77 82 87 87 77 70 89 90 87 87 76 72 74 77 92 75 64 64 63 63 61 61 60 66 77 68 77 67 63 68 67 63 63 61 60 63 63 60 60 62 62 64 60 54 67 70 74 81 65 61 67 67 73 81 92 77 91 92 82 99 102 93 84 94 95 90 92 103 92 83 88 78 78 85 74 76 84 81 73 71 64
143 122 118 113 113 100 98 97 90 79 78 73 79 76 74 71 73 84 84 83 76 81 84 92 90 76 81 85 96 95 87 82 73 77 74 69 66 60 60 70 66 72 70 65 77 67 66 64 63 63 60 61 60 60 58 61 62 58 56 62 71 72 70 75 82 62 62 80 90 89 76 89 79 95 101 86 82 87 94 86 96 99 98 90 93 85 91 88 77 77 71 72 71 83 85 78
139 122 115 108 103 100 95 85 83 83 80 82 76 83 73 84 76 81 83 76 83 81 96 93 80 92 90 96 100 103 92 75 74 68 66 67 68 62 61 61 62 74 72 62 66 72 68 66 66 66 65 66 64 63 62 60 59 56 54 56 61 71 75 76 76 75 65 72 85 74 73 73 84 100 92 78 93 90 83 91 92 97 98 93 93 95 87 81 70 78 84 74 64 64 66 69
124 125 120 116 110 103 89 82 84 80 85 91 85 85 82 83 76 80 90 75 86 88 94 93 95 76 100 91 86 79 88 71 71 76 74 74 70 67 61 61 61 61 68 68 61 66 67 65 66 66 66 65 65 65 65 62 59 56 55 63 69 68 74 79 73 64 71 76 69 79 86 88 96 82 76 85 99 78 85 85 87 84 91 82 82 85 83 77 75 89 84 78 62 64 63 63
118 121 119 108 104 102 85 76 85 88 85 83 85 88 85 84 83 79 75 88 90 77 82 92 94 107 106 88 81 90 86 74 83 80 80 76 71 71 66 62 62 60 61 61 61 61 62 61 64 63 64 65 65 64 64 62 56 55 58 64 69 69 77 77 70 67 72 69 77 86 89 86 88 75 73 91 93 78 94 87 83 86 86 81 85 84 78 74 75 83 76 68 68 76 66 62
118 118 115 114 103 101 91 83 80 84 86 85 85 85 86 84 78 79 76 79 86 77 83 92 96 98 86 89 93 80 86 81 80 91 83 73 66 66 66 71 71 67 65 71 66 61 62 62 62 61 60 60 61 60 59 57 56 58 61 58 61 70 79 76 70 81 79 82 84 79 78 85 78 72 78 83 82 84 82 79 84 84 91 84 77 77 79 76 77 81 71 70 75 80 75 65
113 111 112 103 104 96 92 90 91 90 94 84 85 84 88 82 85 76 83 74 84 79 79 83 98 89 83 94 86 77 86 82 79 79 77 72 74 73 73 77 77 70 73 70 70 64 61 61 61 60 59 58 59 58 57 57 60 71 67 63 68 73 82 72 74 62 64 64 68 66 66 69 69 78 79 76 73 74 79 81 82 85 87 81 76 78 80 80 83 79 80 69 73 68 73 76
121 113 106 106 98 109 100 97 101 98 95 90 84 88 85 79 78 84 89 84 82 80 79 84 92 82 91 90 86 79 89 87 88 89 79 76 78 73 72 81 80 78 83 74 68 66 63 60 60 60 58 58 58 58 57 63 69 69 69 67 67 72 79 79 69 64 70 76 76 88 76 88 79 85 86 88 79 78 87 83 86 94 90 84 78 81 81 76 75 76 77 79 71 65 61 61
120 111 111 102 107 107 102 102 101 91 92 89 89 86 90 83 79 88 86 85 83 79 82 86 90 89 91 95 88 89 89 84 87 86 83 80 80 74 79 87 85 84 80 78 72 66 66 65 64 61 58 59 58 57 63 79 74 71 70 67 67 69 71 69 62 61 62 84 98 95 95 83 82 90 94 92 81 83 81 87 85 90 92 84 82 86 80 82 76 73 78 82 72 65 74 72
109 114 111 106 108 107 104 97 101 96 95 92 89 84 83 79 86 82 83 85 79 79 90 88 88 83 98 95 91 95 89 95 90 90 86 84 81 84 81 86 77 86 75 81 76 69 67 65 64 63 60 56 56 56 65 73 71 74 70 69 69 67 69 68 65 65 59 79 82 79 87 73 79 87 97 84 86 81 83 81 84 89 91 93 88 83 76 75 78 73 74 72 70 61 73 73
114 112 107 111 109 108 104 96 101 100 88 86 91 88 80 81 80 83 83 83 81 80 87 92 93 85 81 93 99 96 91 98 98 92 94 85 84 85 86 78 73 75 75 75 68 64 63 62 64 62 60 56 56 56 57 63 69 71 76 76 72 72 81 75 60 74 63 63 64 71 74 72 90 90 90 86 83 79 84 88 90 84 84 84 82 81 77 72 68 72 69 69 67 67 78 83
114 109 114 105 108 106 101 102 92 96 89 84 84 82 82 85 87 85 82 85 83 82 83 94 85 88 83 92 98 104 97 100 99 100 94 85 90 85 84 78 72 71 67 65 63 65 61 59 58 58 58 57 61 56 59 65 78 81 79 77 78 77 75 72 72 85 71 69 62 62 63 70 70 74 78 83 83 76 84 89 88 81 85 84 80 75 79 73 70 68 72 67 66 66 72 80
111 113 104 109 104 101 100 98 95 86 86 84 80 80 82 83 82 83 85 86 83 82 85 80 91 83 87 90 92 104 97 92 90 102 96 85 83 84 76 74 70 70 78 69 65 64 61 60 59 58 58 58 63 60 55 60 68 73 81 76 77 69 69 68 83 86 76 84 74 66 66 63 68 64 71 74 71 81 74 87 77 73 76 85 78 76 72 69 69 68 70 62 75 69 73 75
98 106 100 107 100 94 99 95 88 85 83 80 83 81 81 81 84 83 85 88 87 85 88 78 85 85 89 88 88 95 92 92 88 92 83 80 79 91 80 75 70 77 84 78 71 67 64 65 64 61 59 59 63 59 55 57 62 77 77 78 83 75 79 71 76 80 88 80 73 77 75 65 63 64 65 67 76 73 80 83 73 66 73 85 79 73 74 73 67 66 73 65 62 66 74 73
99 96 98 96 96 93 94 89 87 82 82 85 85 82 79 81 82 90 91 90 86 85 87 84 82 82 93 93 100 102 95 95 98 88 90 93 98 84 77 74 71 70 83 74 71 65 64 72 66 64 64 59 63 54 55 57 64 71 66 79 87 76 75 73 69 76 84 83 73 86 77 70 70 65 64 67 69 71 85 82 75 66 70 83 84 82 82 77 72 75 65 68 69 63 69 80
94 94 99 92 92 91 88 84 83 84 86 88 86 83 79 84 79 82 89 86 81 81 81 78 82 88 93 95 102 101 96 107 91 93 109 107 98 84 80 76 75 69 76 73 68 68 66 70 73 66 65 61 62 57 56 53 54 58 69 81 81 77 76 74 72 77 83 82 83 89 76 76 67 75 62 62 67 79 77 83 81 69 73 79 76 76 75 73 78 75 71 74 67 66 74 73
98 100 92 91 91 90 87 87 87 86 89 88 87 83 83 82 85 87 90 89 86 81 81 79 82 82 95 103 112 100 92 97 102 113 109 95 88 81 79 74 75 69 77 72 70 68 67 68 70 72 67 64 63 56 55 57 62 60 64 79 81 81 84 82 71 79 93 87 77 85 83 71 71 77 64 62 64 73 87 88 75 70 70 79 76 70 79 79 84 77 76 72 66 71 77 80
