grids/precipitation/nov/RSMS_11_1883_01.asc
NCOLS 654
NROWS 866
XLLCORNER 3280414.711633467
YLLCORNER 5237500.62890625
CELLSIZE 1000
NODATA_VALUE -999
[rows 600 to 649 of 866, columns 288 to 383 of 654]
57 56 55 52 52 50 46 49 46 44 46 46 47 45 45 40 39 40 43 41 41 42 45 47 47 45 49 50 51 51 50 51 51 50 52 52 52 51 53 56 56 55 56 57 56 53 54 52 55 54 52 52 51 49 46 46 46 47 48 48 48 47 44 42 41 40 40 38 38 38 37 37 38 38 39 37 38 36 38 41 40 42 45 49 49 49 50 55 56 50 51 52 58 62 57 64
57 56 55 53 51 46 48 49 48 46 45 48 48 47 47 42 44 40 41 42 42 43 43 46 46 46 50 50 51 51 50 52 50 51 52 51 51 51 51 51 53 56 55 55 55 55 52 53 54 53 50 51 50 48 46 46 47 47 47 47 47 44 42 40 41 40 39 38 38 37 37 37 38 37 38 37 36 37 39 41 41 42 44 49 50 49 50 51 55 50 51 51 56 61 56 63
57 55 53 50 50 46 48 47 47 43 44 47 46 46 46 45 44 42 43 41 40 41 43 45 44 45 49 49 50 50 51 51 50 51 52 52 51 51 50 51 51 53 53 54 56 54 51 50 53 54 51 51 51 46 47 48 47 48 48 49 46 44 42 40 40 40 39 39 37 37 37 37 36 36 38 36 36 37 39 43 43 45 47 48 48 47 46 53 55 53 52 51 54 58 57 60
56 55 53 50 49 48 46 45 45 46 44 47 48 46 44 46 44 42 43 42 41 43 47 43 44 48 48 50 49 52 53 55 53 52 52 51 50 51 53 50 49 49 50 53 52 55 51 51 48 51 51 49 48 48 48 49 49 50 49 49 48 45 42 41 41 40 39 38 38 37 37 37 36 36 36 35 35 37 42 43 43 44 45 47 46 46 48 49 50 51 50 50 50 52 53 56
54 54 52 50 48 48 44 45 44 46 47 48 49 47 46 45 45 44 44 39 42 44 47 43 47 51 54 52 51 50 49 54 51 49 50 50 49 49 50 50 49 49 49 49 51 52 54 52 49 50 49 48 46 47 49 50 50 51 50 49 47 46 44 43 42 42 42 41 38 38 38 37 37 36 37 36 36 37 38 40 41 42 44 44 44 44 44 46 49 49 47 48 47 48 50 56
56 56 54 51 49 46 46 45 43 44 47 47 47 48 47 47 46 45 44 43 43 43 43 49 48 49 49 47 49 47 48 47 48 47 49 49 49 50 51 53 51 51 50 50 49 48 49 49 50 47 47 50 50 48 53 52 52 53 51 50 49 48 46 44 42 42 40 40 39 38 37 37 37 37 35 35 36 37 38 39 40 40 43 43 44 44 44 45 46 46 47 46 46 47 50 51
59 56 54 50 49 46 48 47 44 46 47 47 49 49 48 48 47 45 45 44 43 42 44 43 45 50 48 47 49 48 47 46 46 47 46 47 50 55 55 53 52 51 51 51 51 53 52 49 48 48 49 49 51 52 52 55 55 54 53 51 48 47 46 43 42 40 40 40 38 38 38 38 37 38 36 36 37 37 39 39 40 40 41 41 42 43 43 44 44 44 44 44 45 45 47 51
59 57 53 51 48 48 47 48 47 48 47 49 50 49 49 48 48 47 46 45 45 46 44 46 49 55 49 49 47 46 46 45 45 45 45 50 52 51 53 55 53 53 51 50 48 53 53 53 50 49 49 52 50 53 55 56 56 56 55 53 51 48 45 43 42 41 38 39 38 38 38 38 38 37 36 36 37 37 38 40 40 40 41 41 42 43 43 44 44 44 44 43 45 45 47 48
59 57 53 51 50 50 49 49 49 49 49 50 50 49 50 47 48 47 46 46 46 45 45 47 48 52 51 52 49 47 47 45 46 43 48 49 48 49 49 49 50 53 52 48 48 48 48 48 48 49 50 49 51 52 53 55 55 55 55 52 52 50 46 41 40 39 38 39 38 39 38 38 38 38 37 36 37 37 38 39 40 41 41 42 42 43 45 45 45 46 45 45 47 48 48 49
60 58 54 53 51 50 49 49 49 50 49 50 50 48 49 49 48 47 47 47 47 47 46 47 47 49 50 49 48 46 46 45 45 48 49 49 50 50 49 51 50 51 49 48 48 48 51 48 49 49 51 52 51 53 53 54 56 56 59 54 52 48 44 43 42 41 39 37 38 37 38 38 39 38 37 37 37 37 38 40 40 41 43 45 45 45 47 47 48 48 47 45 48 50 49 51
61 58 55 52 50 48 49 51 51 51 51 49 49 50 49 49 48 48 48 46 46 47 48 50 50 48 49 49 49 47 47 49 48 46 47 46 48 50 49 49 48 49 48 48 48 48 51 51 51 50 49 51 52 52 53 53 52 52 53 50 47 46 45 45 43 41 40 39 39 38 38 37 38 38 37 36 38 38 38 38 40 41 43 44 46 48 46 49 48 51 47 46 49 49 50 49
61 60 55 52 52 50 50 53 53 50 51 53 53 50 51 51 50 48 49 47 47 48 49 50 51 49 49 50 50 48 48 49 47 47 45 45 44 46 49 48 47 46 47 48 48 51 52 50 52 53 52 52 52 52 52 49 52 52 52 49 46 47 46 45 43 41 42 40 40 39 40 39 39 39 37 36 37 38 38 38 40 40 41 42 44 45 47 46 48 48 50 50 51 49 48 51
64 61 56 53 54 52 52 52 52 54 54 52 53 53 51 52 50 51 49 46 46 47 47 48 49 51 54 54 51 52 53 50 49 48 44 44 44 44 45 45 45 46 49 48 48 48 52 53 53 54 52 52 52 52 48 50 52 51 50 47 47 48 47 46 44 43 42 41 40 40 40 40 40 39 37 36 37 37 37 37 38 38 40 41 42 43 45 46 46 48 49 49 49 51 49 50
63 61 56 57 56 55 54 51 54 54 56 56 53 53 54 54 50 50 50 49 47 49 49 50 50 52 53 56 55 52 49 47 46 45 46 45 45 44 43 44 44 49 47 50 49 50 52 53 54 52 52 52 49 49 53 51 51 49 47 46 46 46 47 45 45 42 42 42 40 40 40 40 40 38 37 36 37 37 36 37 38 38 39 41 41 42 43 44 45 46 47 48 48 48 48 50
64 60 58 58 57 57 54 56 55 55 56 56 55 55 55 53 52 51 52 48 49 50 51 53 52 51 53 52 51 51 49 49 47 44 44 44 44 44 43 44 45 49 47 47 49 50 52 51 53 51 49 52 52 52 52 50 50 49 47 46 47 44 46 44 45 43 42 41 41 40 40 40 39 38 37 37 37 35 36 36 37 38 39 41 43 43 46 45 45 46 46 48 50 48 50 50
66 60 61 55 59 58 52 56 57 57 56 57 56 57 56 55 55 54 52 52 52 52 52 53 53 53 53 52 51 53 49 47 46 45 42 43 43 43 43 44 47 50 52 50 50 51 50 52 52 53 52 52 52 52 52 50 50 50 49 47 45 44 45 44 42 42 42 39 39 39 39 39 39 38 36 37 36 36 36 35 36 37 40 41 43 44 46 46 45 45 46 48 46 49 49 48
66 58 57 58 54 54 57 58 57 57 57 57 57 57 55 55 55 55 53 53 53 53 53 53 52 54 53 51 50 49 50 47 46 46 44 44 43 43 44 45 46 50 50 50 49 49 49 51 53 53 52 51 48 51 52 50 50 49 48 47 46 46 44 42 41 41 41 38 38 38 38 37 37 37 36 36 36 37 35 35 36 37 40 42 42 42 43 44 44 44 46 46 45 45 47 48
67 57 61 63 57 55 58 53 56 57 57 57 57 56 57 56 55 55 52 53 54 54 53 52 52 49 52 51 48 49 47 47 45 44 43 43 43 43 43 46 50 50 50 49 50 49 51 53 54 53 52 52 50 50 50 50 50 49 44 45 44 43 44 43 43 43 42 40 40 38 39 38 37 37 37 36 36 36 36 36 36 38 40 41 42 42 42 42 43 43 44 45 45 45 48 48
58 59 66 65 60 54 58 58 58 53 56 55 54 54 54 52 52 51 52 53 54 54 53 51 53 53 51 49 47 47 46 46 44 44 44 44 44 44 44 52 51 50 49 47 48 50 52 54 52 54 53 52 51 50 48 49 46 46 49 46 46 47 46 45 43 42 41 41 40 39 38 37 37 37 37 36 36 36 37 37 38 38 40 41 41 42 42 42 43 43 43 43 45 47 48 50
68 68 67 66 60 57 58 60 61 59 58 55 54 55 55 55 54 54 52 52 52 53 53 52 51 49 50 48 47 47 47 45 44 44 44 44 44 45 48 53 51 49 46 48 51 51 48 55 54 54 53 52 49 48 46 46 46 46 48 47 47 47 46 45 43 43 41 40 40 39 39 38 37 37 36 36 36 36 36 38 39 38 39 41 41 41 41 41 41 41 43 44 44 47 48 50
71 72 68 62 59 57 64 62 62 59 58 56 55 57 55 55 56 54 53 52 53 53 51 51 51 51 48 47 47 46 46 44 44 44 45 44 46 49 50 51 53 52 48 46 49 50 52 51 51 54 52 52 47 49 49 48 48 48 47 47 46 46 44 43 42 42 40 42 41 41 41 39 38 38 36 36 36 36 36 38 39 39 40 40 40 39 40 41 41 41 43 43 44 46 48 50
68 71 66 64 65 62 56 61 62 62 59 57 57 57 55 55 55 55 53 53 53 52 50 52 51 48 47 47 47 46 46 46 45 45 46 46 46 47 48 50 52 50 48 47 46 48 49 54 53 50 49 49 50 52 48 48 48 47 46 46 47 46 46 44 43 45 43 43 41 41 39 39 39 39 38 36 37 37 37 37 37 37 38 39 38 39 40 41 41 43 43 44 45 46 48 49
71 70 70 64 67 67 64 62 58 61 61 59 58 59 58 57 55 53 54 55 54 52 52 51 47 46 47 47 47 47 48 48 47 46 46 46 49 49 48 47 48 46 46 44 48 48 46 48 48 49 49 46 48 51 50 49 49 48 48 49 48 48 47 46 45 45 45 44 43 42 41 40 40 40 41 38 37 38 37 37 37 37 38 39 39 39 39 40 41 42 43 44 46 46 48 49
71 71 70 68 67 66 60 64 62 54 57 57 57 58 57 56 56 56 55 55 53 53 52 49 48 47 50 48 48 47 48 50 48 48 49 49 47 47 48 49 48 48 46 50 50 52 51 47 47 48 52 48 48 50 50 49 48 48 48 47 46 47 45 44 43 41 43 43 43 41 42 41 40 39 39 38 38 37 37 37 37 37 37 38 39 40 39 40 42 42 43 44 46 48 51 48
71 73 72 70 69 69 60 65 64 63 60 54 58 51 54 57 56 56 55 54 54 57 51 51 50 55 53 50 48 48 50 50 50 53 49 48 48 48 49 49 50 52 48 52 53 51 53 50 49 52 50 50 48 51 50 49 48 48 47 45 45 45 44 43 41 44 40 44 42 42 39 39 38 39 39 39 38 38 37 37 37 36 37 40 39 39 40 42 42 42 42 43 45 46 47 48
67 74 72 71 69 69 67 59 65 63 61 58 60 57 51 56 57 56 55 53 52 52 52 56 54 53 55 57 51 51 53 54 53 52 51 54 54 54 50 51 50 49 50 52 50 50 51 54 53 53 52 51 51 52 49 48 48 47 47 46 45 45 43 44 43 39 40 39 39 38 39 39 39 39 38 39 38 38 38 37 37 37 37 39 40 39 41 42 42 42 43 43 44 46 46 48
70 73 74 71 70 68 67 61 64 63 63 62 59 60 54 58 58 57 55 52 50 49 50 51 55 55 53 53 55 56 54 55 53 51 50 51 53 50 55 55 52 53 55 54 52 50 51 49 49 50 52 52 51 49 49 48 47 47 45 45 45 44 43 41 40 38 38 37 38 38 40 40 40 40 41 40 38 37 37 38 38 38 38 39 40 41 41 42 42 42 43 46 46 47 47 48
69 72 75 71 71 68 67 65 62 63 63 63 61 60 60 56 58 57 54 52 50 49 48 52 52 52 53 53 54 54 55 55 54 51 50 48 50 50 54 55 54 55 55 56 54 53 53 52 52 51 50 48 49 48 47 48 46 47 46 45 43 41 39 40 40 40 39 38 39 38 39 42 42 41 41 40 40 40 40 39 39 39 39 40 41 42 42 43 43 43 44 45 45 46 47 48
75 73 74 71 71 69 67 64 62 63 64 63 62 63 61 52 57 57 54 52 50 49 50 51 49 49 55 53 54 53 53 53 55 58 52 48 48 48 49 51 53 54 54 54 53 51 52 50 52 51 51 49 46 49 47 45 45 45 44 44 44 42 41 40 41 42 40 40 40 41 42 43 43 43 41 41 41 40 39 39 39 39 39 40 41 42 44 43 45 45 44 46 45 48 46 47
75 73 72 71 71 69 65 64 63 64 65 64 64 63 62 57 56 58 56 52 49 49 49 45 48 49 53 54 54 55 53 54 55 51 54 52 51 50 50 51 52 53 53 53 53 52 50 52 48 48 50 50 48 49 49 46 45 45 45 43 41 42 42 43 43 42 42 40 40 41 43 43 44 44 42 42 41 41 39 38 39 39 39 40 41 42 45 45 45 44 45 45 44 44 45 46
77 75 71 71 69 68 67 65 63 64 65 65 66 64 62 60 55 58 58 54 52 53 52 48 52 52 54 55 56 54 53 53 54 52 54 52 52 52 52 49 49 53 54 53 53 52 52 51 49 49 49 46 49 46 48 45 46 47 45 46 41 41 42 41 42 42 41 39 38 40 43 44 44 44 44 44 43 40 40 38 39 39 40 40 42 42 43 44 43 44 44 43 44 44 46 47
74 75 71 72 71 69 65 63 62 63 64 64 63 64 62 56 57 59 56 53 53 55 53 53 52 53 54 54 55 54 54 54 54 54 55 52 52 51 52 50 53 54 55 54 52 51 50 50 51 48 46 50 48 48 48 45 46 47 46 46 46 47 44 44 43 43 41 40 39 41 44 44 44 44 44 42 42 42 41 39 39 40 39 41 41 42 44 42 42 43 43 43 45 45 44 44
71 76 72 73 71 71 66 64 64 64 64 65 65 64 63 60 59 58 55 52 54 58 55 54 53 52 52 55 54 54 54 54 54 58 55 57 55 53 51 50 52 52 52 53 52 50 50 50 47 50 49 48 49 48 48 46 48 48 48 47 47 47 45 45 45 44 42 40 39 40 42 44 44 44 44 44 43 41 41 39 39 40 40 41 41 41 42 41 42 42 42 43 43 43 43 43
76 70 72 74 71 70 68 64 65 65 63 64 64 63 60 60 57 57 53 54 54 54 53 56 53 54 54 54 54 53 54 54 54 57 56 57 56 56 52 50 49 53 52 52 52 51 46 49 50 46 49 49 47 48 46 48 48 48 47 47 48 47 47 45 45 43 40 42 41 40 40 43 43 44 43 43 43 41 41 41 39 40 40 41 40 41 41 42 42 43 44 44 45 45 44 44
76 77 75 74 73 72 70 68 66 65 65 64 64 63 61 59 59 56 55 53 55 56 57 60 60 56 54 54 53 53 54 53 52 52 53 57 53 52 51 50 49 51 52 51 49 49 46 46 45 43 46 47 49 46 49 47 47 47 49 48 48 48 47 45 44 44 42 41 40 41 42 42 41 41 43 44 43 42 41 41 40 38 39 39 40 40 41 42 42 43 44 44 44 44 44 45
77 76 76 74 74 73 71 69 67 66 66 65 64 62 63 60 58 57 54 56 57 55 59 58 58 60 57 56 55 55 54 53 51 52 53 53 53 55 50 49 49 48 49 51 50 48 48 46 44 43 44 44 44 47 46 46 46 48 49 48 47 48 47 46 45 44 44 42 42 41 41 42 41 40 40 41 41 41 40 40 39 39 39 40 40 41 41 42 42 43 43 43 43 43 44 45
78 78 75 76 75 75 72 69 68 67 66 64 63 63 63 60 59 58 55 56 59 57 59 59 58 58 59 57 56 53 54 51 52 52 54 52 55 55 53 52 50 49 46 50 50 48 46 46 47 47 48 49 44 47 48 47 48 48 49 48 48 47 48 46 45 45 44 44 44 44 42 42 41 41 42 41 41 41 42 40 40 40 39 40 41 41 42 43 42 42 44 43 43 43 44 44
78 78 78 76 76 74 73 70 68 67 65 63 64 63 63 61 58 57 56 58 63 60 64 60 58 58 58 58 53 55 54 52 52 51 51 52 55 55 55 52 51 49 46 45 48 48 45 46 46 47 48 48 48 49 49 49 49 49 47 48 47 48 47 47 47 47 45 45 45 45 42 42 42 41 41 43 43 42 42 41 40 39 39 40 41 41 42 41 42 43 43 43 44 45 46 45
79 79 78 77 76 75 72 70 70 67 65 64 65 63 63 60 60 59 59 58 58 64 62 60 58 58 57 56 55 53 53 53 51 51 50 50 52 53 53 53 49 48 50 46 45 45 44 47 46 47 47 49 49 50 49 49 49 49 49 47 46 46 46 47 47 46 44 44 44 44 43 43 42 43 43 43 42 41 40 39 40 39 38 39 39 40 41 41 42 43 43 43 43 44 46 46
80 78 78 76 77 76 73 70 70 69 66 65 66 65 63 62 61 59 57 58 62 63 59 61 60 59 57 57 60 58 54 53 50 50 48 50 50 51 51 51 48 49 48 48 48 44 45 47 45 46 48 49 49 48 49 49 48 49 48 47 46 47 45 45 45 44 44 44 43 44 44 43 43 43 42 41 41 40 41 40 40 40 39 41 40 39 40 41 43 43 43 43 43 44 46 46
80 80 78 78 77 75 73 70 70 68 67 67 66 65 61 61 60 61 59 59 59 58 60 62 63 61 61 58 57 59 53 51 52 48 50 49 51 51 51 52 50 52 48 46 47 47 47 45 47 48 48 49 46 45 45 46 49 49 49 47 47 46 45 45 45 45 45 43 43 43 44 43 43 43 43 43 43 41 44 43 42 41 41 39 40 41 41 42 42 42 43 43 45 44 45 46
80 78 77 77 77 75 72 71 70 68 68 67 65 64 61 61 62 63 59 58 61 61 61 67 66 65 64 75 58 55 53 50 49 48 48 50 50 51 51 50 50 51 50 49 48 50 48 49 45 45 46 47 46 45 45 49 47 47 49 47 46 46 45 45 45 45 44 44 43 44 43 43 43 43 41 43 46 45 41 42 42 41 39 39 40 40 41 41 42 42 43 43 44 45 46 48
80 79 77 78 76 73 72 71 71 68 67 66 66 65 65 64 65 64 62 60 62 67 62 66 67 64 66 60 59 56 55 53 53 52 49 49 49 50 52 52 51 53 51 51 50 48 48 48 45 45 47 46 45 49 48 46 45 45 46 48 46 46 45 46 46 45 46 46 44 43 43 43 42 40 39 39 42 41 40 42 41 42 39 39 41 41 41 41 41 42 43 44 45 45 45 46
79 78 76 77 76 76 71 68 70 68 67 68 68 67 66 64 63 63 63 66 70 66 64 68 67 64 63 62 61 58 56 53 52 51 50 50 49 50 50 52 50 51 52 51 49 49 48 48 45 48 46 49 49 48 47 46 47 47 47 45 46 45 47 47 47 46 46 46 46 44 43 42 42 41 40 40 40 39 39 42 42 41 41 41 41 41 41 41 42 42 42 43 45 44 45 45
80 78 76 71 76 75 72 68 68 68 67 68 68 69 66 63 64 65 70 69 69 69 68 66 68 64 62 63 64 58 56 54 54 52 52 50 49 49 51 52 50 50 50 51 48 50 49 48 49 48 49 49 49 47 48 50 50 50 49 46 46 46 46 48 47 45 45 44 44 44 42 42 42 41 39 40 39 40 40 41 42 41 41 40 41 41 41 41 41 42 42 43 45 44 45 45
79 72 77 75 73 72 71 70 68 68 70 70 69 69 68 67 65 71 71 70 68 71 73 70 67 64 62 63 64 61 59 59 56 54 53 51 51 49 50 52 51 51 50 52 49 50 49 49 49 49 50 49 49 49 50 50 50 49 50 50 49 48 47 47 47 45 45 44 43 44 43 43 42 41 43 40 45 40 41 41 41 41 41 41 41 41 41 41 42 44 44 44 44 45 45 46
78 72 77 75 73 72 70 71 70 68 71 71 69 69 69 70 70 70 70 71 69 69 70 68 67 65 63 62 61 60 63 62 60 57 53 53 50 50 50 51 52 50 50 50 50 50 50 47 49 49 49 48 48 49 49 50 50 50 49 50 46 49 49 50 46 46 45 45 44 43 42 42 42 40 37 38 41 39 41 42 42 42 41 41 41 41 41 41 41 42 44 42 42 44 46 45
72 77 73 73 73 72 70 71 70 72 72 72 71 70 71 70 74 75 71 69 69 68 69 69 68 66 64 63 62 60 62 62 58 59 55 53 52 51 49 50 50 50 49 49 48 50 50 49 48 49 48 48 48 48 49 50 49 48 48 48 48 48 47 48 45 45 46 45 43 43 42 42 42 41 41 43 43 43 41 41 41 39 41 41 41 41 41 41 40 41 41 41 42 45 45 46
77 78 75 73 72 71 70 70 70 72 73 72 72 72 71 71 75 74 72 69 69 69 69 67 68 66 64 62 63 64 62 62 59 56 58 54 53 52 51 50 50 50 48 48 48 50 50 48 48 48 46 47 47 47 48 50 50 50 48 48 48 48 46 45 45 46 46 45 44 42 42 41 41 41 40 40 40 40 40 40 39 38 39 39 40 41 41 40 39 40 41 41 43 43 45 46
75 73 73 70 71 71 72 73 71 74 74 71 72 72 73 72 74 76 74 71 70 68 67 68 71 66 65 61 66 62 62 62 61 60 55 57 53 52 51 52 51 51 49 47 47 50 48 47 48 47 46 46 47 47 47 48 48 48 48 48 48 48 46 46 46 46 46 46 45 43 41 40 41 41 40 39 38 38 38 39 39 38 40 40 40 41 40 41 40 41 41 41 42 42 43 43
