grids/precipitation/nov/RSMS_11_1882_01.asc
NCOLS 654
NROWS 866
XLLCORNER 3280414.711633467
YLLCORNER 5237500.62890625
CELLSIZE 1000
NODATA_VALUE -999
[rows 282 to 328 of 866, columns 96 to 191 of 654]
97 97 98 97 101 101 100 99 99 99 99 99 100 100 97 99 97 99 99 97 99 101 102 102 102 98 97 95 95 93 93 93 95 96 99 101 104 105 105 106 113 112 110 116 112 108 110 107 107 105 101 100 96 95 93 93 92 92 91 91 92 94 98 99 101 101 97 94 90 90 90 90 90 86 86 86 86 84 84 84 83 83 83 83 82 82 82 81 82 81 79 79 78 78 77 77
98 98 97 97 99 100 100 99 97 97 99 100 101 100 100 100 103 101 99 98 98 99 101 102 102 99 95 95 94 94 93 93 93 96 99 100 100 103 106 106 108 108 110 113 112 113 110 108 107 104 101 99 93 93 93 92 92 92 91 91 92 97 102 101 101 98 94 91 88 88 88 87 86 86 86 86 86 85 84 83 83 84 84 85 83 85 83 81 82 81 79 79 78 78 77 76
98 98 98 100 99 99 97 97 99 99 100 104 103 104 103 101 100 100 99 98 98 98 99 99 99 97 96 94 94 94 92 93 93 97 97 100 100 100 101 103 104 106 108 110 112 110 107 107 105 104 101 95 90 92 92 92 92 92 91 91 91 94 102 97 98 97 91 90 90 90 87 87 86 86 86 86 85 85 84 83 84 84 85 85 83 83 83 81 81 81 79 78 78 78 76 75
98 98 98 99 99 99 99 97 100 100 101 103 101 101 100 99 99 99 98 98 97 97 97 99 97 97 96 96 94 94 94 94 93 95 97 99 100 100 101 103 103 103 104 108 109 109 105 107 104 101 97 93 93 92 92 92 92 92 91 91 91 91 95 94 94 92 92 90 88 88 88 86 86 86 86 85 85 84 84 84 84 84 85 85 85 86 83 82 82 81 79 79 78 77 76 75
99 99 99 98 99 98 98 97 99 100 100 101 101 102 101 99 99 99 99 99 99 97 97 99 97 97 96 96 96 94 94 94 95 95 97 97 100 99 100 100 101 103 103 105 108 106 105 104 100 99 96 93 92 92 92 92 92 91 91 91 94 90 94 92 92 94 91 90 88 90 87 88 86 86 86 84 84 85 84 83 83 83 83 83 85 83 83 82 82 81 80 80 78 77 78 76
99 99 99 99 100 98 99 98 98 99 101 101 101 101 99 99 100 100 99 99 98 97 97 97 97 97 96 96 97 96 96 96 97 97 98 98 99 101 99 100 100 100 101 102 105 104 102 100 99 97 96 93 93 93 92 92 92 92 91 90 90 90 90 90 90 92 90 90 89 88 87 87 86 86 86 84 84 84 84 83 81 81 83 83 83 83 83 83 81 81 80 78 79 79 78 76
99 99 99 99 100 100 99 99 98 98 98 98 99 101 102 99 100 100 100 99 98 98 98 97 97 97 97 97 97 97 96 97 97 97 97 98 99 99 101 100 100 100 100 102 99 101 101 99 100 97 95 93 93 93 92 92 92 92 92 90 92 90 90 89 89 90 92 90 90 89 86 86 86 86 84 83 84 84 84 83 81 81 81 85 85 86 83 83 81 81 81 79 80 79 78 76
99 99 99 99 100 100 100 99 99 98 99 98 99 100 100 100 100 101 101 98 98 98 99 98 97 98 98 97 97 97 98 97 97 97 100 98 98 99 99 99 100 99 100 101 99 102 104 99 99 97 96 93 93 93 92 92 92 92 92 90 92 92 90 89 90 90 92 90 90 89 86 86 86 86 84 86 84 83 84 82 81 84 86 88 93 92 95 95 83 83 80 80 79 79 79 78
102 99 99 99 101 101 101 100 100 99 99 100 99 100 101 101 99 101 101 99 98 98 99 98 98 98 98 98 98 98 98 98 98 97 99 99 99 100 99 98 101 100 100 101 99 105 105 104 97 100 96 96 95 94 95 92 92 92 92 91 90 91 90 91 92 91 91 91 90 88 89 86 86 85 86 84 84 84 84 84 85 94 98 100 93 101 98 85 83 82 80 79 79 80 80 80
102 102 100 102 100 101 101 101 101 99 99 101 101 101 101 99 100 102 100 100 100 100 100 99 99 99 99 99 99 99 98 98 98 99 101 101 101 99 99 99 99 101 100 101 100 101 102 104 107 105 97 95 94 95 93 93 92 92 91 91 90 92 90 90 90 92 91 90 90 88 88 87 87 85 85 86 86 84 86 89 88 88 94 106 106 97 90 84 83 82 80 80 80 80 80 80
102 103 102 102 103 102 102 101 101 99 99 101 99 101 102 102 103 103 102 102 100 102 100 99 99 99 99 99 99 99 99 98 98 99 99 99 101 101 102 99 99 101 99 100 101 101 102 103 101 105 103 102 99 97 93 92 92 92 90 92 92 92 90 89 90 92 92 90 90 90 86 86 87 87 86 86 86 86 86 86 86 86 90 92 90 88 87 83 82 82 80 80 80 80 80 80
102 102 102 102 103 104 100 102 102 100 100 102 102 100 102 103 103 103 104 102 100 102 101 99 99 99 99 99 99 99 99 99 98 98 99 101 99 101 102 102 101 101 99 100 101 99 99 99 100 101 102 102 104 97 94 92 92 93 90 92 92 91 91 91 90 91 91 90 88 88 87 88 87 87 86 86 86 86 86 86 85 87 84 86 85 84 84 82 82 82 81 81 80 80 80 80
104 104 102 102 104 102 102 101 102 101 101 102 104 104 102 104 104 104 104 104 102 102 102 102 99 100 100 100 99 99 99 99 99 99 100 100 98 99 102 102 102 101 98 101 101 99 99 99 98 99 99 101 103 98 94 92 92 91 94 92 90 92 92 92 92 92 92 92 90 89 87 88 87 86 85 86 86 85 86 85 86 86 86 85 83 84 83 83 82 82 81 81 81 80 80 80
104 104 102 103 103 103 104 103 103 102 102 104 104 104 104 106 106 106 104 103 104 103 102 100 101 100 100 100 100 100 99 98 98 99 100 100 100 100 101 99 99 100 98 99 101 98 97 97 96 96 96 96 96 96 94 92 90 90 92 92 92 94 96 100 98 94 92 91 91 90 88 86 86 85 86 85 85 84 86 85 86 87 85 88 85 84 84 83 85 82 82 81 81 81 79 80
104 104 104 103 104 109 104 104 104 102 102 106 106 104 104 106 106 106 105 104 104 104 102 101 101 101 101 101 101 101 100 98 98 99 100 100 102 102 101 101 101 101 100 99 101 101 97 97 96 97 95 97 96 98 96 94 93 94 93 92 96 98 104 104 108 106 93 90 89 89 88 87 86 86 86 85 85 86 86 85 86 87 86 87 85 85 85 85 85 86 84 82 82 82 83 82
105 105 105 104 104 105 108 104 104 102 102 107 107 107 105 107 107 107 105 104 104 103 103 101 101 101 101 101 101 101 99 100 98 99 101 102 102 102 100 101 101 101 100 99 99 99 99 97 96 95 96 94 96 95 100 100 98 96 92 94 99 108 108 106 106 99 98 92 90 89 89 88 86 86 85 84 86 87 86 86 86 87 88 88 85 87 85 86 85 85 84 84 82 83 84 82
107 106 106 106 107 107 110 106 106 104 103 104 107 107 109 109 107 107 106 104 104 103 103 101 101 101 101 101 101 99 99 99 100 100 101 101 101 100 100 100 99 99 99 99 99 99 99 97 96 95 94 94 94 93 94 98 103 103 99 99 105 104 99 99 99 96 92 91 88 90 88 88 87 86 85 86 86 86 87 88 86 88 88 88 87 87 87 86 86 85 85 84 84 84 84 84
110 108 110 110 110 107 107 106 104 106 103 106 107 107 108 110 108 107 105 105 104 104 104 102 102 102 101 101 101 101 101 99 101 100 102 102 101 100 100 100 100 99 99 99 98 99 98 97 96 95 93 92 92 92 93 96 97 100 99 99 102 104 101 97 96 95 97 92 88 87 87 86 86 86 85 84 86 87 85 86 87 87 88 88 88 87 87 86 86 85 85 84 85 85 84 84
109 109 108 110 110 110 107 106 106 106 103 107 107 107 108 109 109 109 106 104 104 104 104 102 102 102 102 101 101 102 101 101 101 102 103 102 101 99 100 100 100 100 99 100 99 98 99 97 96 95 93 92 92 93 94 94 96 100 100 99 97 97 101 101 101 104 105 100 93 88 87 86 86 86 86 84 86 87 85 86 87 87 88 88 88 88 87 86 86 86 86 85 85 85 86 88
109 110 110 112 110 110 110 108 106 106 105 107 107 107 107 107 107 108 107 105 104 104 103 103 102 102 101 101 102 102 102 103 102 104 112 115 102 102 102 100 102 100 99 101 99 98 99 98 96 95 94 94 92 93 98 97 97 96 97 98 94 93 95 95 99 100 102 101 96 96 101 96 88 86 86 84 86 86 85 88 87 87 88 88 88 88 87 86 86 87 86 85 85 84 84 86
111 113 111 114 112 112 110 108 108 107 107 105 107 107 108 107 107 107 107 105 105 104 104 103 103 103 103 101 103 103 104 105 112 110 115 112 102 102 102 102 102 102 99 101 99 97 99 99 97 95 94 94 92 96 96 98 95 97 97 93 93 93 97 97 97 96 97 98 95 97 97 92 86 85 85 85 86 84 85 87 88 89 89 88 88 87 87 87 87 86 86 86 84 83 83 82
113 112 114 116 114 114 112 110 109 107 107 106 105 107 107 106 106 106 106 104 104 104 104 104 104 104 101 104 104 104 107 113 114 115 116 105 110 109 107 100 100 102 101 100 102 99 99 98 96 98 94 96 92 96 98 95 98 95 95 96 96 97 97 96 100 95 96 97 96 93 93 92 87 86 99 88 84 85 86 89 90 88 89 88 88 88 87 87 87 87 86 85 84 84 83 82
113 113 113 116 116 115 113 109 109 109 110 105 105 105 106 105 105 105 105 105 105 105 104 104 104 104 104 104 104 105 105 116 116 119 118 107 111 115 110 112 106 103 99 101 100 99 101 99 97 99 97 94 94 93 96 95 108 96 95 94 96 98 94 95 94 93 98 96 98 96 93 90 92 88 92 98 88 88 86 89 90 90 89 88 88 89 88 87 87 87 86 86 84 84 83 84
114 114 114 117 116 117 114 112 110 109 110 107 107 106 103 106 106 104 104 104 106 106 106 105 104 104 105 104 104 106 106 107 116 116 121 108 115 117 118 117 115 112 103 102 103 101 102 100 99 97 98 93 95 94 92 93 91 91 96 91 93 92 96 96 94 95 91 95 100 95 96 95 93 94 95 96 92 101 99 92 88 90 89 90 88 87 89 87 87 86 87 86 86 85 84 82
115 115 115 115 115 116 113 113 112 110 110 109 107 106 106 103 105 103 103 105 105 105 106 106 106 106 107 106 105 106 106 104 106 108 113 112 118 118 121 120 119 115 107 102 104 102 104 99 98 99 99 96 95 93 94 90 89 88 94 91 91 93 96 92 93 93 93 90 89 89 88 89 92 89 91 92 99 101 107 106 92 89 91 90 93 92 93 90 89 88 87 86 86 87 85 85
114 116 116 116 114 114 114 115 112 112 109 110 109 107 105 104 104 102 105 105 105 106 105 107 107 107 106 108 106 106 106 104 103 106 113 119 119 119 121 120 99 116 102 102 104 104 104 99 98 96 98 96 96 98 93 91 88 89 88 89 92 94 99 98 89 92 96 90 89 86 87 85 85 87 94 96 92 96 99 107 112 92 91 97 101 111 99 99 96 96 88 88 88 87 88 89
115 115 115 115 115 115 113 112 112 112 111 109 109 108 106 111 103 103 103 105 105 105 107 109 109 109 108 107 110 112 108 104 104 106 106 110 119 123 124 121 120 118 117 107 102 104 104 100 98 96 95 96 95 96 94 93 95 92 92 90 91 98 91 93 90 94 96 90 92 89 83 85 86 87 96 94 95 97 100 101 106 96 97 94 102 115 111 107 103 106 95 91 90 91 92 95
115 115 114 114 114 114 113 113 113 111 112 111 111 111 110 108 105 104 104 106 106 106 107 107 108 108 108 108 108 112 118 112 112 107 107 106 107 109 108 112 107 112 120 111 107 104 102 99 101 99 96 98 95 94 94 94 93 93 92 92 91 91 93 92 95 98 96 93 89 86 88 86 91 91 93 101 104 98 100 103 104 99 103 99 97 103 107 99 94 95 96 90 93 104 95 113
116 115 115 115 113 114 114 114 114 114 113 118 118 114 114 112 111 111 108 107 107 109 109 109 108 108 108 107 108 108 109 116 116 109 109 107 105 103 104 104 116 104 106 107 101 98 98 97 97 96 95 96 95 94 94 95 94 94 93 93 92 92 93 92 92 90 88 87 84 83 83 87 91 97 93 96 104 106 105 103 103 102 98 98 94 107 106 107 102 94 91 98 104 115 123 129
115 114 114 114 113 113 113 115 114 121 117 117 117 114 110 111 114 110 106 109 109 109 111 109 109 108 110 109 108 107 107 108 108 119 114 109 107 106 102 100 107 110 99 106 99 99 104 108 102 97 96 100 94 95 95 97 96 96 95 93 92 92 92 91 90 89 87 85 83 83 83 83 86 88 95 97 98 103 112 106 99 97 97 96 96 106 110 115 106 96 95 104 123 117 110 108
117 117 116 114 114 114 115 116 113 120 116 114 114 114 111 110 110 111 109 110 110 110 112 111 109 109 112 109 107 109 108 105 105 108 110 120 117 108 103 99 100 100 98 107 108 103 102 98 98 96 96 98 96 96 96 97 97 103 103 96 97 92 92 95 93 90 87 91 83 82 83 83 83 84 88 97 104 110 112 106 107 104 100 101 96 100 99 100 98 98 98 99 107 108 101 106
118 118 117 117 115 116 115 115 117 115 115 115 115 115 112 112 111 112 111 111 111 111 113 112 112 112 111 109 109 109 107 107 105 105 105 109 124 109 108 101 100 99 98 101 104 106 104 100 99 103 96 102 98 95 101 97 97 105 105 100 102 98 93 91 92 88 85 88 87 83 81 83 83 84 87 89 96 98 99 102 107 106 101 99 97 102 99 100 98 96 95 101 102 103 103 103
118 119 118 117 117 120 117 116 117 116 116 116 116 116 116 115 113 114 114 114 111 111 111 112 112 112 112 112 109 109 109 108 106 105 104 105 105 104 105 117 104 102 103 107 108 110 105 104 100 101 98 100 101 100 96 98 98 101 102 101 107 102 101 101 103 97 89 86 83 81 85 82 84 84 87 87 90 94 108 111 116 108 107 100 98 99 101 97 99 91 95 98 103 102 103 103
117 117 117 116 116 118 117 116 116 114 114 116 116 117 116 117 116 115 115 114 114 111 112 111 112 112 112 111 111 111 110 108 108 107 103 102 104 99 99 109 103 107 102 116 118 121 106 102 102 99 98 102 105 122 99 101 98 101 101 103 108 104 105 103 104 101 94 89 96 88 85 84 84 84 86 88 89 94 96 109 106 108 100 99 101 101 100 99 100 94 95 97 96 98 99 106
116 116 116 117 117 119 118 116 114 116 116 117 117 117 117 118 117 118 116 114 114 113 111 111 111 112 113 112 112 111 111 109 109 108 106 103 100 100 98 97 97 99 106 106 109 110 107 112 99 106 99 106 109 107 104 103 98 103 103 103 105 109 107 100 98 100 93 94 94 95 92 94 88 84 86 88 89 90 99 99 102 98 99 96 96 96 100 96 98 102 100 97 99 95 97 99
116 117 117 117 117 119 117 116 116 116 117 117 118 119 118 118 117 117 116 115 115 116 114 112 111 111 112 113 112 113 112 111 109 109 106 104 101 99 98 98 96 95 100 106 111 116 109 103 106 104 103 101 102 106 105 106 116 104 107 108 104 102 102 99 95 94 88 89 91 95 90 86 84 86 90 88 90 90 92 94 95 96 97 96 101 96 96 95 95 96 97 94 98 97 100 98
119 118 118 118 118 118 117 117 117 117 118 119 118 118 119 120 120 118 118 116 116 116 115 115 114 113 113 113 113 113 113 111 110 108 107 105 104 101 100 100 100 98 99 100 102 107 115 107 104 106 112 104 105 102 109 112 128 113 114 113 108 107 102 102 102 102 97 95 91 88 87 88 88 92 90 92 92 92 94 94 95 96 98 98 97 96 95 94 95 94 96 93 95 95 96 96
120 120 119 119 119 119 118 118 119 119 119 118 119 119 120 119 119 118 117 119 118 117 116 113 113 112 114 115 115 115 114 112 112 111 107 108 108 106 103 100 102 100 101 102 102 105 109 116 116 109 112 106 120 110 110 112 122 123 128 123 117 113 108 103 105 105 101 99 94 90 90 90 91 90 91 94 95 93 100 97 96 97 98 98 106 104 99 95 95 95 94 95 95 95 96 99
120 120 119 119 119 121 121 123 125 119 121 120 120 120 121 120 120 120 119 120 120 118 117 114 114 114 114 115 115 115 114 113 112 112 110 107 108 109 105 102 102 100 104 105 104 103 106 104 121 126 117 108 121 123 115 118 120 136 145 141 122 120 114 103 106 103 100 94 92 93 92 93 93 94 94 96 97 97 101 98 97 97 101 101 104 101 100 95 97 95 93 97 97 95 96 100
121 121 120 120 120 122 124 123 123 121 122 122 120 121 123 121 121 121 122 120 119 120 118 117 117 117 116 115 114 115 115 114 113 113 112 110 109 109 108 105 103 102 104 105 105 105 105 107 109 112 117 131 126 118 114 116 116 119 116 123 121 119 119 112 110 105 101 100 102 98 96 95 94 93 97 98 95 97 102 96 99 98 100 101 104 101 102 97 103 96 99 97 95 98 99 101
122 121 121 122 123 123 124 124 126 123 127 133 133 125 124 122 123 123 124 124 124 120 120 120 119 119 119 119 119 115 116 117 117 114 114 113 113 111 110 108 108 106 108 109 107 108 106 106 108 108 110 112 118 119 121 126 125 112 115 115 121 133 117 126 116 119 111 109 112 106 101 99 99 99 103 101 100 99 102 100 104 103 102 101 100 99 98 98 97 98 102 95 97 98 101 105
122 123 123 122 123 125 126 128 130 130 130 129 134 132 125 124 125 125 125 124 124 123 122 122 123 122 121 119 118 117 117 119 117 116 115 118 114 113 114 112 112 111 110 109 111 110 108 109 108 109 109 110 112 108 110 111 111 111 113 111 111 110 110 113 115 114 122 120 121 116 112 104 106 109 106 102 105 103 99 102 109 110 107 103 102 102 98 99 98 99 100 102 102 101 103 100
123 123 122 124 125 125 128 131 131 133 130 129 133 133 129 125 126 124 123 123 124 124 124 124 124 124 123 119 119 122 119 118 116 117 116 116 116 115 116 113 113 112 111 112 112 111 108 108 109 108 109 110 110 112 110 108 109 112 112 109 108 111 109 107 110 113 126 127 115 113 111 111 114 118 109 107 106 102 104 104 112 110 104 105 101 104 102 101 99 99 99 101 101 101 101 105
125 124 125 125 126 128 128 130 132 132 134 130 132 133 130 126 126 125 124 125 125 125 126 126 127 125 125 121 121 121 123 121 120 117 117 117 116 116 115 115 115 113 114 114 111 113 111 109 109 107 110 109 111 110 110 108 110 109 111 108 109 107 109 109 109 111 116 117 113 121 126 119 115 116 112 109 105 104 110 115 111 110 105 105 109 107 103 103 105 100 101 99 99 103 105 108
124 125 128 143 140 131 131 132 133 133 134 134 132 134 132 129 128 126 125 126 127 128 129 129 131 129 128 124 124 125 123 123 121 121 118 117 117 117 116 117 117 117 116 115 115 112 113 111 110 109 109 110 109 110 110 110 110 113 112 109 108 111 110 113 117 114 111 111 114 116 123 131 129 132 117 119 112 109 107 111 107 108 109 116 114 113 104 106 109 108 104 104 105 106 107 105
125 125 138 142 143 139 134 134 133 133 134 133 133 133 131 132 129 127 129 126 127 127 130 131 134 131 130 127 129 127 125 123 123 121 119 119 118 118 117 119 119 118 118 118 117 116 114 112 111 110 109 110 109 110 111 111 109 110 110 109 110 112 120 128 126 120 112 108 113 113 112 125 123 128 118 121 119 112 110 114 115 113 116 113 116 116 109 111 112 111 110 110 111 111 110 108
126 127 131 140 142 148 141 139 136 134 134 134 134 136 135 133 131 130 128 129 128 129 130 133 133 133 131 126 129 129 127 124 123 123 121 119 119 119 119 118 118 119 119 118 117 116 116 113 111 111 110 111 110 111 111 110 109 109 110 110 111 114 116 115 115 112 110 111 112 112 111 115 117 121 136 117 115 113 111 115 118 116 116 115 119 123 120 119 119 119 113 111 112 114 111 109
