grids/precipitation/nov/RSMS_11_1883_01.asc
NCOLS 654
NROWS 866
XLLCORNER 3280414.711633467
YLLCORNER 5237500.62890625
CELLSIZE 1000
NODATA_VALUE -999
[rows 400 to 449 of 866, columns 288 to 383 of 654]
53 57 54 53 60 52 49 51 52 51 52 56 56 53 52 62 54 50 48 55 48 53 47 55 57 78 74 71 68 73 77 69 61 63 73 65 58 60 62 57 55 53 52 49 49 48 47 47 45 45 46 48 48 45 46 41 46 42 39 35 34 32 30 30 30 29 28 26 26 26 24 24 23 21 19 18 17 17 18 20 22 22 23 24 22 21 21 20 19 19 19 19 19 19 20 22
59 59 56 52 50 52 49 53 55 55 53 56 64 54 55 60 54 54 55 57 52 60 53 49 54 69 69 61 73 71 74 65 63 62 60 57 61 78 78 77 58 55 54 50 54 53 49 48 49 45 44 44 43 45 45 46 47 45 42 39 39 35 32 30 30 28 27 26 26 24 23 23 22 21 20 17 17 15 15 17 21 22 24 23 22 21 21 20 20 19 19 20 20 20 20 21
63 59 57 50 48 51 52 54 56 54 56 60 61 64 64 65 63 59 57 58 48 53 58 58 52 67 62 64 69 72 70 66 67 76 63 73 76 75 76 67 67 57 52 51 51 51 56 50 47 47 46 43 43 41 43 44 47 46 44 44 38 40 37 32 29 28 27 26 24 23 23 22 21 25 21 20 24 18 16 16 17 19 20 21 21 22 21 20 20 19 19 19 19 19 20 20
59 62 56 52 50 50 55 56 56 56 60 60 59 58 57 62 63 64 61 62 53 54 60 63 57 54 61 66 72 70 59 59 59 61 61 62 66 60 65 66 65 56 50 51 54 58 55 52 49 48 46 46 43 40 40 43 48 45 45 46 44 41 37 36 36 30 30 29 26 28 28 27 27 27 29 27 24 24 29 18 19 20 21 22 23 22 21 21 21 21 21 20 20 20 20 20
60 63 56 54 52 53 55 60 55 53 57 60 59 60 50 57 57 60 61 65 64 65 65 64 59 63 55 57 65 64 56 55 56 56 63 59 54 52 53 53 51 50 54 58 64 68 64 60 65 52 63 48 45 43 40 38 41 44 43 44 41 43 41 39 33 34 34 32 28 28 28 27 27 26 27 23 26 26 25 24 25 22 22 23 23 22 21 22 21 21 22 20 20 20 20 20
58 61 60 52 53 54 59 58 55 53 54 60 64 59 54 54 55 59 63 65 60 66 61 57 58 59 57 57 55 55 56 56 57 53 54 51 51 55 55 55 57 59 67 72 71 70 67 62 63 61 60 52 46 53 41 40 38 39 44 41 44 43 39 39 38 36 36 32 28 28 25 25 24 24 22 25 25 24 25 27 28 28 25 24 22 22 21 21 21 21 20 21 20 20 20 21
63 56 56 53 53 54 54 52 52 60 59 57 59 58 56 55 60 59 58 60 63 66 62 54 56 59 60 57 54 53 55 56 57 53 53 62 62 57 57 73 72 73 72 69 69 67 64 60 59 57 55 53 55 55 51 43 40 38 37 38 40 39 41 39 41 36 35 31 31 29 30 26 23 20 22 22 24 24 22 21 21 26 25 26 23 22 22 21 21 21 21 20 20 20 20 21
59 51 54 56 55 54 57 53 57 57 58 57 54 50 51 54 54 55 58 62 60 60 58 55 57 57 60 58 55 51 53 54 50 55 58 62 60 58 66 72 70 70 67 66 61 57 62 57 51 55 54 58 57 57 55 50 51 47 40 40 35 38 39 40 34 39 38 32 30 28 27 24 23 19 21 23 23 24 23 24 22 22 23 24 24 24 22 21 21 20 20 21 20 20 20 21
54 67 57 56 54 56 58 55 54 57 53 52 52 58 57 56 60 56 57 55 55 58 58 57 56 55 57 56 55 52 51 50 51 53 53 53 58 56 66 69 68 70 66 62 56 56 57 52 50 51 54 55 56 57 58 57 47 50 49 50 36 34 35 35 35 37 35 35 28 26 24 24 23 21 19 19 22 21 24 24 22 22 24 24 25 23 22 21 21 21 20 23 21 21 21 22
53 55 51 53 56 54 58 48 53 50 50 50 68 66 69 61 67 66 62 59 60 58 59 55 55 55 55 56 57 53 49 50 54 53 55 56 54 63 70 69 70 68 61 56 60 53 53 52 49 48 49 50 50 53 54 57 56 51 50 40 37 38 33 33 34 34 35 34 31 28 25 23 22 21 20 19 18 19 20 20 20 21 23 23 23 23 21 21 21 21 21 20 21 21 22 22
53 57 55 58 59 53 55 51 54 53 70 56 54 65 67 67 72 72 75 76 61 59 60 58 58 54 53 53 55 51 48 52 51 50 51 52 55 68 69 65 63 61 60 55 56 48 54 51 47 48 49 47 49 50 53 54 54 46 40 38 48 48 37 33 31 29 31 30 32 29 26 25 23 25 25 21 20 20 19 18 20 20 21 21 22 22 22 22 21 21 21 21 22 22 23 23
54 61 55 67 61 56 52 50 68 70 64 66 63 56 62 66 73 67 68 74 78 65 63 71 65 59 58 56 53 53 52 50 48 50 53 56 70 67 63 59 57 57 55 61 59 51 49 44 42 47 49 47 48 48 50 52 53 48 37 45 46 48 36 35 32 29 27 25 26 27 28 24 24 26 27 27 25 21 20 20 19 19 21 21 21 22 22 22 22 22 22 22 23 23 23 24
59 61 58 74 76 70 55 55 53 70 69 67 59 65 60 58 63 67 71 71 78 76 69 70 68 63 61 66 62 62 60 56 54 55 65 65 64 62 56 55 56 53 57 58 58 57 55 52 50 41 44 45 44 48 49 50 51 50 47 44 45 48 44 42 40 32 30 31 26 26 25 25 28 24 24 25 26 27 22 21 19 20 21 21 21 22 23 25 23 23 22 23 23 23 24 25
59 73 61 77 74 65 56 60 61 56 72 71 68 69 70 69 69 64 73 73 75 72 70 70 67 67 71 67 70 70 68 66 62 64 63 62 59 56 51 51 53 59 56 58 59 55 54 52 47 46 42 46 47 47 46 46 46 47 46 40 46 48 45 42 37 36 35 33 34 32 28 29 25 24 28 31 27 25 26 24 21 21 22 22 22 22 23 24 26 27 27 24 23 24 24 24
59 64 76 75 72 60 72 63 62 55 54 68 69 69 75 73 70 75 74 73 71 71 68 71 71 70 71 74 72 69 66 65 63 61 61 61 60 55 53 52 58 57 57 59 55 53 50 49 44 44 44 45 43 45 45 41 43 43 42 40 41 41 45 44 43 40 39 37 32 38 35 37 34 29 29 32 31 32 28 28 28 23 24 24 23 24 24 25 29 29 29 26 26 24 24 24
69 62 64 71 71 61 67 71 70 67 63 68 68 70 73 78 71 77 74 72 70 65 65 65 64 67 66 69 73 74 69 68 65 62 62 62 60 58 57 57 59 56 57 57 54 52 47 47 43 42 42 48 43 42 43 41 38 40 42 39 38 40 42 43 43 42 39 38 33 38 38 35 29 29 24 30 27 29 30 33 28 28 27 25 24 25 25 25 27 30 31 29 27 27 25 26
70 62 59 58 57 63 71 73 73 63 60 64 68 65 69 69 77 78 72 68 68 65 67 63 60 63 64 65 67 68 66 66 68 66 66 63 62 59 58 62 59 55 53 55 53 49 47 44 45 44 41 40 40 42 41 40 39 39 38 37 36 38 39 39 41 41 38 37 35 36 36 34 33 29 28 25 24 25 28 27 28 30 26 27 25 25 25 25 27 29 31 34 29 29 30 27
60 64 66 60 59 57 57 63 70 73 68 55 59 57 61 64 72 78 77 73 70 71 67 63 61 62 63 63 63 64 63 61 63 65 63 61 62 63 63 61 60 55 54 53 53 52 49 46 42 40 39 37 37 38 40 42 41 39 37 36 36 37 36 38 40 39 38 37 35 33 34 32 31 27 27 24 24 27 28 28 25 26 25 30 30 28 26 25 26 29 30 33 33 33 30 32
55 65 62 64 73 64 64 62 64 68 63 67 56 56 57 60 65 75 73 75 73 71 69 66 62 65 57 61 60 60 58 59 59 60 60 60 56 56 56 57 55 55 54 53 51 51 47 45 44 42 39 37 36 37 37 40 41 42 39 38 34 34 34 36 38 39 37 36 34 32 31 30 28 25 25 23 24 26 26 26 25 25 25 25 27 29 28 27 27 27 31 32 37 32 34 32
69 69 74 72 67 66 74 64 62 59 60 61 60 56 58 61 75 78 69 74 73 70 69 68 69 68 67 61 60 57 58 56 59 60 57 56 56 55 51 54 50 54 53 52 50 49 49 47 43 41 39 40 39 37 38 38 39 39 39 37 35 33 36 37 36 36 35 34 32 30 29 27 33 24 24 24 24 23 24 24 24 24 24 25 26 27 30 28 26 27 30 31 35 36 36 33
62 66 66 61 61 80 74 74 61 58 68 59 61 58 76 74 76 73 72 73 75 70 67 70 67 67 64 63 61 60 54 53 55 55 56 53 53 54 53 52 53 49 50 48 49 48 46 45 43 43 42 40 39 38 39 41 38 38 37 35 37 33 34 35 35 35 34 32 31 29 29 28 26 25 25 25 24 23 24 24 24 24 25 26 26 27 27 30 28 30 28 32 34 38 38 35
60 66 73 75 75 84 72 62 57 60 61 56 58 58 74 70 72 69 68 69 74 68 67 66 64 66 62 60 58 58 58 56 50 52 51 48 55 53 51 53 54 55 51 47 46 47 45 43 43 45 43 40 39 39 40 41 40 39 41 38 35 35 32 30 32 32 30 30 29 28 27 26 27 28 27 26 26 26 25 25 24 24 25 25 26 27 26 29 32 32 33 33 32 36 37 37
56 55 55 68 76 82 64 64 60 53 63 57 54 57 74 60 69 65 62 66 70 59 66 62 61 61 59 57 56 55 54 52 52 50 49 49 58 58 55 53 52 51 48 48 44 44 43 43 46 46 46 42 43 40 40 40 41 39 39 37 37 38 35 30 28 30 29 28 26 26 27 27 28 27 27 27 28 28 26 25 24 25 25 25 26 26 26 26 29 31 33 35 35 37 37 38
63 55 61 85 91 80 73 66 67 58 57 62 55 62 72 55 55 61 65 73 70 73 69 63 58 58 59 57 56 55 54 52 49 47 46 49 54 53 53 52 49 47 45 45 44 44 40 44 45 48 50 48 45 43 44 43 42 39 40 40 37 38 35 32 30 29 26 26 25 25 25 27 27 28 28 26 26 26 25 24 24 24 25 25 25 26 26 27 28 30 33 36 34 35 37 38
57 60 67 65 74 68 86 69 68 64 58 61 50 60 66 56 71 61 71 76 78 78 72 68 63 59 59 58 58 57 54 50 48 47 47 47 49 47 48 50 49 47 43 42 39 40 39 44 41 43 49 50 48 47 46 42 41 41 41 39 39 37 36 34 32 31 28 24 24 24 26 27 29 25 26 25 24 25 24 25 24 25 27 27 26 26 26 27 28 29 31 33 31 37 35 37
59 57 64 64 66 74 74 58 60 72 58 57 48 53 65 50 71 70 70 69 76 75 75 70 64 62 61 59 59 57 52 50 46 47 48 47 46 45 44 44 43 42 41 40 40 40 42 44 46 49 44 46 45 45 47 46 44 43 41 41 39 38 34 34 32 31 28 25 25 25 25 25 26 25 25 25 25 24 24 25 25 26 26 27 28 28 28 28 29 28 30 30 30 31 32 34
55 61 58 65 66 72 76 62 64 61 56 50 64 64 51 57 59 70 61 73 74 74 73 71 68 66 63 62 59 58 53 49 46 45 44 45 46 44 42 45 43 43 41 42 43 41 42 46 46 46 44 46 43 41 43 46 45 43 40 38 38 37 35 34 33 31 29 28 28 26 26 26 26 28 27 27 26 26 26 26 25 26 26 26 26 26 27 27 28 28 30 30 30 30 31 30
57 57 56 54 60 61 63 64 60 65 49 63 65 63 62 57 56 54 71 63 71 76 74 70 71 67 65 62 59 56 52 49 47 45 43 43 44 42 41 44 44 43 43 43 43 45 46 47 47 42 44 45 44 41 41 41 42 41 38 37 36 34 33 34 34 31 30 30 31 30 30 30 29 26 27 27 27 26 25 25 25 25 26 26 25 27 27 27 28 27 28 29 30 30 30 31
64 56 53 52 51 51 51 51 52 62 50 66 59 63 76 70 63 73 57 73 75 75 75 72 69 70 66 63 58 55 51 47 48 48 47 46 44 44 41 40 41 45 45 42 42 42 42 43 43 40 40 43 45 44 39 36 41 42 37 35 34 34 31 33 32 32 32 31 31 30 28 27 26 28 27 27 27 28 26 26 26 26 27 26 26 26 27 28 28 29 29 31 31 33 33 33
65 56 56 53 52 52 52 50 50 54 49 49 49 60 68 77 69 74 74 61 63 74 75 73 74 71 66 63 59 54 51 47 47 45 44 43 42 44 41 40 40 40 41 41 40 40 42 39 40 36 35 39 42 43 44 40 34 37 37 37 35 34 34 34 34 30 31 30 29 28 28 30 30 28 30 29 30 30 28 26 26 26 26 27 27 27 27 27 28 28 29 30 31 33 34 35
62 58 63 62 55 54 55 53 52 50 50 51 50 51 59 64 77 64 71 74 74 76 76 74 72 68 68 61 58 54 49 51 47 47 46 46 43 42 41 40 44 43 38 41 40 40 38 37 38 33 34 36 37 38 39 39 38 36 36 36 37 35 34 34 32 32 33 30 30 29 30 30 28 29 28 29 30 27 27 26 26 26 26 27 27 27 28 28 28 28 28 30 30 32 33 34
62 58 60 64 62 57 58 59 52 52 51 61 60 51 54 59 61 79 74 71 66 68 75 78 77 75 65 65 58 55 52 51 48 47 46 44 45 43 40 39 39 38 38 38 38 38 39 38 34 39 38 37 37 36 35 37 35 35 34 34 36 35 34 35 34 33 32 30 29 29 29 31 32 31 30 27 27 28 27 27 27 27 27 27 27 27 27 27 28 28 28 29 30 31 32 32
64 63 65 64 63 61 60 55 56 65 69 61 53 52 63 78 78 76 67 66 71 73 75 75 75 74 71 69 60 55 51 47 46 47 46 44 42 42 42 39 39 39 37 37 36 36 36 39 43 42 40 38 38 35 36 35 35 36 36 33 33 35 34 31 30 30 31 31 31 28 29 29 32 28 28 27 27 27 27 27 27 27 27 28 28 28 28 28 28 28 28 29 29 30 29 30
69 62 67 65 67 64 60 58 66 67 63 64 52 50 64 66 68 74 71 70 67 76 71 73 71 79 75 72 61 55 52 50 46 45 45 43 43 44 43 40 39 38 38 37 36 35 36 39 41 42 41 40 39 39 37 36 36 35 36 36 35 32 31 30 30 29 29 29 30 28 29 29 28 29 28 28 28 27 28 27 28 28 28 30 32 29 29 28 28 28 28 28 29 29 30 29
65 65 69 67 68 77 71 63 60 64 61 64 58 50 50 60 57 59 63 72 75 76 73 65 63 66 78 64 61 57 53 52 49 46 44 45 45 43 44 42 40 39 39 38 37 36 36 38 41 39 41 41 40 39 39 38 38 38 38 36 34 32 32 31 30 29 29 29 29 28 28 28 31 30 28 29 28 29 30 28 30 28 30 33 33 31 30 29 29 30 29 30 30 32 29 29
64 70 67 65 71 80 82 73 62 64 65 60 61 52 49 50 58 55 59 66 60 69 70 72 61 66 76 70 66 59 56 55 52 51 47 46 45 43 42 43 40 39 40 39 38 37 36 36 39 39 39 40 42 41 40 38 37 35 35 34 33 32 32 31 31 30 29 29 30 30 28 28 29 28 30 29 30 30 30 28 30 30 32 32 32 32 32 31 30 29 30 29 29 30 28 28
69 81 71 69 72 73 72 67 68 63 61 57 60 51 49 49 48 47 44 56 56 59 70 70 68 60 73 74 70 63 58 57 55 53 49 45 43 45 44 41 40 40 40 38 39 39 36 36 36 36 37 41 41 40 40 39 36 34 33 33 33 33 32 31 30 32 30 30 30 29 29 28 28 29 27 27 27 28 28 27 29 30 31 32 33 33 32 31 33 33 31 29 29 29 28 29
72 71 83 75 72 80 76 75 67 63 61 63 65 67 56 49 53 57 46 50 52 63 64 63 64 58 70 77 70 65 65 63 58 54 52 48 45 44 45 44 42 40 40 39 39 39 38 36 36 35 34 37 37 33 37 33 35 33 35 35 34 33 32 32 32 32 30 29 29 29 29 29 29 28 26 26 27 27 27 28 28 29 30 30 33 34 33 32 33 33 31 30 30 29 30 30
62 68 66 71 67 68 86 80 89 86 82 64 59 69 66 60 58 51 61 47 47 49 50 67 64 61 70 76 76 72 70 67 64 59 54 51 48 45 46 44 44 44 43 40 39 39 38 37 36 34 33 32 33 37 38 39 37 39 38 37 35 34 32 32 30 30 30 30 29 31 31 28 29 28 26 25 25 27 28 29 27 28 29 31 32 34 33 32 32 32 31 31 30 28 31 31
71 75 84 70 71 65 68 78 81 85 82 64 70 82 81 66 57 58 72 67 63 60 57 67 61 67 70 66 77 75 71 70 68 64 59 55 53 51 48 47 47 44 43 44 43 40 38 37 35 36 34 33 32 33 37 37 39 40 40 39 37 35 32 32 31 30 31 30 30 31 29 29 28 28 27 26 27 27 28 29 29 29 28 29 31 30 29 31 29 30 31 30 29 29 30 31
72 77 81 85 84 72 66 66 70 79 79 82 80 78 76 75 59 71 73 71 54 59 56 57 51 59 57 62 74 77 77 73 70 68 64 61 57 54 53 49 49 47 47 43 43 40 41 39 37 38 34 32 32 35 36 36 38 38 38 36 36 35 32 31 31 31 31 30 30 30 29 30 29 29 27 27 27 27 28 29 29 29 29 29 29 29 29 28 28 28 28 29 28 28 30 30
65 70 88 83 84 83 77 75 68 69 71 74 74 67 78 72 61 78 71 66 68 57 61 51 50 51 63 67 71 73 75 77 73 73 70 65 61 59 56 52 51 49 48 45 43 44 44 42 38 37 36 34 34 33 35 35 36 36 36 36 35 33 32 32 31 31 29 30 30 30 29 28 31 28 28 28 27 27 28 29 29 29 30 29 29 29 29 28 29 29 29 28 29 29 30 29
67 70 72 78 83 77 80 78 79 71 66 69 65 70 73 77 64 77 76 74 67 63 55 52 51 52 54 70 66 68 77 78 80 78 73 69 63 60 59 58 54 51 49 46 47 46 42 41 40 39 38 35 36 36 40 40 38 38 37 37 35 35 33 32 32 31 31 29 30 29 28 28 28 28 28 28 28 28 28 28 29 29 30 30 29 30 30 30 31 30 30 30 29 30 30 30
69 65 76 76 82 75 76 77 80 76 75 71 67 72 71 74 74 76 73 70 55 65 64 57 59 57 56 60 71 74 64 75 75 76 74 72 66 65 61 60 59 55 54 50 49 48 45 45 41 40 40 40 40 45 48 52 43 38 39 35 35 34 34 33 32 32 31 30 29 28 28 27 27 28 29 29 30 32 31 30 30 29 30 30 31 33 32 33 33 32 31 30 30 31 30 31
73 67 77 72 78 72 71 77 81 80 81 79 70 68 61 62 68 65 71 55 55 69 62 63 62 63 56 59 59 62 64 77 78 77 72 72 69 65 61 58 59 60 58 55 50 50 47 45 44 45 44 42 42 48 52 55 54 43 39 37 36 35 36 32 32 30 30 30 30 29 28 28 28 29 30 30 30 32 32 31 30 30 30 30 31 34 34 35 35 35 33 32 32 31 32 32
72 74 67 74 69 78 76 80 80 77 77 80 81 77 71 61 57 57 57 64 69 73 70 69 68 69 62 59 60 68 75 69 68 72 75 67 65 64 59 55 54 55 56 56 53 51 50 46 45 48 43 41 43 47 50 52 54 54 44 39 37 36 36 33 32 35 31 29 30 29 29 29 29 30 30 30 30 31 32 33 31 30 29 30 31 36 39 39 39 38 35 34 33 32 33 33
74 74 67 68 73 81 80 71 77 68 82 82 81 76 75 71 60 56 57 57 59 71 72 67 71 68 68 67 62 64 68 74 75 65 64 67 67 61 56 55 54 51 51 52 56 53 51 50 46 43 42 42 43 43 47 49 49 52 52 48 44 40 40 40 35 34 34 31 29 29 29 30 31 33 30 30 33 33 34 31 30 29 31 31 31 34 39 40 42 41 38 37 36 36 35 34
78 70 69 72 73 86 69 68 62 72 75 75 82 77 70 67 59 56 58 56 68 70 69 69 68 68 63 61 63 66 72 73 71 64 60 58 58 55 55 54 53 52 50 49 52 54 50 48 44 43 44 42 42 41 42 43 44 46 47 49 49 49 48 47 42 39 37 31 29 30 29 30 33 32 31 30 31 33 33 30 30 30 30 31 31 31 32 34 41 46 47 45 43 40 39 37
74 73 69 70 75 74 65 63 64 59 65 71 72 78 78 68 60 57 56 59 57 66 60 64 66 67 65 64 62 61 61 64 69 69 61 56 55 53 53 53 54 55 54 47 47 47 46 45 44 44 41 41 42 40 39 40 40 42 45 47 47 46 44 44 43 41 40 35 35 31 31 32 33 32 31 30 31 32 31 30 30 30 30 30 30 30 33 32 36 40 46 44 41 39 37 35
71 77 74 77 81 70 70 66 65 64 60 62 62 72 73 83 73 64 65 63 60 59 64 62 66 66 67 65 63 62 60 60 63 67 63 59 54 52 52 52 55 55 54 52 48 46 44 42 41 40 40 40 41 40 41 39 38 40 42 43 46 45 44 42 41 39 39 40 37 32 30 31 31 31 32 31 31 33 32 31 30 30 29 29 30 31 30 33 36 35 37 37 35 35 34 32
