grids/precipitation/sep/RSMS_09_1883_01.asc
NCOLS 654
NROWS 866
XLLCORNER 3280414.711633467
YLLCORNER 5237500.62890625
CELLSIZE 1000
NODATA_VALUE -999
[rows 260 to 311 of 866, columns 192 to 287 of 654]
52 52 52 53 53 52 52 52 52 53 52 53 53 53 54 55 54 54 54 53 53 54 52 52 52 52 52 53 53 54 54 54 54 53 53 54 53 52 52 52 52 52 53 53 53 53 53 53 53 53 53 53 53 53 54 54 54 54 53 53 53 53 53 53 53 53 53 53 53 53 54 55 55 55 55 55 55 56 56 56 56 56 56 56 56 56 56 56 57 57 56 57 56 56 56 56
52 51 51 52 52 52 52 52 52 52 52 52 53 53 53 55 54 54 54 54 53 54 53 51 52 52 52 53 54 54 54 55 54 53 53 54 52 54 53 52 52 52 52 53 53 53 53 53 53 53 54 53 53 54 54 54 54 54 53 53 53 53 53 53 53 53 53 53 53 53 54 55 55 55 55 55 55 55 55 56 56 56 56 56 56 56 56 56 56 56 56 55 55 55 55 56
50 50 50 51 51 52 52 52 52 52 52 52 53 53 53 54 53 53 54 53 52 52 52 50 51 51 52 52 53 53 54 55 56 56 56 55 55 55 54 52 52 52 53 53 53 53 54 53 54 54 54 54 54 54 54 54 53 53 53 53 53 53 53 53 53 53 53 53 54 53 53 54 54 54 54 55 56 56 56 56 56 56 56 56 56 56 56 55 56 55 55 55 55 55 55 55
50 50 50 52 52 51 52 52 52 52 52 52 52 52 54 54 54 53 53 54 53 53 51 51 50 51 52 52 53 53 55 56 56 56 55 56 56 56 54 53 53 53 53 53 53 53 53 53 53 53 54 54 53 53 53 53 53 53 53 53 53 53 53 53 54 54 53 53 53 53 54 54 54 55 56 56 56 56 56 57 57 57 57 57 57 57 57 55 55 56 55 56 56 55 55 55
49 50 51 52 52 52 52 52 52 52 52 52 52 52 53 54 54 54 53 53 53 52 51 51 51 51 51 53 53 53 55 56 56 57 57 56 57 56 54 53 53 53 53 53 53 53 53 53 53 53 54 54 54 53 53 53 53 53 53 53 53 53 53 54 54 54 54 53 53 53 55 54 54 54 55 55 56 56 57 57 57 57 57 57 57 57 57 56 56 55 56 56 56 56 55 55
49 49 50 51 52 52 53 52 52 52 52 52 52 52 53 54 54 53 53 53 53 52 51 51 51 51 51 52 53 53 54 56 56 58 59 58 58 57 54 54 53 53 53 53 53 53 53 53 55 56 54 54 54 54 52 53 53 53 53 53 53 54 54 54 54 54 54 53 53 53 54 55 55 55 55 56 56 56 56 57 57 57 57 57 57 57 56 56 56 56 56 56 56 56 56 55
49 51 52 53 52 53 53 53 53 52 52 51 53 53 53 53 53 53 53 53 53 53 52 53 51 50 52 53 54 54 55 57 57 59 60 59 56 56 54 54 53 53 53 53 53 53 53 55 55 56 57 55 54 53 53 53 53 53 54 54 54 54 54 54 54 54 54 54 54 55 54 54 55 55 56 56 56 56 56 56 57 57 57 57 57 57 57 55 56 56 56 56 56 56 56 56
51 51 52 53 54 54 53 52 52 53 52 52 53 52 53 55 54 54 53 53 53 53 52 52 52 51 52 53 54 54 55 56 58 58 58 58 56 54 54 54 54 54 53 53 53 53 57 55 56 56 57 56 56 54 54 54 53 53 53 54 54 54 54 54 55 55 55 54 55 55 55 55 55 55 56 56 57 57 57 57 57 56 57 57 57 56 57 55 56 56 56 55 55 56 56 57
51 52 53 54 54 54 54 52 53 53 53 52 54 52 53 54 54 54 54 53 53 53 53 52 52 52 52 53 54 53 55 57 58 57 57 58 56 54 54 54 54 53 54 53 53 53 56 57 56 56 57 56 56 56 55 56 54 54 53 54 54 55 55 55 55 55 55 54 55 55 55 55 55 55 56 57 57 57 57 57 57 57 57 57 57 57 56 56 56 56 55 55 55 55 56 57
51 52 54 54 54 54 54 54 52 53 54 53 54 52 53 54 54 54 54 54 53 53 53 52 52 52 52 54 54 54 57 58 58 56 57 57 57 54 54 54 54 54 53 53 53 53 56 57 57 56 57 56 56 56 55 56 56 55 54 54 54 55 55 55 55 55 55 55 55 55 55 55 55 55 57 57 57 57 57 57 57 57 57 57 57 57 56 56 56 56 55 55 55 55 55 56
51 52 54 55 54 54 54 54 54 53 54 53 53 53 53 53 54 54 53 53 54 53 52 52 53 52 52 54 54 54 55 57 56 56 57 57 58 54 54 54 54 53 54 54 55 56 55 55 56 57 57 57 56 55 56 55 55 56 56 55 55 54 55 55 55 55 55 55 55 56 56 56 56 56 57 57 57 57 57 57 57 57 57 57 57 57 57 57 56 55 55 55 55 55 55 55
52 52 53 54 54 54 54 54 53 54 54 53 53 53 53 52 52 52 53 53 54 53 52 52 53 53 53 54 54 54 54 56 56 55 56 57 58 54 54 55 55 55 54 55 56 57 56 55 55 55 56 56 56 55 56 56 56 56 55 56 55 55 55 55 54 54 55 56 57 56 56 56 56 56 57 57 57 57 57 57 58 58 57 57 56 56 56 56 56 56 55 55 55 55 55 54
52 52 54 54 54 54 54 53 54 54 53 53 53 53 53 53 53 52 53 53 53 53 52 53 52 53 53 56 58 55 54 55 55 55 55 54 54 54 55 56 55 55 54 55 56 56 56 55 55 55 55 56 56 56 56 57 56 56 56 55 56 56 56 54 54 54 55 56 56 56 56 56 56 56 57 57 57 57 57 58 58 58 57 56 56 56 56 56 56 56 56 55 55 55 54 53
52 52 53 54 54 54 54 54 53 53 53 53 53 53 54 54 53 53 53 54 53 53 53 52 52 52 54 56 59 55 55 55 55 54 54 54 54 54 55 55 55 55 55 55 56 57 56 56 55 56 55 56 56 56 58 57 56 56 57 56 57 57 55 54 54 55 55 56 56 56 56 56 56 56 57 57 57 57 58 58 58 57 57 56 56 56 55 56 56 56 56 55 55 54 54 53
51 52 52 53 53 53 53 52 53 53 54 54 53 54 54 55 54 53 53 54 54 54 54 54 53 53 55 55 55 56 55 55 55 54 54 54 55 55 55 55 55 55 55 56 56 57 56 56 56 56 56 56 56 58 58 58 57 57 58 58 58 58 57 57 56 55 55 56 56 56 56 56 56 56 57 57 57 57 57 58 57 57 56 56 55 55 55 55 55 55 56 56 55 54 53 53
52 51 51 52 52 53 53 53 53 53 54 54 55 55 54 55 55 56 55 54 54 54 54 55 54 54 55 56 56 56 55 55 55 55 55 55 55 55 56 56 56 56 56 57 57 58 58 57 56 56 57 58 59 59 59 58 58 58 58 58 58 58 56 56 55 55 55 56 58 58 58 57 57 57 57 58 58 58 57 58 57 57 56 55 54 54 55 55 55 55 55 55 55 55 54 54
52 50 51 52 52 52 53 53 53 53 55 54 55 55 55 55 55 56 57 54 54 54 55 55 54 55 54 55 57 56 55 55 55 55 55 55 55 55 56 56 56 56 56 57 57 58 58 57 57 58 61 60 60 59 59 58 58 58 57 57 57 57 56 55 55 55 58 57 58 58 59 61 60 61 60 59 58 58 58 57 57 57 56 54 54 54 54 55 55 55 55 55 55 55 54 54
52 52 50 53 52 53 53 53 53 53 54 55 55 55 55 55 54 55 59 56 54 56 55 55 55 55 54 56 55 55 55 55 55 55 55 55 55 55 56 56 56 57 58 58 57 57 58 58 58 59 61 60 62 60 59 59 59 58 58 57 57 56 57 56 55 56 58 58 58 59 61 61 60 61 60 60 59 59 57 57 57 57 56 55 54 54 54 55 55 55 55 55 55 55 55 54
52 52 52 52 53 53 54 53 53 53 55 55 55 55 56 56 56 56 59 57 56 56 55 55 55 55 55 56 55 55 55 56 55 55 55 55 55 55 56 56 57 57 59 58 59 58 60 56 57 57 59 59 60 60 59 58 58 57 58 58 57 57 57 57 57 58 58 58 58 58 59 59 59 60 60 60 59 58 57 57 57 56 56 56 55 55 55 56 55 55 55 55 55 55 55 55
51 51 52 53 53 53 53 53 53 54 54 55 55 55 56 56 56 56 58 58 57 58 55 55 55 55 55 56 56 56 55 55 55 55 55 55 55 55 56 57 57 58 59 58 59 59 58 57 57 57 58 58 58 59 58 58 59 58 58 57 57 57 57 57 59 58 59 58 58 58 58 58 59 60 59 61 61 60 58 57 57 56 56 56 57 57 57 56 56 56 56 56 56 55 55 55
51 51 52 53 53 53 54 53 54 54 55 55 55 55 56 56 56 56 56 58 58 56 56 55 55 55 56 56 56 56 55 55 55 55 55 55 55 55 56 57 57 58 60 59 59 59 58 57 57 57 59 59 59 58 58 58 58 58 58 57 57 57 57 58 59 60 59 58 58 58 58 59 59 60 60 61 62 61 59 58 58 57 56 56 57 57 57 57 57 57 56 56 56 56 55 55
51 52 52 53 53 53 52 53 54 54 54 55 55 55 56 56 56 56 57 57 58 57 57 55 55 56 56 56 56 56 56 55 55 55 55 55 55 55 56 56 57 58 59 59 59 58 58 57 59 59 59 59 58 58 58 58 58 58 58 57 58 59 59 58 59 59 59 59 58 59 59 59 59 60 61 61 61 61 59 58 58 58 57 56 57 57 57 57 57 57 57 56 57 57 56 56
52 52 52 54 53 53 52 53 54 54 55 55 55 55 56 56 56 58 58 57 56 57 56 56 56 56 56 56 56 57 57 56 56 56 56 56 57 57 57 56 58 58 58 58 58 58 57 57 58 57 57 57 57 57 58 58 59 59 58 59 60 59 59 59 59 59 59 59 59 59 60 60 59 61 61 61 59 61 59 58 58 58 58 58 57 57 57 57 57 57 57 56 56 56 56 56
54 54 54 54 54 54 52 54 54 54 54 55 55 55 56 58 58 58 58 57 58 60 57 57 57 57 56 57 57 57 57 57 56 56 56 56 57 57 57 57 57 58 58 58 57 57 57 56 56 57 56 56 56 56 58 59 59 59 59 60 61 61 59 58 58 58 59 59 59 59 61 61 59 61 59 59 59 59 59 58 58 57 58 58 58 57 57 57 57 58 56 56 55 55 56 56
54 54 54 54 54 54 52 54 54 54 54 55 55 55 57 57 58 58 57 58 58 59 58 57 57 57 57 57 57 57 57 57 56 56 56 56 57 57 57 57 57 58 58 58 57 57 56 56 57 56 56 56 56 56 58 59 59 59 60 61 61 61 59 58 58 58 58 59 59 59 59 59 59 59 59 59 59 59 58 58 58 58 57 58 58 58 57 58 58 58 57 56 55 55 55 56
54 54 52 54 54 54 54 55 54 54 55 54 55 55 57 57 58 57 57 58 58 59 59 57 57 58 58 57 57 57 57 57 57 56 56 57 57 56 56 57 57 57 58 57 57 56 56 57 57 56 56 56 56 56 58 58 59 60 62 62 61 59 58 58 58 58 58 59 59 59 60 60 59 60 59 59 59 58 58 58 59 58 57 58 58 59 58 58 58 57 57 56 56 56 55 56
56 54 54 54 54 54 54 55 55 55 54 54 55 55 56 57 58 58 58 58 58 59 58 58 58 58 58 58 58 57 57 56 57 57 57 56 57 57 57 57 57 57 57 55 56 55 57 55 56 55 55 55 57 57 57 58 58 60 61 60 59 59 58 58 58 58 59 59 59 59 59 60 59 59 59 59 58 58 58 58 58 58 58 57 58 58 58 58 57 57 57 56 56 56 56 56
56 56 55 54 55 55 55 55 55 55 54 54 54 55 56 57 57 58 57 59 59 58 59 58 59 58 58 58 58 58 56 57 57 57 57 57 57 57 57 55 56 56 57 55 55 55 55 55 55 55 55 56 56 56 57 57 58 59 59 59 58 59 58 58 59 59 59 59 58 59 59 59 61 59 59 59 58 58 58 58 58 58 58 57 58 58 58 59 58 57 57 56 56 56 55 56
56 56 55 55 55 56 55 55 55 55 54 53 54 55 56 57 57 56 58 59 59 59 59 58 59 58 58 58 58 58 57 57 57 57 57 58 57 57 57 56 56 56 56 55 55 55 54 54 54 54 56 56 56 56 57 57 58 58 58 58 58 58 59 59 59 59 58 58 58 58 58 60 61 61 60 58 58 58 58 58 58 58 57 59 60 59 58 59 58 58 56 56 56 56 57 57
56 56 56 56 55 55 55 55 55 55 55 54 54 55 56 56 57 57 58 59 59 59 59 58 58 58 58 58 58 58 58 58 57 59 59 59 58 57 58 59 58 59 58 56 55 54 54 53 54 54 55 56 56 56 56 58 58 58 58 58 58 58 59 59 59 58 58 59 58 59 59 59 61 61 60 60 58 59 58 58 58 57 58 59 58 58 57 58 58 58 57 56 56 56 57 57
57 58 58 57 57 56 56 56 56 56 57 56 56 56 57 56 58 57 57 58 58 58 58 59 59 58 58 57 57 59 59 58 58 60 59 59 58 59 60 60 61 65 59 59 56 54 54 52 54 55 55 55 57 58 57 58 58 57 57 57 58 58 58 59 58 58 59 58 59 59 58 60 59 60 60 59 59 58 58 57 57 57 58 58 58 58 57 57 57 57 57 57 56 57 57 56
59 59 59 58 58 58 57 57 59 58 58 58 58 57 57 58 59 58 57 59 59 58 59 59 59 58 58 58 58 58 59 60 59 60 59 59 60 60 59 60 61 68 61 59 57 56 54 54 55 55 55 56 58 58 57 58 58 58 57 56 58 57 58 57 58 59 59 57 57 58 59 59 60 59 59 59 58 58 58 57 57 56 57 57 57 57 58 57 57 57 57 57 57 56 57 56
60 59 58 57 58 57 58 58 58 58 59 58 58 58 58 58 58 57 59 60 59 59 59 59 59 58 58 58 58 58 59 57 59 60 59 59 59 59 59 60 61 63 61 59 57 57 55 54 55 55 55 58 57 58 58 58 58 58 57 57 57 58 57 58 58 58 58 57 58 58 57 59 59 58 58 58 57 57 57 57 57 57 57 56 57 57 58 57 57 57 57 57 56 56 56 56
60 60 59 58 57 58 58 58 58 59 60 59 59 58 58 59 58 59 59 60 59 59 60 59 59 59 58 58 58 58 60 59 60 59 60 59 59 59 59 59 60 60 61 57 56 56 56 55 55 55 57 59 58 57 58 57 57 57 56 57 57 57 56 58 58 58 57 58 57 57 58 58 58 58 59 58 57 57 56 57 57 57 58 57 57 57 57 57 57 57 57 57 56 57 58 56
60 60 59 58 58 58 58 58 59 59 59 59 60 59 59 59 58 59 59 59 59 60 61 61 61 60 60 60 60 58 62 62 61 58 60 60 59 59 60 59 60 58 59 57 59 57 57 58 58 57 57 58 57 59 59 58 58 57 58 58 57 56 56 57 57 57 57 58 57 59 58 58 58 58 58 58 56 56 56 56 55 55 57 56 57 57 57 57 56 57 57 57 57 57 57 57
61 61 60 60 61 60 59 60 60 60 59 60 60 60 59 59 60 59 59 59 60 60 61 62 62 62 61 60 59 60 60 61 61 61 59 59 59 60 60 60 60 60 57 55 57 57 57 58 57 56 58 59 59 59 60 58 59 58 59 56 57 56 57 57 57 57 58 57 58 59 58 57 57 58 58 58 55 55 56 55 55 55 57 56 56 56 57 56 56 56 57 57 57 57 56 57
62 61 61 61 60 61 61 61 61 60 60 60 60 60 60 60 60 60 60 60 62 60 62 63 62 61 61 60 60 60 60 61 61 61 61 60 60 60 60 59 59 58 57 56 56 56 57 57 57 57 58 60 60 60 60 58 59 59 58 56 56 56 56 57 55 57 58 58 58 58 56 57 57 57 56 55 55 56 55 55 55 55 57 56 56 56 57 56 56 56 58 57 57 57 58 57
62 60 61 60 61 61 61 61 61 61 61 61 60 60 60 60 60 60 60 60 60 62 62 62 62 62 62 61 61 61 60 61 60 60 61 61 61 60 60 59 58 58 57 56 56 56 57 57 57 57 58 60 60 61 62 62 59 58 58 56 56 55 54 55 55 57 58 58 59 58 58 58 58 56 56 56 55 56 56 56 56 56 55 57 56 56 56 57 56 56 56 57 57 57 58 56
61 62 62 62 63 62 62 62 61 61 61 61 61 62 62 61 62 62 62 61 60 62 62 63 64 65 63 62 61 61 60 61 60 61 61 62 62 61 60 59 58 58 57 57 57 57 57 57 57 57 58 59 60 62 63 62 59 59 57 55 54 54 53 53 54 55 56 56 58 58 58 58 59 58 55 56 56 56 56 56 56 56 55 55 56 56 56 56 57 56 56 56 57 57 57 57
63 62 63 62 64 63 62 62 62 62 62 63 63 63 62 63 62 62 62 62 61 64 63 64 63 64 63 63 62 62 60 59 60 60 61 61 63 61 61 59 59 59 59 58 58 58 57 57 57 57 58 59 59 61 61 61 59 58 57 54 53 53 52 52 53 53 55 55 56 55 55 55 56 55 56 56 56 56 56 56 56 56 55 55 55 55 56 56 56 56 56 56 56 56 57 56
63 63 63 63 63 63 63 62 62 62 63 63 64 63 63 62 62 62 62 63 61 63 63 64 63 62 62 62 62 62 60 59 60 59 61 62 62 63 61 60 59 59 58 58 59 58 58 57 57 58 58 58 58 58 60 61 58 58 56 53 52 52 52 52 52 52 53 54 54 55 55 56 55 55 55 57 56 56 56 56 56 56 55 55 55 55 55 56 56 56 57 56 56 56 56 56
63 64 64 64 63 63 63 62 62 62 63 63 64 64 64 63 62 62 62 63 63 64 63 63 63 62 63 62 62 62 60 59 59 59 61 61 62 62 61 61 60 60 59 59 59 59 58 58 58 58 59 58 59 60 60 59 58 57 56 54 53 50 51 54 52 52 52 54 54 56 57 55 54 54 56 56 56 55 56 56 56 56 55 57 55 58 56 54 56 56 57 56 56 56 57 56
63 63 64 65 64 64 64 63 63 63 63 63 63 64 63 63 63 62 62 62 64 63 63 63 62 62 61 62 62 62 62 59 59 59 60 60 61 61 61 61 60 60 60 59 59 59 60 60 59 60 59 59 60 60 60 59 58 58 56 54 53 52 51 53 54 52 52 53 54 55 54 52 54 52 55 55 55 55 56 56 56 54 54 54 57 57 56 55 56 57 57 57 55 55 56 56
63 63 63 63 63 63 63 63 64 64 64 64 64 65 65 65 64 64 64 65 64 64 63 61 62 62 62 61 62 62 60 59 59 60 61 61 60 61 61 60 60 60 60 59 60 60 60 64 66 67 59 61 60 65 62 59 57 57 56 54 53 53 52 52 52 52 51 51 52 55 51 52 52 52 55 54 54 55 55 54 54 54 55 57 58 57 56 56 56 56 56 54 54 54 56 54
63 63 63 63 63 63 64 64 64 64 64 64 64 65 65 65 65 65 65 65 65 64 64 61 62 62 62 61 62 61 60 59 59 60 60 61 60 61 61 62 60 62 62 63 62 63 65 66 64 63 64 62 62 65 65 65 61 59 58 56 54 54 53 52 52 53 52 52 52 53 52 52 52 51 52 54 54 54 54 54 54 55 55 57 58 55 55 56 56 56 56 56 56 54 54 55
63 65 65 65 65 64 64 64 64 64 65 65 64 64 64 65 64 65 65 65 65 64 64 62 62 62 61 61 62 62 60 60 59 59 60 60 60 62 62 60 63 63 63 63 63 64 66 66 63 62 66 63 63 66 73 73 69 63 60 57 56 55 54 53 52 53 53 59 52 51 52 52 53 52 52 53 54 53 53 54 54 53 53 53 57 54 55 56 57 56 56 56 56 54 56 55
65 66 70 68 77 69 66 66 67 66 66 65 65 65 65 66 65 65 64 64 64 64 63 63 63 62 62 61 62 60 61 60 58 58 59 59 60 62 62 63 63 64 65 65 66 67 73 66 63 62 62 61 62 65 75 78 73 66 62 60 58 56 55 54 53 52 53 55 52 52 52 52 52 52 53 53 53 53 53 53 53 53 53 52 54 55 55 55 55 54 55 56 56 56 56 57
71 74 88 88 91 91 82 72 70 68 66 66 66 66 66 66 66 65 64 63 65 64 63 61 62 62 62 61 61 60 60 59 60 59 59 59 60 62 64 65 65 67 66 67 69 72 71 65 63 63 64 62 61 64 72 81 74 74 68 64 61 58 56 53 52 54 53 55 54 52 52 52 53 53 53 53 53 53 55 53 53 53 52 52 52 52 53 53 53 55 56 56 55 55 55 57
78 90 84 82 77 77 78 84 82 73 68 67 67 67 67 67 66 66 65 63 65 64 62 61 62 62 62 61 61 61 61 60 59 59 58 60 62 62 67 70 70 70 72 71 71 78 71 65 64 63 60 61 62 64 69 79 79 75 70 72 62 58 56 53 53 53 54 53 53 53 52 53 53 53 54 54 54 54 54 53 53 53 52 50 52 50 52 54 55 55 57 56 56 56 57 56
91 95 79 75 74 74 75 77 78 84 80 70 68 67 68 67 67 66 66 64 65 63 64 62 62 62 62 62 61 61 61 62 60 59 59 62 64 68 75 78 77 77 72 78 78 82 70 64 64 67 64 61 61 64 64 70 80 80 79 74 70 60 55 54 53 56 53 52 52 52 53 53 53 54 54 54 54 54 53 54 53 52 52 50 52 50 54 53 55 56 56 57 56 57 55 56
82 78 79 77 75 78 75 77 75 78 83 93 79 72 71 70 68 67 66 68 64 64 64 64 63 62 62 62 62 62 60 61 61 60 59 62 66 73 75 83 81 86 86 85 87 85 71 65 64 68 65 62 61 62 64 64 66 75 86 77 68 63 56 54 55 54 54 53 53 52 53 54 54 53 53 53 53 53 53 53 52 52 51 51 52 52 52 53 56 57 57 56 55 55 55 56
78 77 75 78 74 74 73 75 76 79 77 75 80 90 75 76 74 71 68 75 65 64 63 64 64 63 62 64 63 64 61 62 63 61 61 64 72 77 81 86 90 91 89 82 78 71 66 66 67 66 63 64 60 62 62 65 66 64 64 66 70 61 62 63 56 55 55 53 54 54 56 56 61 57 54 54 54 54 53 52 53 53 52 51 51 51 52 55 56 56 55 55 55 55 55 55
