grids/precipitation/sep/RSMS_09_1883_01.asc
NCOLS 654
NROWS 866
XLLCORNER 3280414.711633467
YLLCORNER 5237500.62890625
CELLSIZE 1000
NODATA_VALUE -999
[rows 468 to 519 of 866, columns 192 to 287 of 654]
69 63 66 54 56 56 56 57 62 61 53 52 52 58 55 55 58 56 58 62 61 62 60 63 65 61 61 63 62 62 64 65 61 63 61 59 60 60 61 60 58 56 54 55 58 59 58 53 52 55 55 55 52 56 57 58 61 62 63 55 56 57 57 58 58 55 54 52 56 61 57 58 59 53 54 51 52 54 50 54 60 65 60 62 62 59 59 63 62 65 70 60 59 56 56 53
72 74 60 59 61 58 59 57 63 61 57 55 57 62 56 56 57 56 57 58 59 58 59 65 63 60 61 64 62 62 64 63 61 60 60 60 60 63 62 60 57 57 58 56 57 57 57 53 53 56 57 56 53 54 58 60 59 61 59 56 58 61 60 60 60 58 57 56 55 61 59 56 55 54 52 49 54 54 50 55 55 61 64 65 64 63 57 62 64 71 70 60 59 57 61 59
65 67 68 62 64 60 61 61 65 61 59 58 62 64 59 59 61 56 57 58 57 57 58 60 62 60 60 60 59 62 66 64 63 59 63 64 60 64 60 57 57 58 59 58 62 58 56 54 56 59 57 56 56 53 56 57 56 63 67 60 64 61 59 59 58 56 52 54 54 59 61 61 57 52 51 50 59 54 49 54 63 63 64 63 62 62 62 62 64 68 66 58 59 60 62 60
68 63 63 60 63 59 58 63 63 62 64 56 64 65 65 60 59 60 57 58 58 57 58 58 58 57 57 60 60 62 63 63 63 61 66 67 63 64 62 56 58 59 59 59 61 58 54 56 54 55 55 55 56 56 55 55 55 57 60 64 60 57 56 58 58 54 58 55 57 60 60 58 58 51 51 56 60 59 54 53 61 64 61 59 61 60 60 59 60 63 60 58 59 60 61 61
62 63 64 60 57 57 60 61 64 61 61 55 61 66 64 59 59 57 57 57 58 58 58 57 57 57 58 60 60 60 61 63 63 63 62 63 64 66 66 58 59 59 60 61 58 59 53 56 56 57 55 55 56 57 55 57 55 57 59 60 61 61 58 58 56 58 58 56 52 56 56 52 51 51 53 53 59 61 56 51 59 56 59 60 61 59 60 59 62 62 66 63 60 62 60 62
62 62 59 60 62 56 59 59 64 59 55 54 56 63 64 57 58 56 58 57 57 58 57 57 57 57 58 59 59 60 60 60 60 61 60 62 63 66 64 58 56 58 59 59 58 54 53 54 55 55 58 56 57 57 54 57 57 57 60 63 68 61 61 59 56 57 57 56 56 50 53 50 51 54 55 54 56 54 53 53 52 63 63 61 62 64 59 64 64 67 67 59 60 62 62 54
62 65 65 67 60 55 58 59 60 59 53 54 58 62 62 57 58 57 57 58 57 62 61 57 58 59 59 58 58 61 61 60 60 63 61 62 63 65 64 61 57 57 59 58 54 57 52 54 53 54 55 55 58 58 55 55 57 58 62 67 71 68 65 61 61 61 56 57 58 54 52 52 56 61 60 56 56 53 53 60 56 60 63 61 60 64 60 63 65 70 70 69 62 62 60 54
62 61 68 60 58 57 60 58 59 61 53 54 59 66 59 56 55 58 57 56 55 57 58 56 58 57 58 61 61 60 62 60 61 64 62 63 63 64 64 64 57 56 56 57 56 54 52 52 55 55 55 56 59 60 58 56 58 59 63 60 64 60 57 60 57 58 61 57 56 52 52 57 61 66 59 58 56 49 55 64 61 54 61 61 59 61 62 64 63 72 67 63 59 60 57 61
66 60 61 61 56 59 56 56 62 57 53 55 58 63 59 56 55 55 57 56 55 55 56 57 57 57 60 61 62 63 60 58 63 59 62 63 62 64 65 62 63 58 55 57 52 51 52 52 53 56 55 55 56 61 56 55 57 59 61 60 57 56 57 55 56 57 55 53 53 52 57 63 63 63 56 54 51 54 62 60 64 59 59 58 64 60 61 62 59 62 60 62 59 57 55 59
61 60 59 59 59 62 61 55 57 57 52 59 59 59 60 56 56 57 57 55 55 55 56 57 57 58 61 62 63 66 65 61 58 60 61 61 62 61 60 61 63 58 55 54 52 50 53 52 53 55 58 58 58 58 53 53 57 59 61 63 65 61 59 56 52 52 55 55 52 54 57 63 59 59 58 54 50 56 64 65 59 63 58 56 60 62 63 66 65 58 56 58 60 58 56 57
65 65 65 65 63 60 58 56 54 53 56 59 62 60 56 54 55 58 58 57 58 57 56 57 58 59 63 64 65 68 66 65 59 62 63 60 61 63 62 61 62 58 57 53 53 52 54 53 54 55 58 61 59 57 57 57 59 59 60 63 63 60 57 53 56 60 61 57 51 55 60 61 59 60 57 54 61 64 64 62 61 59 56 57 58 61 61 64 60 58 55 56 56 59 56 57
63 64 63 64 61 60 58 56 54 53 53 53 57 58 55 55 55 60 61 61 63 60 59 58 59 59 67 70 71 71 67 62 61 62 62 62 61 62 60 61 62 58 59 56 56 56 53 53 54 56 55 55 56 56 58 60 59 60 60 58 59 58 56 60 60 61 58 52 51 57 60 61 61 57 56 55 61 62 61 61 60 59 58 57 61 61 59 63 61 57 62 61 59 57 57 57
58 61 64 62 61 60 57 54 54 60 58 53 56 56 52 53 56 59 64 61 66 66 63 63 59 60 66 72 71 70 68 64 61 63 62 64 63 66 62 62 63 62 60 58 59 57 55 55 56 58 59 58 58 60 59 61 59 58 59 60 59 58 59 63 63 58 58 56 52 55 58 59 61 61 57 60 56 57 60 60 58 60 58 58 61 65 59 60 60 66 60 58 57 61 59 55
61 58 62 64 58 57 55 54 54 56 60 57 59 54 51 53 55 57 66 65 66 67 71 67 63 61 63 68 68 72 69 66 64 63 62 64 66 66 63 63 62 62 59 60 59 58 57 55 57 61 65 62 57 62 62 62 58 60 58 58 59 59 64 64 60 58 58 55 52 58 56 56 59 66 60 62 57 59 60 59 58 60 63 61 62 62 61 58 61 65 62 59 60 62 59 63
64 64 58 60 58 59 54 54 54 57 59 58 55 54 53 55 60 60 61 67 65 66 68 68 70 66 64 64 67 68 69 67 67 66 64 66 65 67 66 68 63 62 61 62 62 57 62 58 62 64 64 62 60 59 62 59 60 58 58 59 59 60 63 61 60 59 55 56 52 55 58 59 60 65 63 63 54 53 59 59 59 59 61 62 62 61 65 65 62 62 64 64 65 62 59 57
64 62 58 63 58 57 55 54 56 56 56 56 56 58 59 59 64 63 64 65 68 68 70 70 66 65 68 68 66 64 68 68 66 66 67 66 66 67 68 66 63 64 62 62 62 59 63 62 58 60 64 63 67 62 62 59 58 59 57 58 61 61 64 61 59 58 56 55 52 53 57 58 57 61 64 60 56 60 53 58 58 57 55 58 56 58 63 63 63 61 62 67 68 59 57 57
61 60 59 62 58 57 54 54 56 56 59 58 58 63 68 66 66 68 68 67 68 68 68 68 68 67 70 68 70 65 63 63 66 64 62 60 66 66 67 66 65 65 63 62 64 64 65 60 58 61 62 64 67 68 63 61 59 59 59 58 61 61 64 60 60 56 53 53 54 52 55 58 56 56 56 58 55 59 54 56 56 55 56 57 56 57 59 62 66 65 64 66 60 58 56 58
63 64 63 58 61 58 53 54 54 57 62 62 64 66 69 65 67 67 67 69 68 70 70 71 68 68 71 67 70 72 66 64 63 63 64 64 63 67 69 68 67 65 64 64 65 66 63 65 62 59 58 60 65 65 66 63 59 59 58 59 63 62 62 62 56 54 55 57 55 51 56 58 57 58 58 58 58 57 52 50 52 53 54 55 54 56 57 60 69 69 66 63 62 59 57 58
63 68 68 59 60 59 55 57 59 62 62 64 64 67 62 61 62 63 68 69 69 67 70 70 71 71 71 70 70 68 64 66 66 65 65 67 67 63 67 68 67 65 68 66 67 65 66 65 62 59 59 62 63 63 63 63 61 59 59 58 59 61 58 57 54 55 55 55 52 49 57 57 54 55 58 57 57 54 54 49 48 49 52 51 52 56 64 59 66 66 64 64 61 62 67 57
72 73 70 65 63 58 57 58 60 61 64 62 66 60 59 59 60 61 65 66 67 68 70 70 73 72 72 70 71 68 66 70 69 68 68 69 66 64 68 70 69 71 70 67 67 68 66 63 63 63 62 62 63 63 61 63 61 61 60 60 60 59 56 54 53 53 54 51 54 50 53 52 54 55 56 57 55 55 53 49 49 47 48 53 54 58 63 61 64 69 67 64 60 63 63 58
72 70 69 67 67 69 63 59 64 63 60 58 58 57 63 62 61 61 61 66 66 67 68 71 71 71 71 70 70 66 70 71 70 70 67 67 69 66 68 71 70 72 73 69 67 69 66 64 65 66 64 61 61 61 58 59 61 62 61 62 60 61 60 55 53 51 51 50 53 53 50 53 53 52 52 52 55 55 54 48 48 47 49 53 52 54 64 63 65 70 66 63 61 63 60 58
70 73 70 67 65 61 60 59 62 59 60 60 59 62 67 63 65 67 65 64 66 68 68 70 70 72 71 70 69 68 70 69 71 71 69 69 72 68 70 73 70 71 73 69 68 70 66 67 66 65 62 64 61 60 59 58 60 60 59 58 66 59 59 55 51 49 50 53 52 49 47 52 52 51 50 50 51 50 49 48 48 47 47 50 52 58 65 60 63 62 62 61 61 62 59 60
68 72 70 66 65 62 60 60 60 62 60 62 62 69 66 66 69 68 67 68 66 67 69 69 71 71 71 71 70 69 71 70 74 72 72 75 74 69 68 69 72 73 74 72 73 67 66 69 68 66 64 63 64 61 59 58 59 61 58 60 61 57 57 53 49 50 55 53 53 49 49 54 53 55 50 53 51 49 48 47 46 48 49 50 51 54 60 59 58 60 68 62 64 60 60 67
70 70 68 69 66 64 62 66 64 61 62 64 64 68 67 64 67 68 67 68 65 66 67 67 70 68 70 71 70 70 72 74 73 78 75 75 77 74 73 72 71 77 76 73 70 69 67 67 69 69 67 64 61 60 61 57 57 57 55 60 55 57 57 49 52 60 58 51 47 48 51 55 54 54 53 54 55 52 50 46 45 47 49 50 49 51 54 56 54 62 62 71 69 60 63 67
71 68 67 71 66 64 62 63 65 63 64 65 64 68 66 63 68 68 68 69 65 68 66 66 68 67 67 69 70 70 71 75 76 76 78 75 77 77 73 75 74 73 74 73 71 73 70 70 72 70 66 65 64 64 61 59 58 60 53 54 53 55 55 49 54 56 53 48 48 47 52 54 54 55 54 54 54 51 49 47 48 49 48 55 51 51 50 53 56 61 61 64 63 68 68 73
67 66 67 67 66 65 67 66 68 67 60 65 64 66 65 65 68 69 70 70 67 67 67 66 67 69 68 69 69 70 72 75 75 78 78 78 80 81 77 75 75 78 75 76 73 72 73 72 72 73 66 66 66 64 60 60 60 62 55 52 54 55 53 50 57 58 51 50 50 46 45 49 51 53 53 54 51 49 47 47 49 53 50 52 54 53 53 55 54 55 59 57 59 63 66 70
70 72 69 68 67 66 66 64 62 63 62 62 61 64 63 63 65 67 68 70 68 69 67 66 68 68 68 69 69 71 73 76 78 79 77 75 76 78 79 79 77 77 75 76 76 73 73 74 72 72 69 66 68 66 66 64 62 62 58 56 52 51 50 50 51 55 56 55 51 46 46 45 49 48 47 52 52 48 46 45 48 50 54 52 52 54 52 57 58 56 62 59 62 61 63 68
70 70 70 69 68 66 66 63 62 61 61 60 60 61 66 66 65 66 66 68 67 68 68 68 67 65 66 69 70 71 73 73 73 77 79 76 80 76 79 81 81 80 78 75 79 75 75 75 72 72 73 70 67 66 66 64 66 65 60 58 55 51 50 50 51 51 53 52 51 51 48 41 41 47 50 52 49 49 46 46 46 47 51 51 48 51 56 53 58 58 62 63 67 62 62 69
69 70 74 69 68 66 64 62 62 65 65 64 66 61 64 63 63 65 66 65 65 64 64 66 64 64 66 72 70 71 74 76 75 77 75 78 81 82 77 84 85 84 85 78 78 78 77 74 72 74 71 72 70 70 67 66 66 63 61 54 55 55 50 50 51 49 49 50 48 45 43 47 41 43 45 50 49 47 47 46 45 49 47 48 48 50 55 54 58 59 65 67 69 64 64 68
69 68 69 69 68 66 64 64 64 66 66 64 64 62 63 63 65 63 62 65 66 67 66 66 64 66 67 72 72 71 72 76 76 76 77 76 78 81 80 80 85 90 86 83 81 78 76 75 74 72 72 71 69 67 67 68 68 63 60 60 55 54 49 50 50 47 47 47 48 44 45 46 46 41 44 47 50 46 47 44 45 47 47 47 49 49 53 56 56 57 61 73 70 72 64 73
66 66 66 66 65 63 63 64 62 64 65 66 64 64 63 62 62 62 64 66 63 64 64 63 64 65 68 69 73 73 72 75 75 76 75 81 77 77 80 82 84 85 87 86 83 82 79 79 76 75 74 71 69 66 67 68 69 66 62 62 59 52 54 53 49 48 46 45 46 45 46 43 42 41 45 43 44 45 45 46 45 45 47 47 47 50 51 58 58 59 61 64 72 70 67 66
64 65 65 65 64 63 63 62 62 64 65 63 65 63 64 63 63 62 62 63 63 63 64 63 64 64 66 71 74 74 72 76 78 79 82 79 78 78 80 82 82 87 89 88 86 84 85 81 81 78 74 72 69 68 70 70 64 64 61 58 57 51 52 54 48 47 48 45 43 44 44 44 40 39 41 41 43 46 47 45 45 46 47 47 50 49 50 52 54 60 64 71 72 69 64 66
63 64 63 64 64 63 61 61 63 63 65 64 64 64 65 65 63 62 62 63 61 61 63 65 64 66 69 72 75 74 73 75 75 76 78 81 84 84 86 82 86 87 89 90 88 86 84 86 83 78 75 70 69 71 70 67 67 61 58 55 53 53 55 51 47 48 48 47 45 45 45 42 40 40 40 41 42 43 46 45 46 46 46 47 49 50 53 59 57 59 67 69 65 64 65 66
62 65 64 64 62 62 59 59 64 61 63 64 63 63 64 62 63 63 62 64 63 62 63 64 64 66 67 73 70 74 73 75 76 77 80 81 83 86 87 84 83 87 88 92 90 87 88 85 82 79 75 74 71 73 70 67 65 61 58 59 57 56 51 48 46 52 51 50 47 46 44 44 42 40 39 40 41 43 45 45 46 46 46 47 47 49 53 56 61 61 68 75 70 69 70 68
63 61 61 62 61 61 58 56 56 60 60 64 62 62 63 62 62 61 62 61 63 63 64 64 65 64 66 67 68 72 72 75 75 78 77 78 85 86 86 89 89 89 92 94 92 90 87 82 82 80 77 74 73 71 69 68 67 63 62 60 53 51 48 48 47 50 51 52 50 46 46 42 42 41 39 38 39 42 43 46 45 46 47 47 48 51 55 55 60 71 68 78 78 75 72 73
63 61 61 60 60 59 58 57 58 59 60 63 64 61 62 61 59 61 61 60 61 62 64 64 66 66 68 68 68 70 71 77 77 81 81 81 84 84 85 86 88 89 92 95 93 89 87 83 84 82 78 75 71 70 68 66 66 62 60 58 54 53 51 51 49 51 53 50 49 46 44 43 43 39 39 38 39 41 44 46 45 47 47 50 50 51 57 59 63 71 73 74 74 74 75 68
62 61 61 61 61 61 61 58 59 60 60 62 62 63 61 59 58 59 61 61 62 63 64 65 64 65 69 71 72 71 72 73 73 77 80 81 83 84 82 83 84 87 93 94 93 91 88 86 82 79 77 72 72 73 71 67 66 65 62 56 58 54 52 55 50 52 52 51 50 52 48 43 42 43 40 38 40 41 44 46 46 47 47 49 52 54 55 58 66 70 72 77 79 75 71 72
61 60 59 60 62 62 63 62 60 61 61 61 60 60 59 58 59 60 61 61 62 63 63 61 63 66 66 66 70 67 68 72 77 78 79 82 80 79 80 78 83 88 93 94 96 90 89 86 83 78 76 74 74 72 69 68 68 63 60 61 61 55 53 54 50 58 53 54 50 46 47 43 43 42 41 39 39 41 43 46 46 50 47 49 52 52 58 61 63 69 74 76 81 75 75 78
61 60 61 60 61 61 64 63 63 60 60 61 59 60 62 58 59 58 61 60 61 62 62 61 64 67 68 70 69 67 71 71 74 77 77 75 76 77 81 84 85 87 89 96 92 90 88 85 83 81 81 76 74 72 70 68 64 63 63 63 61 56 57 56 53 55 55 52 50 51 51 47 44 46 45 41 43 44 46 48 50 49 50 49 51 54 62 62 70 69 72 71 75 81 85 87
61 62 60 58 61 61 62 62 62 60 60 59 60 61 63 60 60 60 62 60 61 62 62 60 63 64 67 72 71 71 71 73 73 74 73 76 76 77 80 83 82 85 89 91 88 90 91 87 80 77 75 75 73 72 68 68 66 63 64 63 59 57 57 57 55 55 56 53 54 54 50 49 49 49 45 43 43 46 47 49 50 51 51 52 53 57 59 64 68 69 70 71 76 89 87 89
60 62 60 59 60 64 63 63 62 62 59 59 59 59 60 62 60 60 60 61 60 61 61 61 64 67 71 71 72 69 71 73 75 70 69 71 75 77 80 81 80 84 85 86 86 86 90 91 82 78 75 75 73 72 71 67 65 66 66 62 61 59 61 60 59 56 59 57 54 56 53 51 53 50 46 44 45 45 48 48 50 52 48 51 50 53 56 63 67 70 74 72 77 82 82 87
62 62 62 58 60 64 60 62 60 62 59 60 60 59 59 61 61 60 59 59 60 60 61 63 65 66 68 70 69 71 72 72 73 65 68 73 74 78 79 78 82 82 80 84 85 84 92 88 82 79 77 76 74 73 72 67 66 67 64 63 63 61 61 62 59 60 56 56 52 55 53 53 50 50 47 47 48 47 46 48 48 49 48 48 49 54 61 68 74 79 76 77 83 88 92 84
60 63 59 58 59 60 60 60 61 61 59 58 60 59 60 60 60 60 60 60 61 61 62 63 62 67 66 70 69 69 68 67 64 63 68 74 76 77 76 78 80 78 82 80 81 87 88 83 80 77 75 76 75 72 71 70 68 65 64 63 61 62 62 61 58 58 58 56 52 54 53 51 48 49 48 48 47 48 50 49 50 48 50 53 57 58 64 72 74 80 82 72 73 79 75 83
62 62 60 57 59 59 59 60 59 59 58 59 58 58 61 61 61 60 59 60 60 58 60 63 64 67 66 67 66 65 71 68 64 67 70 72 70 73 77 77 76 77 76 80 84 85 82 81 81 78 80 74 72 71 70 71 68 66 66 64 63 60 60 56 55 55 56 53 52 52 53 52 52 50 49 48 54 50 48 54 51 52 51 58 60 63 66 66 70 68 76 70 73 73 73 78
63 64 60 60 60 58 59 57 58 58 59 60 60 61 62 63 60 59 59 60 58 58 61 62 63 64 67 66 64 68 64 63 67 65 65 69 69 71 75 75 74 76 81 83 81 82 79 79 77 76 75 75 72 71 69 70 68 66 65 64 63 64 63 64 63 60 54 52 53 52 52 52 54 54 51 49 52 56 49 50 55 54 50 53 53 56 57 60 63 69 72 67 67 67 71 74
66 69 63 59 59 59 56 59 61 60 61 61 62 61 61 60 59 59 60 60 58 60 61 63 63 66 66 66 64 65 62 65 65 67 65 70 72 71 72 71 72 76 77 78 80 80 77 78 77 74 74 71 73 70 67 68 67 67 66 65 64 66 65 64 60 59 59 57 52 52 52 52 52 54 54 52 51 52 55 49 50 54 53 57 54 61 63 68 72 73 78 70 73 73 77 76
66 70 66 60 57 57 57 57 58 60 59 61 62 63 60 59 59 59 60 60 60 59 61 66 66 64 65 64 66 63 62 65 69 67 70 66 71 71 71 71 74 73 73 76 79 78 76 77 75 75 72 70 69 67 64 66 65 63 63 62 65 67 66 61 61 57 55 56 54 53 52 51 51 50 54 52 55 56 53 52 53 57 54 57 60 59 62 61 62 68 73 76 73 68 78 78
66 65 61 59 58 58 57 58 55 56 59 61 63 62 60 60 59 59 60 58 59 59 61 63 64 64 65 64 63 64 67 69 67 66 67 69 68 67 69 72 74 72 73 75 77 75 75 75 74 75 72 67 65 65 64 64 64 66 64 66 67 68 63 60 58 57 55 54 54 53 52 53 51 51 56 56 59 58 53 54 55 54 55 60 65 64 68 66 71 68 69 74 76 78 85 90
68 62 60 59 58 57 58 56 56 58 62 63 62 62 62 60 59 59 58 59 59 60 61 63 66 64 65 64 63 64 63 65 67 67 63 66 68 69 70 72 74 70 72 75 74 77 75 73 72 75 72 67 65 64 64 65 63 64 65 65 63 66 64 62 62 57 55 55 55 55 53 52 50 51 57 57 59 59 59 57 58 55 62 66 73 69 69 66 76 76 72 79 84 87 78 84
71 62 59 59 58 57 58 56 56 56 62 62 61 62 60 59 59 59 58 59 59 59 61 63 67 64 65 62 63 64 66 69 68 66 65 68 68 67 69 70 70 72 73 75 75 76 74 73 72 75 73 69 66 62 63 65 64 62 65 66 62 66 67 62 59 58 57 55 54 57 55 57 55 55 54 57 58 60 61 56 59 57 65 71 73 72 75 80 78 82 80 91 88 84 77 74
64 61 61 59 59 58 59 59 56 56 60 60 60 62 60 58 59 60 60 58 59 61 61 66 65 64 64 61 67 66 66 69 69 66 67 69 65 66 67 70 69 74 77 76 71 75 74 70 71 71 73 70 68 64 64 64 64 62 67 65 62 65 64 62 61 61 59 59 58 58 59 58 59 59 61 58 61 65 66 60 65 64 63 67 67 72 79 83 87 87 85 77 79 77 75 85
62 62 58 59 59 58 59 59 60 56 58 58 60 58 58 58 58 58 58 59 59 60 62 64 63 60 61 64 63 66 68 65 67 65 66 66 69 66 71 71 70 74 72 74 70 72 70 71 71 72 71 68 68 64 65 65 65 64 61 63 63 67 66 67 63 60 60 63 65 63 63 61 62 64 65 64 69 67 65 63 70 72 66 69 70 73 78 82 87 85 83 83 79 78 75 76
