grids/precipitation/sep/RSMS_09_1881_01.asc
NCOLS 654
NROWS 866
XLLCORNER 3280414.711633467
YLLCORNER 5237500.62890625
CELLSIZE 1000
NODATA_VALUE -999
[rows 572 to 623 of 866, columns 288 to 383 of 654]
46 45 46 43 43 43 42 41 40 41 42 43 44 44 42 40 36 36 37 35 34 35 38 40 41 42 43 43 43 45 46 46 47 47 47 50 50 50 57 56 57 53 52 52 52 53 53 56 55 54 53 52 53 50 52 51 54 53 56 55 53 51 50 53 51 51 49 49 49 49 50 51 54 55 55 56 55 60 66 71 74 71 72 68 64 62 70 69 69 69 67 65 68 68 67 67
45 46 47 44 43 42 41 41 41 40 43 43 43 43 43 41 39 40 39 38 34 34 38 41 43 43 44 43 44 45 45 46 47 50 49 51 49 50 54 53 52 53 50 50 51 53 50 54 52 49 52 54 54 53 53 52 51 51 52 55 54 53 53 52 52 53 53 50 49 50 50 52 53 54 54 54 56 61 68 69 74 68 69 67 67 71 68 64 70 69 69 65 67 67 66 67
43 45 46 45 43 42 41 40 41 40 41 42 42 43 41 38 35 36 39 37 37 37 38 44 45 45 43 44 45 46 46 47 49 56 53 53 54 51 51 51 51 51 50 49 49 50 50 52 53 49 52 54 54 55 54 51 53 53 49 53 52 53 54 53 52 55 55 53 49 48 50 52 50 52 53 54 55 56 56 57 61 71 73 70 67 64 68 70 72 72 71 68 64 67 66 67
44 45 47 44 42 41 40 41 40 40 40 42 42 43 37 35 38 39 37 39 39 38 42 43 45 46 45 46 46 48 47 49 49 52 52 59 59 58 57 58 58 53 54 53 53 50 49 48 50 53 53 50 50 51 52 51 51 50 49 49 49 49 49 52 54 52 53 54 53 49 50 51 51 53 54 50 53 50 55 58 62 65 71 69 66 75 70 68 70 71 71 69 67 67 69 67
46 43 45 43 42 41 41 40 40 41 40 41 41 43 38 36 36 36 35 37 39 38 40 46 46 46 46 46 47 47 47 48 49 50 49 51 58 59 59 59 60 58 55 52 50 50 52 51 48 48 51 50 48 49 49 49 49 50 50 49 49 52 51 49 52 52 53 52 54 51 52 51 51 51 51 50 53 53 55 67 70 71 72 74 67 76 72 71 64 68 69 70 68 65 65 67
45 43 43 42 41 41 40 40 40 40 40 42 41 42 41 40 36 36 38 37 38 40 43 45 46 47 46 46 46 46 46 49 49 48 58 56 55 58 57 57 57 57 57 54 54 54 51 53 51 51 48 48 49 48 46 47 47 47 50 53 52 53 53 53 53 51 52 52 52 56 51 51 51 50 50 51 49 53 66 67 70 67 69 70 72 75 70 70 70 67 69 71 68 67 65 68
40 43 41 40 41 42 41 41 41 41 41 41 41 40 43 38 37 40 37 38 39 41 42 43 45 47 47 48 48 48 49 49 48 49 51 54 58 57 61 57 60 57 56 54 51 53 54 54 52 50 51 51 51 50 49 47 47 47 46 51 51 52 53 52 53 52 52 52 50 50 51 49 51 49 51 51 50 53 55 67 64 67 70 72 72 74 72 71 70 64 66 69 69 69 67 66
41 41 42 42 43 42 40 40 40 41 41 41 41 40 40 39 40 42 42 41 43 41 42 44 45 45 48 48 48 48 48 48 49 49 50 51 56 57 57 57 52 54 55 54 53 50 53 53 53 55 54 54 49 51 48 48 49 48 48 49 49 50 51 52 52 52 54 57 57 54 50 50 49 49 48 49 53 53 58 58 62 60 69 70 64 73 68 67 67 61 70 68 72 70 69 63
41 44 43 41 40 42 40 41 41 41 40 41 41 41 40 42 38 41 41 42 41 42 43 44 44 45 47 49 48 48 49 48 49 50 51 55 57 57 58 58 54 56 50 50 52 50 51 53 50 52 52 52 49 49 48 47 47 47 48 50 47 48 49 50 51 51 52 50 50 50 50 50 49 49 48 48 51 51 54 55 58 55 66 66 68 71 72 70 63 59 70 70 70 67 72 67
41 42 41 41 41 41 41 41 41 40 41 40 40 40 40 43 40 39 40 40 41 43 43 43 44 45 46 48 50 50 48 49 50 50 53 58 58 59 58 57 58 56 55 53 49 49 47 49 48 49 51 48 48 48 48 49 50 49 50 50 48 48 49 49 49 50 50 50 50 50 50 54 50 49 49 48 50 50 54 54 54 54 62 65 62 68 67 71 70 58 68 66 59 71 70 72
40 40 41 40 40 40 40 41 40 41 41 40 40 40 39 43 42 42 40 40 42 42 42 42 43 45 47 50 52 50 49 49 51 51 58 60 61 61 58 56 54 55 52 49 52 51 50 50 48 49 48 47 51 49 52 53 54 52 52 50 49 50 53 52 52 51 53 54 56 56 54 50 50 48 48 49 49 50 51 55 55 56 57 56 60 68 66 59 67 57 64 62 66 60 64 72
40 40 39 40 40 40 41 40 41 40 40 40 40 40 40 42 41 41 42 40 40 41 42 43 44 46 48 48 50 50 49 49 50 53 60 61 57 59 59 57 53 52 51 49 53 50 53 53 51 49 49 51 52 53 51 53 52 51 51 51 52 53 53 52 53 53 55 55 54 52 49 48 49 50 50 48 49 50 52 55 60 56 55 56 65 69 67 66 61 64 57 71 74 70 69 71
39 40 40 40 40 41 40 41 41 41 40 40 40 40 40 40 40 40 40 41 40 40 42 43 44 45 46 47 47 48 49 48 50 51 57 61 58 55 58 56 56 54 51 53 52 53 53 53 51 50 50 51 53 51 53 53 53 52 50 51 53 50 50 53 53 51 51 52 52 50 49 49 50 51 49 49 49 49 51 54 56 56 56 54 67 65 62 69 55 55 59 74 72 73 71 63
39 39 39 40 40 40 41 42 42 41 40 40 42 41 38 40 40 40 40 40 40 41 42 43 44 44 45 45 47 48 49 49 50 52 57 56 61 58 55 52 55 54 53 50 53 51 50 52 52 51 50 52 52 50 52 52 52 50 50 49 50 51 50 50 51 50 50 50 50 51 49 52 52 51 50 52 49 50 50 51 54 54 58 61 68 65 56 65 54 62 71 75 72 72 73 68
38 41 41 39 39 40 40 41 43 41 41 40 41 40 38 40 41 42 41 41 42 42 43 43 44 44 44 45 46 46 48 48 50 52 55 59 57 59 58 54 50 50 51 47 50 51 50 50 53 54 51 52 52 50 51 49 51 53 53 52 50 50 49 49 49 49 51 51 49 49 50 53 51 50 52 50 49 49 49 52 53 55 58 68 68 65 58 54 54 62 71 70 71 70 73 72
40 40 39 38 42 44 44 42 43 42 42 40 40 39 39 40 40 40 41 42 42 42 42 43 43 44 45 44 45 46 47 48 48 51 55 57 56 56 54 50 50 50 49 48 50 49 50 50 50 50 51 53 50 51 53 49 48 52 52 50 50 48 48 49 49 48 50 49 47 49 53 53 52 52 51 48 50 51 49 51 53 55 61 68 57 65 56 54 57 66 66 72 68 66 71 73
34 39 41 41 43 44 43 42 42 42 44 43 42 41 38 39 39 40 41 41 41 42 42 44 43 44 45 45 45 46 48 48 51 51 58 58 59 58 56 53 51 50 49 48 47 47 47 48 49 50 50 50 50 48 49 48 49 47 50 49 48 48 49 49 50 50 49 47 47 48 48 50 51 50 48 49 51 50 49 49 51 55 56 60 55 54 53 55 55 55 57 58 60 74 70 72
37 35 38 41 42 41 42 41 42 42 42 43 42 41 39 38 39 39 41 41 42 42 42 44 44 44 45 46 46 46 47 48 51 55 57 59 60 58 56 52 56 51 52 51 51 51 50 47 47 49 49 49 47 47 47 47 47 47 47 48 49 48 49 49 49 48 48 48 48 47 48 48 48 48 48 50 53 53 50 50 50 53 52 56 55 52 52 56 60 58 58 59 69 64 66 69
41 36 35 43 42 42 42 43 42 42 43 42 41 42 40 38 39 40 40 41 42 42 43 44 45 45 47 46 46 47 47 47 55 55 54 58 56 57 56 56 52 50 48 48 51 51 50 50 49 47 47 48 49 49 49 50 48 50 50 50 50 50 49 49 48 48 48 47 47 46 46 47 47 48 49 53 50 56 50 49 50 52 55 55 54 51 52 55 64 65 68 59 60 63 71 70
41 40 37 39 39 43 42 44 43 42 43 43 43 41 39 39 39 39 39 41 41 43 44 45 47 47 46 49 48 47 52 52 51 56 52 54 55 53 55 53 51 54 51 52 49 47 48 49 47 49 49 49 50 50 50 50 51 51 50 51 49 49 47 48 49 49 48 47 47 47 47 47 47 48 49 51 52 51 50 50 50 54 55 53 50 52 63 54 67 67 68 69 67 58 63 71
41 42 37 38 41 40 43 44 43 43 42 43 42 41 41 38 39 39 40 42 41 44 46 52 56 52 52 52 50 50 52 54 53 50 49 52 52 54 56 53 52 49 49 49 50 50 48 50 50 50 51 51 51 50 48 50 50 51 50 51 49 49 48 49 47 48 47 46 47 47 47 48 49 53 54 52 51 54 50 50 50 50 49 49 49 52 60 54 64 67 70 68 68 61 67 73
40 41 39 36 39 41 44 43 43 42 42 42 40 39 38 41 41 41 41 43 43 44 47 57 50 53 55 51 51 50 53 53 54 50 50 50 50 54 55 51 51 53 51 52 50 50 50 50 51 51 52 52 49 48 49 48 50 47 48 49 49 48 48 45 47 47 45 46 47 46 47 48 52 51 50 50 51 50 49 49 50 50 49 49 51 54 55 55 59 66 67 68 69 68 67 69
42 41 42 38 37 43 44 43 43 42 43 41 41 40 40 41 41 42 41 41 44 43 45 47 46 48 50 50 50 50 50 55 52 52 50 49 50 52 53 55 55 55 55 53 54 52 52 50 51 50 51 50 50 50 48 49 47 47 49 48 47 46 46 45 45 45 45 46 46 48 49 49 49 50 50 49 49 49 48 49 48 48 49 51 50 52 55 54 63 65 69 66 64 62 62 64
43 42 44 44 39 37 41 41 41 41 43 43 40 37 41 41 41 41 42 41 42 43 45 45 50 52 53 51 51 50 48 51 51 50 51 50 50 50 52 55 55 53 53 51 52 50 50 50 50 50 49 50 49 49 50 48 50 47 46 48 48 48 48 46 44 44 45 46 46 47 48 48 48 47 48 48 48 48 48 47 47 50 53 51 52 51 53 55 57 66 65 68 64 64 62 63
43 43 44 43 39 37 42 40 41 41 43 43 40 38 40 40 40 41 42 43 42 44 46 46 49 49 48 50 51 50 49 53 50 49 50 50 50 52 56 56 55 55 55 53 54 52 52 52 52 50 50 49 50 50 51 48 48 47 47 48 48 47 47 46 45 45 45 46 47 48 49 48 48 47 48 47 47 48 48 47 47 48 50 53 52 52 52 52 53 58 56 65 69 65 68 69
43 44 43 44 43 37 42 40 43 41 44 43 41 39 38 41 42 42 43 44 43 43 46 47 47 47 48 48 50 49 48 53 53 49 51 49 50 53 57 55 55 52 54 54 54 55 54 54 51 51 51 51 52 50 48 48 47 47 47 49 48 47 47 47 47 46 47 46 48 48 48 47 48 47 49 48 51 48 47 47 48 49 50 54 54 54 53 54 54 55 62 64 68 67 68 68
43 43 43 42 40 40 37 42 42 41 43 44 43 40 39 42 43 42 45 45 44 45 46 45 47 48 49 48 48 48 48 49 50 50 52 50 50 52 52 55 56 54 53 55 53 54 53 52 51 51 51 51 50 49 48 47 47 46 47 48 48 49 48 47 46 46 45 46 46 45 45 46 47 48 47 48 48 47 47 48 48 50 52 52 55 59 61 58 62 55 55 62 66 65 65 69
43 43 43 42 41 43 41 37 37 38 38 39 39 39 41 38 43 43 42 43 44 44 46 48 44 47 47 48 48 49 48 49 49 49 50 51 51 50 52 56 56 56 54 53 52 51 53 54 52 53 50 49 50 51 48 47 47 47 48 48 49 48 48 47 46 46 45 44 44 44 44 44 45 46 46 46 46 46 47 48 49 50 53 54 56 61 61 65 59 58 56 56 66 66 65 68
43 43 44 43 43 43 41 43 42 41 42 43 44 43 43 40 39 40 43 42 43 44 46 47 47 45 48 48 49 49 48 49 49 49 50 51 51 50 51 55 55 54 55 56 54 53 53 52 54 53 52 51 50 50 48 48 48 48 49 49 50 50 48 48 47 46 46 44 44 44 44 43 43 45 45 45 45 45 46 48 48 50 53 57 57 56 57 63 63 57 55 55 62 66 61 69
43 43 44 43 43 41 42 44 43 43 42 45 45 44 44 41 43 41 42 43 44 44 44 46 47 46 50 49 49 49 49 49 49 49 50 50 50 50 49 49 52 55 54 54 54 54 52 52 53 52 51 51 50 49 48 47 48 48 49 49 50 49 47 47 47 46 45 44 44 43 43 43 44 44 44 45 43 45 47 48 50 50 53 57 59 56 57 58 63 57 56 55 60 65 59 68
43 43 44 41 43 42 44 44 44 42 43 45 44 44 44 43 43 42 42 42 43 44 45 46 45 47 49 48 48 49 50 50 50 50 51 50 51 51 49 51 51 52 52 53 56 54 51 49 52 53 51 51 50 48 48 49 49 50 51 52 50 49 48 47 46 46 46 45 44 43 44 43 44 43 45 43 43 44 48 52 52 56 56 57 57 56 54 60 62 60 59 57 60 64 62 66
44 44 44 42 42 43 43 43 45 44 44 46 45 45 43 44 43 42 43 43 43 45 48 45 46 49 48 49 49 51 51 54 53 52 51 51 50 50 53 49 49 49 51 54 52 56 53 52 49 53 52 50 50 49 50 50 50 52 52 52 51 50 48 47 47 46 45 45 44 44 44 43 44 44 43 43 43 44 52 52 53 54 55 55 54 54 56 56 58 58 58 58 58 59 59 63
43 44 43 42 42 43 42 44 45 45 46 46 46 45 44 44 44 43 46 42 44 46 49 46 50 52 54 52 51 49 50 54 52 50 50 50 49 49 49 49 49 49 49 49 51 52 55 54 51 52 51 49 48 49 50 51 50 52 52 52 51 50 49 49 49 48 49 48 45 44 45 44 44 44 44 43 43 47 47 49 51 52 53 52 52 53 52 55 56 57 54 56 55 57 57 64
44 45 45 43 42 42 42 44 44 45 46 46 46 45 45 46 44 45 45 44 44 44 47 51 51 51 49 49 50 49 48 48 50 50 50 49 50 51 53 53 52 52 51 49 49 49 51 51 52 49 49 51 52 50 53 53 52 55 53 54 51 52 50 49 48 48 48 48 48 46 45 45 45 45 44 43 44 45 47 49 51 51 53 52 53 54 52 53 54 55 57 55 53 55 58 60
46 46 45 43 42 42 44 45 45 46 46 47 47 47 47 46 46 45 46 45 44 44 47 46 48 53 49 48 49 49 49 48 48 50 48 49 52 58 57 55 54 53 53 53 52 54 54 51 49 51 52 52 53 54 54 56 56 54 54 53 51 52 50 50 48 47 47 48 46 46 46 46 46 45 45 44 45 46 47 48 51 51 52 51 51 52 53 51 53 53 54 53 55 55 55 59
47 45 44 44 43 43 44 44 45 46 45 47 47 47 47 47 48 48 47 45 45 47 46 47 50 55 50 50 49 49 48 48 47 47 48 54 56 53 54 57 56 55 53 52 51 55 55 55 52 51 52 55 53 56 57 58 57 57 56 55 53 52 48 48 48 47 46 46 46 46 46 47 46 46 44 44 45 46 48 50 50 50 51 51 52 52 53 54 55 55 54 55 57 56 56 56
46 45 44 44 44 44 44 44 45 46 46 48 47 47 48 48 48 48 46 46 46 46 46 48 49 53 52 54 50 49 49 48 49 47 50 53 51 51 52 52 53 55 54 52 51 50 51 50 50 51 53 52 54 56 55 57 56 56 56 54 54 53 51 48 46 46 45 46 46 46 47 47 47 47 45 45 46 46 48 49 49 51 51 52 52 52 55 55 56 56 55 56 58 59 58 57
47 46 45 45 44 44 44 45 45 46 46 47 47 47 47 48 48 48 47 47 48 47 47 48 49 51 50 50 50 49 47 47 47 51 53 53 54 53 53 54 52 54 52 50 50 51 54 51 52 52 54 55 54 56 55 55 58 57 59 55 55 51 48 48 48 47 46 44 46 45 46 46 47 45 46 45 47 47 48 50 53 53 54 56 55 56 57 59 60 60 58 56 58 62 60 59
47 46 44 44 43 42 43 45 47 47 47 46 46 47 47 47 48 47 47 46 48 47 48 50 50 49 49 49 48 47 48 49 51 49 51 48 50 54 52 53 51 51 50 52 51 51 53 54 54 54 53 54 56 56 56 56 55 54 53 52 50 51 50 50 50 48 47 47 47 46 46 46 46 47 46 46 47 48 49 50 50 51 55 55 58 59 58 60 59 62 59 58 60 60 61 60
47 46 44 44 45 44 44 46 49 47 47 48 48 47 48 48 49 49 48 47 47 49 49 50 51 48 49 48 49 49 49 49 48 49 48 47 47 49 51 53 50 50 50 53 52 56 55 53 54 56 56 56 56 54 56 53 55 57 56 54 51 53 52 52 50 49 48 48 48 48 48 48 48 48 46 47 47 49 49 49 51 52 52 54 57 57 59 57 60 60 61 62 63 61 60 64
48 47 45 44 46 45 45 47 47 49 49 47 48 48 48 50 49 49 48 47 47 48 48 48 49 51 53 52 50 51 54 51 50 49 47 47 47 47 48 49 49 50 53 52 52 52 57 56 56 57 56 56 56 56 52 54 57 56 56 52 53 54 53 53 51 50 50 50 49 49 49 50 49 49 46 47 47 48 49 50 50 50 51 53 54 56 57 56 58 60 60 62 61 63 62 63
48 48 45 47 47 46 48 46 49 50 50 48 48 49 49 50 49 49 49 48 48 50 51 51 51 52 53 55 54 52 49 48 47 46 48 48 47 46 47 48 49 54 52 56 55 56 57 58 57 55 56 56 53 53 56 57 57 54 54 53 51 53 53 52 52 49 50 50 50 50 49 48 49 49 47 47 48 48 48 49 50 50 52 52 54 55 54 55 56 58 58 59 59 60 62 63
49 47 47 47 48 49 48 49 50 50 50 49 49 49 50 49 49 49 50 48 48 51 51 52 52 51 52 52 50 51 49 49 47 45 45 46 45 46 47 49 51 54 52 53 55 56 58 56 57 56 54 57 54 56 55 55 55 53 52 53 54 50 52 51 51 51 50 49 50 50 50 49 48 47 47 47 47 47 49 49 49 50 53 53 55 56 57 57 56 57 58 59 63 61 64 62
49 45 48 45 49 49 46 49 51 51 50 49 49 50 50 51 51 51 50 51 52 52 52 51 51 52 52 50 49 52 49 47 46 44 43 43 45 46 47 50 53 56 57 56 56 57 56 57 56 57 56 56 56 57 55 55 55 55 54 53 51 49 51 51 49 49 50 49 49 50 49 48 49 47 46 47 48 48 48 49 49 51 53 54 56 58 58 56 55 56 56 60 59 62 63 63
49 44 45 48 45 46 50 51 50 50 50 50 50 50 50 50 51 51 52 52 53 53 53 51 51 52 51 50 49 49 52 46 46 45 45 45 45 46 48 51 52 56 57 57 56 55 55 56 57 57 56 56 53 56 56 55 55 53 54 53 52 52 49 49 48 49 48 48 47 48 48 47 47 47 46 48 48 48 49 49 49 50 54 56 56 56 55 54 54 54 57 59 58 59 60 63
50 45 49 50 48 47 50 48 50 51 51 49 50 49 50 51 51 52 51 51 53 53 53 51 51 49 51 49 48 49 47 47 46 45 45 45 45 46 48 51 56 57 57 58 57 56 57 58 58 57 56 56 55 55 55 54 55 53 49 50 49 49 49 50 51 51 51 49 49 49 49 49 49 48 48 49 48 49 49 49 49 51 53 55 55 56 54 53 53 54 55 58 58 59 61 63
44 46 51 52 50 47 51 51 51 49 50 49 49 48 48 47 48 49 51 50 53 52 53 51 53 52 50 49 47 48 46 46 46 46 46 47 47 47 49 57 57 56 56 55 56 57 57 57 56 57 56 56 55 55 54 54 52 49 54 52 51 52 52 52 50 52 50 50 50 49 49 48 49 49 49 49 49 50 50 50 50 52 53 54 54 55 54 55 55 55 57 56 59 60 64 66
50 52 53 54 52 49 51 53 53 52 51 50 49 50 49 49 50 50 50 49 50 52 53 52 50 49 50 48 49 49 48 48 47 47 47 47 48 49 54 59 57 56 52 55 58 57 54 59 58 57 57 55 52 51 49 50 52 52 53 53 53 52 52 52 51 51 50 50 50 50 50 50 50 50 49 48 48 50 50 51 51 53 54 54 55 56 54 55 55 55 57 58 59 61 64 68
52 53 55 52 51 49 54 55 54 53 52 51 49 52 49 51 52 51 50 49 52 52 50 50 50 50 49 49 49 48 48 48 48 48 49 48 50 55 56 57 59 58 56 51 56 56 57 56 55 58 57 55 50 52 54 54 54 53 53 53 52 52 52 51 50 50 49 52 51 51 54 51 50 50 49 49 49 50 50 52 52 53 54 55 54 54 56 56 56 56 58 59 60 62 65 67
51 53 53 53 55 53 50 55 54 56 53 52 51 52 52 51 51 52 50 50 52 50 49 52 50 50 48 49 49 48 48 51 49 49 49 50 50 51 54 56 58 56 55 52 51 54 54 58 58 52 52 52 53 56 51 55 54 53 53 53 53 53 53 52 51 53 53 53 52 52 52 52 53 52 51 49 50 50 49 51 51 51 51 53 53 54 57 57 58 60 61 61 62 63 65 67
53 54 55 54 55 57 58 57 52 55 55 54 54 54 54 54 52 50 52 53 52 51 52 51 49 49 49 50 50 50 50 52 50 50 50 50 52 55 53 52 53 50 51 50 54 53 50 52 52 52 52 49 51 55 55 55 55 54 54 55 55 55 55 55 55 54 55 55 54 54 54 53 53 53 54 51 50 50 50 50 50 50 50 53 54 55 57 58 59 59 61 63 65 65 67 68
53 53 56 55 56 56 55 57 56 49 53 55 55 54 55 53 53 53 53 53 52 52 52 50 49 50 52 51 53 52 51 55 52 52 54 54 52 52 53 54 53 53 52 55 56 57 56 52 51 52 56 52 52 55 56 55 54 54 55 55 54 55 54 54 52 52 53 53 54 53 54 54 52 52 50 50 49 50 49 50 49 49 51 54 55 56 57 58 59 60 62 63 64 68 71 68
