grids/precipitation/sep/RSMS_09_1881_01.asc
NCOLS 654
NROWS 866
XLLCORNER 3280414.711633467
YLLCORNER 5237500.62890625
CELLSIZE 1000
NODATA_VALUE -999
[rows 572 to 623 of 866, columns 384 to 479 of 654]
66 66 64 64 65 65 74 75 74 75 74 71 74 74 72 71 69 71 73 76 78 76 73 68 71 72 69 67 70 70 70 70 72 73 73 73 70 73 71 73 72 73 70 70 70 71 71 74 78 75 70 69 75 79 80 76 70 68 67 67 66 67 65 65 66 66 65 65 64 65 63 63 64 64 61 60 60 61 63 67 68 71 72 73 76 75 76 74 76 -999 -999 -999 -999 -999 -999 -999
68 67 67 64 65 67 71 75 69 70 74 73 71 79 74 71 73 77 76 76 74 76 72 71 71 73 68 66 68 68 70 70 74 72 70 71 71 70 70 71 70 70 71 68 70 71 71 72 81 79 77 68 74 78 78 75 72 68 66 67 67 65 71 66 66 66 64 64 64 63 63 62 62 63 62 61 61 61 64 67 68 72 74 80 77 76 74 -999 -999 -999 -999 -999 -999 -999 -999 -999
68 68 67 67 66 73 71 67 68 73 76 74 78 76 74 70 78 81 76 74 75 71 71 68 70 71 73 67 67 69 72 77 76 73 73 70 70 68 68 68 68 70 70 71 70 68 69 71 74 74 80 74 68 72 73 73 71 69 67 67 66 67 68 68 65 64 63 65 65 64 65 67 64 64 60 63 64 64 67 69 71 72 75 75 77 74 72 -999 -999 -999 -999 -999 -999 -999 -999 -999
67 69 67 67 67 66 73 65 73 68 69 69 71 74 76 74 76 81 79 76 76 74 69 65 67 71 71 67 67 66 72 73 75 73 73 70 68 68 68 66 66 67 68 69 70 69 70 72 70 73 74 72 75 69 69 69 69 69 68 67 67 68 67 69 66 63 65 64 66 66 65 66 67 66 66 65 65 66 68 70 72 74 73 73 79 78 -999 -999 -999 -999 -999 -999 -999 -999 -999 -999
68 69 70 67 67 71 67 68 76 67 67 69 69 70 78 74 77 75 77 74 72 72 70 66 67 68 71 73 67 67 69 70 74 74 71 72 70 70 67 66 65 66 66 69 70 69 68 68 73 72 73 75 76 71 68 69 67 66 67 65 65 68 68 66 67 64 62 66 65 64 66 68 67 67 67 66 66 68 69 74 74 73 73 73 77 81 -999 -999 -999 -999 -999 -999 -999 -999 -999 -999
68 69 68 66 63 70 68 71 69 67 66 67 70 71 69 68 76 75 76 73 74 73 70 67 68 69 72 73 68 67 69 69 70 73 72 72 71 69 66 64 70 68 66 67 69 72 71 71 73 73 78 80 76 75 72 69 71 67 67 65 68 67 68 68 67 63 64 64 65 65 66 68 68 66 68 66 67 69 70 75 74 73 74 73 77 81 -999 -999 -999 -999 -999 -999 -999 -999 -999 -999
69 71 70 69 66 68 68 68 64 66 66 66 68 74 69 68 69 73 76 78 73 71 68 72 70 68 73 74 69 69 69 71 70 70 71 69 69 71 67 68 72 69 67 66 66 68 70 70 71 76 83 80 77 73 73 72 72 70 70 72 69 69 65 68 69 68 69 65 63 64 65 66 68 68 69 69 69 71 71 72 71 72 74 74 78 -999 -999 -999 -999 -999 -999 -999 -999 -999 -999 -999
68 70 68 66 64 67 64 75 72 67 69 71 76 70 67 72 72 71 75 75 74 71 70 71 71 70 71 73 71 70 70 71 70 69 68 69 66 66 68 67 68 66 66 65 66 68 70 71 72 75 78 84 83 78 74 74 76 75 73 70 69 67 68 69 67 69 67 67 65 65 60 66 66 69 68 69 69 69 70 71 71 74 74 75 79 -999 -999 -999 -999 -999 -999 -999 -999 -999 -999 -999
70 71 68 71 70 70 67 68 72 74 79 81 71 70 73 79 74 68 76 70 74 70 71 73 73 72 73 73 76 71 70 69 68 69 69 66 66 66 67 67 69 67 67 66 66 67 68 68 69 69 75 83 80 81 76 77 75 73 72 71 70 68 68 67 70 70 67 66 65 63 64 64 66 70 70 70 71 71 72 72 73 75 75 78 79 78 -999 -999 -999 -999 -999 -999 -999 -999 -999 -999
67 63 71 67 67 68 68 70 76 76 74 74 74 69 70 75 71 74 69 73 77 70 73 77 77 74 73 72 73 71 70 71 70 69 67 66 66 67 67 66 68 69 67 66 66 68 70 71 72 72 73 79 77 79 79 78 77 75 73 70 71 72 70 66 68 68 67 66 63 63 64 66 67 70 71 70 72 75 77 75 76 78 76 80 -999 -999 -999 -999 -999 -999 -999 -999 -999 -999 -999 -999
73 67 71 67 64 69 67 71 74 74 75 75 72 73 82 74 74 71 73 73 78 70 75 78 83 82 77 74 71 71 70 73 68 67 67 67 66 68 66 66 68 72 71 67 67 69 68 67 68 70 73 77 78 75 76 72 69 76 74 69 68 71 70 65 65 66 67 64 63 64 65 68 68 72 73 75 73 77 81 80 79 82 -999 -999 -999 -999 -999 -999 -999 -999 -999 -999 -999 -999 -999 -999
72 69 70 64 72 68 69 71 73 72 72 76 78 77 80 74 80 74 73 71 75 72 78 80 81 81 84 78 76 75 73 70 70 70 67 67 66 66 66 66 66 66 70 71 68 66 66 67 68 69 70 73 75 73 73 71 68 66 71 70 68 68 66 64 62 64 62 62 64 65 65 68 71 74 75 77 77 76 82 83 86 -999 -999 -999 -999 -999 -999 -999 -999 -999 -999 -999 -999 -999 -999 -999
72 72 72 67 71 69 64 69 72 75 74 75 76 70 74 81 79 74 71 71 71 72 77 78 78 80 81 82 83 80 75 70 70 68 67 67 67 68 66 64 64 66 67 68 70 70 65 67 67 70 70 72 72 69 71 68 66 65 64 70 66 68 66 65 61 62 62 65 67 66 68 69 71 74 78 79 77 79 83 86 89 -999 -999 -999 -999 -999 -999 -999 -999 -999 -999 -999 -999 -999 -999 -999
66 72 73 62 71 71 72 71 73 74 71 76 74 77 81 76 75 75 71 72 79 75 75 78 77 75 80 80 80 78 77 70 70 70 67 67 67 70 67 66 66 65 65 66 66 65 65 63 67 69 69 68 70 69 69 69 68 65 63 68 64 66 66 64 62 61 62 62 65 67 68 70 72 73 76 80 84 82 82 83 87 -999 -999 -999 -999 -999 -999 -999 -999 -999 -999 -999 -999 -999 -999 -999
71 70 64 71 70 73 73 72 76 74 79 76 75 74 74 78 76 74 71 73 78 78 78 77 74 75 74 77 78 78 74 71 70 69 69 68 67 69 67 64 65 65 65 66 66 64 66 63 63 64 69 68 68 68 66 68 65 63 63 63 61 67 63 63 61 64 62 65 65 65 67 69 72 72 75 78 76 80 80 83 86 -999 -999 -999 -999 -999 -999 -999 -999 -999 -999 -999 -999 -999 -999 -999
72 69 69 72 72 71 74 74 75 75 74 77 75 75 75 74 74 75 69 69 72 75 77 73 79 80 79 79 78 76 75 71 70 69 67 67 66 71 67 68 67 66 66 66 65 64 67 64 63 63 72 69 66 66 65 67 66 64 63 64 61 63 65 62 62 63 63 62 63 64 67 69 70 71 73 77 82 83 81 81 83 81 -999 -999 -999 -999 -999 -999 -999 -999 -999 -999 -999 -999 -999 -999
72 72 74 72 72 73 78 80 76 75 74 73 73 73 75 74 75 71 69 69 71 74 76 75 78 80 82 79 78 77 75 72 71 70 69 67 66 64 64 63 68 68 68 66 65 65 67 64 63 63 63 64 64 64 64 65 65 64 61 61 61 61 63 60 63 62 60 64 64 66 67 68 69 70 72 74 74 77 79 77 80 78 78 -999 -999 -999 -999 -999 -999 -999 -999 -999 -999 -999 -999 -999
71 72 75 74 76 76 80 79 78 77 75 73 73 75 72 75 74 72 71 70 74 75 75 77 81 82 83 79 75 78 75 75 71 74 72 69 66 66 66 65 65 64 69 68 65 65 67 64 64 63 62 61 63 63 64 62 62 63 64 62 61 61 60 61 62 62 63 62 63 66 68 69 70 72 74 73 76 74 76 77 76 76 74 -999 -999 -999 -999 -999 -999 -999 -999 -999 -999 -999 -999 -999
72 72 74 76 76 77 81 80 79 78 76 74 73 73 75 75 75 74 72 71 71 74 75 77 81 84 81 79 81 79 77 74 72 70 70 71 68 65 67 66 66 66 66 65 65 65 66 63 63 63 62 62 62 62 62 63 61 61 61 60 60 60 60 60 59 66 67 63 66 64 68 68 68 70 72 74 75 74 74 72 71 74 74 -999 -999 -999 -999 -999 -999 -999 -999 -999 -999 -999 -999 -999
72 74 76 76 78 80 81 82 81 80 77 74 73 73 72 73 75 72 73 72 74 75 75 79 84 85 85 79 82 79 78 75 72 70 70 68 68 66 66 66 64 66 66 64 64 64 63 62 62 61 61 60 60 63 62 63 60 59 60 60 58 59 59 59 57 58 62 68 65 65 69 70 68 69 70 72 70 75 70 71 71 74 73 73 73 73 75 -999 -999 -999 -999 -999 -999 -999 -999 -999
72 76 76 76 75 78 82 83 81 80 77 75 74 76 75 77 77 76 75 73 73 73 74 78 81 81 82 79 82 82 77 75 72 71 68 70 70 66 66 66 64 63 66 64 65 65 64 63 62 61 61 60 60 60 61 63 60 59 60 60 59 58 59 58 57 57 64 66 66 65 71 69 68 67 67 69 70 71 70 68 72 72 73 75 76 75 71 74 74 68 -999 -999 -999 -999 -999 -999
76 77 74 75 74 77 80 83 83 82 78 78 76 75 75 75 72 76 75 73 72 73 75 79 78 82 84 86 83 81 78 75 70 69 68 70 72 68 66 64 64 64 64 65 65 64 62 62 61 62 62 61 59 59 60 59 60 59 60 58 58 58 58 57 57 56 58 61 64 70 68 71 69 66 64 67 66 68 72 72 70 71 72 75 75 70 69 73 71 69 67 -999 -999 -999 -999 -999
71 74 76 74 73 79 80 84 85 85 82 78 75 74 74 75 73 73 71 70 72 74 78 78 79 80 86 83 81 80 76 74 70 68 66 66 68 70 70 66 64 64 66 65 65 65 64 62 62 61 61 60 60 59 59 59 58 58 59 60 59 59 57 57 56 55 58 60 68 67 70 69 70 67 68 66 64 67 74 73 70 66 67 70 70 70 69 75 70 68 66 -999 -999 -999 -999 -999
71 68 66 70 75 78 81 86 84 86 83 78 78 78 77 76 75 75 72 73 72 72 75 75 76 76 78 76 82 81 75 71 67 66 66 65 67 68 69 67 68 67 66 65 64 64 64 62 62 64 62 59 59 57 58 58 56 58 59 59 60 60 58 56 56 56 58 60 64 68 71 70 67 68 66 66 66 68 73 73 68 66 65 68 67 68 66 68 68 66 65 -999 -999 -999 -999 -999
66 69 74 74 76 75 78 84 85 81 78 79 77 76 75 75 73 76 75 72 70 69 74 74 74 76 76 75 76 76 72 71 66 66 65 65 65 64 65 67 69 67 64 65 64 64 64 63 62 62 62 61 59 59 57 57 56 59 59 61 60 61 58 55 55 56 58 61 64 68 68 66 66 66 66 66 65 68 69 70 65 64 64 67 66 66 66 65 65 65 65 -999 -999 -999 -999 -999
70 68 71 74 75 76 77 86 81 83 81 84 78 79 77 76 77 76 73 70 70 68 70 72 78 78 74 76 74 72 70 67 66 65 64 65 65 65 63 64 66 66 64 63 64 64 64 63 63 62 61 62 60 59 56 56 56 58 60 61 59 58 56 55 55 59 61 59 60 65 68 68 64 66 64 67 67 67 67 68 65 62 62 65 65 64 64 64 64 64 65 -999 -999 -999 -999 -999
70 69 72 74 77 77 78 78 80 82 83 84 77 77 78 79 80 77 75 71 71 68 70 71 73 74 78 76 75 71 70 68 66 65 64 64 64 64 64 62 62 62 64 65 63 64 64 63 63 62 61 63 62 60 57 56 56 55 60 58 57 57 57 55 56 57 60 57 59 62 66 64 64 64 65 64 66 65 66 66 65 66 60 63 62 63 64 64 64 65 64 -999 -999 -999 -999 -999
71 72 72 73 79 74 75 78 77 80 80 80 78 80 75 80 77 78 76 72 70 68 69 72 75 77 76 76 72 71 68 67 66 65 64 63 63 63 62 62 60 60 61 62 60 63 64 64 63 62 61 62 61 60 59 56 56 56 56 56 58 57 57 55 57 58 59 57 56 62 64 59 62 66 64 65 64 65 64 65 66 62 59 59 61 65 65 68 65 64 64 64 64 -999 -999 -999
71 72 74 73 80 76 76 78 76 81 83 81 79 78 80 81 81 77 73 71 69 69 70 72 77 77 79 76 75 72 71 65 65 65 64 63 63 62 62 62 59 59 59 60 60 60 60 63 62 61 61 63 62 61 58 57 56 57 56 57 57 59 57 55 57 57 58 56 57 59 61 62 64 64 63 64 65 65 65 63 63 62 59 60 61 62 64 65 65 65 64 64 64 -999 -999 -999
71 73 72 73 80 75 73 73 79 80 83 82 83 78 81 79 80 78 76 73 70 72 75 78 80 77 78 73 73 73 67 66 66 65 65 64 63 63 60 60 63 62 61 60 60 60 60 60 62 63 63 62 62 62 60 59 57 58 58 57 57 57 57 56 56 58 57 56 56 59 58 61 61 63 63 64 65 65 65 62 61 61 59 60 62 64 63 64 66 66 66 65 65 64 -999 -999
68 71 72 75 78 77 72 75 81 81 84 85 84 83 85 80 82 76 75 72 73 71 76 81 82 80 73 72 72 74 68 67 67 66 66 65 64 60 59 59 62 64 63 62 61 58 60 62 62 63 62 61 62 59 61 60 59 59 58 58 58 57 57 57 59 59 59 55 57 59 58 63 60 62 63 65 66 64 64 63 61 60 60 61 64 65 63 64 63 65 65 64 64 65 -999 -999
67 71 73 72 76 76 74 80 82 81 82 80 81 83 84 84 77 81 76 78 76 77 75 76 77 78 76 75 73 72 70 67 68 68 68 66 63 64 63 60 60 63 64 62 61 63 62 63 64 63 63 63 62 62 62 59 61 62 61 59 59 58 57 57 57 56 57 59 60 57 57 59 62 64 67 66 64 65 62 61 60 60 61 64 63 64 65 64 64 -999 -999 -999 -999 -999 -999 -999
71 72 73 68 69 70 74 79 82 81 76 84 85 86 87 80 83 82 82 82 79 77 76 77 81 84 80 78 73 72 71 68 71 71 68 64 60 66 65 64 63 64 64 62 61 63 66 65 67 68 67 63 66 63 62 64 64 66 64 65 63 59 58 58 60 62 62 59 61 60 62 62 65 63 63 59 60 64 63 60 62 60 63 65 65 66 66 66 65 -999 -999 -999 -999 -999 -999 -999
64 65 67 68 65 69 79 83 83 81 85 88 84 83 79 85 89 88 88 86 79 77 77 78 81 80 80 76 73 72 71 72 74 74 68 66 62 68 67 65 66 65 64 62 62 63 67 68 66 69 67 68 65 68 65 66 65 63 62 60 61 59 61 58 62 66 63 60 64 67 66 64 64 64 64 66 64 61 62 64 65 63 65 63 64 66 68 68 65 64 64 64 63 62 -999 -999
60 60 62 63 64 75 73 73 84 80 84 86 85 86 83 82 85 84 81 78 77 79 76 76 78 79 80 79 75 73 73 75 66 66 66 65 60 65 69 64 67 66 68 66 65 66 63 63 61 64 64 66 62 64 65 67 62 59 58 58 58 59 57 60 66 67 64 65 65 67 68 65 63 60 67 66 65 63 65 66 68 69 66 65 66 68 69 69 66 66 65 66 64 62 65 -999
58 59 60 68 65 69 75 82 83 84 78 91 90 85 83 82 74 83 82 84 78 80 75 76 76 80 80 78 76 76 72 72 72 66 63 63 58 61 62 66 68 72 70 68 68 65 66 64 65 62 66 66 63 67 62 61 58 59 58 57 57 56 57 63 63 65 60 66 67 67 66 63 63 63 63 65 66 64 64 67 69 70 71 69 68 68 69 73 69 70 70 69 65 64 68 -999
58 59 60 65 65 67 72 85 84 82 77 88 87 84 82 81 81 82 80 82 77 75 78 76 74 75 76 76 74 78 76 71 72 66 64 63 62 62 63 64 72 70 67 65 64 63 64 66 64 64 62 63 62 60 60 58 58 57 57 56 56 56 56 57 59 60 60 63 64 65 65 60 65 63 64 65 66 65 69 71 69 71 74 73 69 69 70 71 69 71 74 70 66 71 70 -999
60 58 60 63 67 67 74 75 76 83 78 83 87 85 81 75 80 82 76 78 78 84 73 80 74 76 73 71 74 78 77 71 68 66 66 63 62 62 62 62 68 67 63 66 63 65 64 63 63 63 63 61 60 62 59 59 58 57 56 57 56 55 56 56 56 59 60 64 66 68 66 60 64 64 63 63 65 68 70 72 71 75 73 74 71 68 71 69 68 71 74 69 69 70 70 71
61 62 61 64 65 68 79 83 78 74 82 75 83 83 74 83 81 80 83 89 82 75 76 75 76 75 73 72 70 77 72 68 70 69 67 64 63 62 63 62 64 64 62 64 63 63 63 62 62 63 64 62 62 64 60 58 58 58 56 55 56 56 57 58 57 61 61 63 64 66 67 63 59 60 65 64 65 68 71 73 75 72 74 74 73 71 71 68 68 73 72 72 70 69 73 72
64 61 65 64 65 65 66 78 82 75 76 73 77 70 77 85 78 80 80 81 82 76 76 75 72 74 71 70 68 69 74 71 71 74 67 67 64 64 62 63 67 63 62 64 64 63 63 62 62 64 63 65 65 68 63 61 59 57 57 57 57 57 59 61 57 62 62 63 66 68 65 62 61 63 65 65 63 68 72 74 72 72 70 72 69 70 68 68 69 74 71 69 70 73 78 77
63 66 65 65 65 66 70 71 83 83 72 72 81 76 74 72 83 84 81 84 79 75 72 71 71 68 68 71 69 67 69 69 68 68 68 66 63 63 61 63 66 62 62 66 68 66 62 64 64 64 65 71 71 74 68 61 59 62 60 59 60 62 63 60 59 60 63 66 61 63 59 60 61 64 66 64 64 66 71 73 69 68 69 69 68 69 68 66 69 74 73 70 72 73 76 73
64 68 67 65 64 66 70 67 70 70 68 70 75 82 81 76 76 88 85 86 81 78 73 75 74 68 71 69 70 69 66 66 67 66 72 65 64 63 63 62 64 61 64 68 64 64 66 66 68 67 70 74 74 78 75 66 63 63 63 64 62 59 60 62 60 58 62 62 63 65 68 67 65 63 66 65 63 66 68 72 67 69 68 66 67 68 69 70 71 66 72 71 73 73 72 69
64 65 66 65 64 64 65 64 65 65 66 68 68 70 72 73 82 79 87 83 76 75 78 74 72 71 70 68 68 67 66 67 68 66 65 68 64 64 63 61 64 60 63 65 61 66 67 68 67 64 67 71 74 72 71 67 70 63 67 68 65 65 63 62 63 60 60 63 67 68 69 70 70 69 68 67 73 72 69 69 65 68 68 68 70 69 70 72 69 73 75 77 76 73 72 69
64 65 66 66 66 65 63 66 66 66 66 66 68 69 72 78 78 78 76 81 72 70 73 71 70 67 67 66 69 68 67 66 67 67 66 66 64 64 63 60 60 59 60 61 61 68 70 64 64 63 69 67 64 75 75 71 64 62 64 67 72 65 63 63 62 60 60 64 69 69 68 72 71 73 70 72 71 73 69 66 64 65 68 70 70 70 69 69 69 70 78 80 79 77 71 69
64 65 66 68 68 66 67 68 66 71 69 70 72 73 74 88 88 82 87 79 74 71 73 71 73 73 71 70 70 76 68 68 66 65 64 66 68 65 65 61 59 59 59 60 59 64 71 64 63 66 64 63 66 71 70 71 68 62 64 63 70 69 67 64 64 60 60 61 65 67 70 72 73 72 71 71 69 71 69 65 65 67 68 70 69 72 70 69 68 70 77 86 79 77 76 70
66 68 68 67 70 70 66 69 67 73 76 75 79 85 74 76 89 85 88 81 78 74 75 76 72 72 74 71 68 66 66 66 67 65 66 66 67 67 63 60 59 58 58 59 59 61 66 62 62 64 62 64 74 70 68 71 67 61 63 67 69 68 69 67 65 61 61 63 65 69 70 69 72 71 70 69 70 68 68 66 67 67 67 67 68 72 72 70 69 70 70 75 81 80 76 73
67 70 70 71 70 68 67 70 68 69 72 81 81 84 75 82 73 75 83 82 74 78 78 78 70 69 72 72 72 73 68 67 66 66 65 64 63 63 65 66 60 57 59 61 59 63 64 64 63 60 59 69 72 66 70 67 64 63 60 62 62 67 69 69 69 65 64 60 63 64 67 68 69 70 69 67 70 71 69 68 66 68 69 70 72 72 72 69 67 71 71 75 80 83 80 77
72 75 75 73 70 69 71 72 70 70 83 78 80 85 80 78 73 79 72 79 76 73 74 78 75 75 71 77 77 73 71 66 66 65 65 66 63 63 63 60 60 60 58 63 67 60 61 64 64 60 59 60 61 61 64 76 72 66 62 62 63 64 67 67 69 67 63 63 63 65 67 67 67 67 67 72 69 72 69 70 69 67 69 76 75 71 70 68 68 69 71 73 76 83 80 77
70 73 82 77 75 72 82 78 79 73 69 80 83 82 84 80 77 77 81 75 75 72 76 74 74 76 72 77 73 75 73 72 67 68 66 64 64 64 61 60 58 58 59 58 59 60 60 61 61 63 61 59 59 59 61 63 63 68 61 60 62 63 67 66 66 63 62 62 65 64 65 68 65 64 69 72 68 72 68 70 67 69 73 76 73 69 71 70 68 68 70 72 74 77 79 78
68 71 71 73 70 71 73 77 81 72 72 71 78 81 78 79 79 80 82 76 79 76 74 79 78 75 79 77 75 74 68 71 67 66 66 64 60 59 58 58 58 59 57 57 58 58 58 58 59 59 63 61 60 61 61 61 62 61 61 62 60 62 63 64 63 67 62 63 67 68 71 69 66 66 69 71 68 68 66 69 71 72 77 78 73 71 75 70 68 68 68 72 73 77 79 79
68 70 70 70 70 70 72 75 84 83 78 72 75 80 80 82 79 82 79 78 74 77 74 78 79 79 82 78 75 77 74 68 68 64 63 64 61 60 61 59 58 59 59 58 57 57 59 58 58 58 60 61 60 59 61 65 66 61 61 61 63 63 63 62 64 65 68 70 71 64 67 64 63 64 68 69 67 65 72 73 74 79 80 78 75 77 75 71 69 69 68 71 74 75 76 75
68 69 70 69 70 71 71 84 83 81 78 71 77 80 79 80 81 82 76 78 74 76 77 77 75 82 78 80 78 74 73 70 70 70 64 64 62 62 62 61 60 58 58 58 56 57 58 61 57 57 60 60 62 60 59 60 66 65 65 67 65 65 63 62 63 62 64 71 67 66 63 64 63 63 63 64 66 69 72 76 77 75 77 74 75 74 75 70 69 69 68 71 73 73 73 72
