grids/precipitation/sep/RSMS_09_1883_01.asc
NCOLS 654
NROWS 866
XLLCORNER 3280414.711633467
YLLCORNER 5237500.62890625
CELLSIZE 1000
NODATA_VALUE -999
[rows 624 to 675 of 866, columns 288 to 383 of 654]
87 92 90 88 88 87 80 86 85 81 79 73 77 66 70 74 72 73 70 70 70 75 69 69 67 73 72 68 66 66 67 68 69 73 67 67 67 67 66 68 68 72 65 71 72 70 71 66 65 68 66 65 63 67 67 67 65 65 65 64 64 64 64 64 61 65 61 66 65 65 62 62 62 62 62 64 62 62 62 61 61 60 61 66 66 66 69 71 71 72 74 75 77 78 79 81
86 90 90 89 89 89 86 78 83 84 81 79 80 75 67 72 73 73 70 70 70 68 69 75 73 71 74 77 71 70 74 73 72 72 70 73 75 75 69 70 69 67 67 71 68 68 67 71 70 68 67 65 67 68 65 65 65 65 64 65 65 62 62 62 64 60 60 60 60 60 60 61 62 64 62 62 62 61 61 60 60 60 62 65 66 67 69 71 72 72 74 75 77 77 80 80
86 90 90 87 86 85 85 80 80 81 82 81 77 78 70 74 75 72 70 69 68 66 68 69 72 73 72 73 74 75 74 75 72 69 69 68 73 69 74 72 70 70 74 72 68 65 67 64 64 64 67 67 67 65 65 64 65 64 63 63 63 62 62 61 58 58 58 58 58 59 63 64 64 63 64 64 61 61 61 61 61 63 63 65 68 68 70 71 71 74 75 79 81 81 83 83
84 88 90 86 85 83 83 80 78 79 80 80 76 75 76 71 72 72 69 69 67 65 65 71 71 72 72 70 72 73 75 73 70 70 69 67 69 70 72 74 72 73 70 72 70 69 69 67 67 64 63 63 64 65 63 65 64 64 64 63 60 58 57 58 60 60 60 59 61 60 61 64 64 65 65 64 63 63 64 63 64 64 64 67 68 70 71 72 72 74 75 77 77 78 81 83
91 90 90 85 85 84 81 77 76 77 78 78 78 78 76 65 71 70 69 67 67 65 68 69 68 68 73 72 72 70 70 69 72 76 69 66 65 65 66 69 70 72 70 70 69 67 69 64 68 67 65 64 60 64 63 61 61 61 61 61 63 60 60 60 61 62 61 63 63 63 64 65 65 65 65 67 65 64 63 64 64 64 65 67 68 71 74 74 76 76 76 78 77 82 79 80
89 90 86 85 85 84 80 77 76 77 77 78 78 78 76 70 71 71 69 67 65 66 68 64 67 67 69 70 72 72 70 69 72 67 72 70 68 68 66 68 69 69 70 69 69 68 65 68 63 61 67 67 64 64 65 64 61 61 61 61 58 60 61 62 64 62 63 63 63 63 65 65 67 67 65 65 67 65 63 61 64 64 66 68 68 71 74 75 75 75 76 77 77 77 77 79
90 89 85 84 83 82 81 77 75 77 80 78 79 78 76 74 67 71 71 67 67 69 70 66 69 69 70 72 73 70 70 69 69 67 69 70 70 70 68 65 65 70 70 70 69 69 68 68 64 64 64 60 65 60 65 61 61 65 61 64 58 59 60 61 63 64 63 63 60 63 65 67 67 67 67 68 67 64 64 61 63 66 66 68 70 72 72 74 74 75 75 75 77 77 79 81
85 86 82 83 82 80 76 75 73 74 78 78 76 76 74 69 67 71 69 66 67 69 70 70 68 68 70 70 72 70 70 69 69 70 72 69 66 66 68 67 70 70 73 70 69 66 66 66 67 62 62 67 64 65 65 61 64 65 64 64 64 65 64 63 63 64 63 61 61 63 65 68 67 67 65 65 65 65 65 63 63 65 66 70 72 74 75 74 72 74 75 74 75 78 79 79
82 86 83 83 82 82 76 75 76 77 78 79 79 78 76 72 70 70 67 64 68 74 72 69 68 68 69 72 70 70 70 69 69 75 72 74 72 68 65 67 69 69 69 71 70 65 66 67 62 67 66 65 66 64 66 64 67 67 67 65 65 65 64 64 64 64 63 61 61 61 63 68 67 67 67 68 67 65 67 65 65 65 67 70 72 74 75 74 75 75 75 74 75 74 76 75
87 79 79 83 82 82 77 75 76 77 77 76 79 76 73 72 68 68 64 66 67 66 68 71 68 68 69 70 70 68 69 69 69 72 70 74 74 74 68 65 65 69 69 69 71 67 62 66 69 62 69 67 66 66 64 67 67 67 67 65 68 65 67 65 64 63 61 63 63 63 61 64 65 67 68 67 67 65 66 66 65 65 68 71 71 72 76 77 75 76 76 77 77 77 77 77
85 83 81 81 82 81 79 80 78 76 77 77 78 76 73 71 72 68 66 66 68 69 70 75 76 71 69 69 67 68 68 67 67 67 66 74 68 66 67 65 64 66 70 66 64 67 62 62 60 58 62 64 67 64 69 66 66 67 68 67 67 65 67 64 65 65 63 60 61 63 64 63 64 64 67 68 67 67 66 66 66 65 66 68 71 72 75 76 76 77 76 77 78 77 77 77
83 82 79 79 82 83 79 80 78 76 77 77 75 73 74 71 69 69 66 67 70 68 73 73 73 75 71 70 70 70 68 66 66 67 68 68 68 71 64 64 62 62 64 68 66 65 66 64 60 62 62 62 60 67 66 67 66 69 68 68 65 65 65 65 65 64 65 61 63 61 63 64 63 61 63 66 66 66 65 66 66 67 67 71 71 72 75 75 75 76 76 75 75 77 77 76
84 82 81 82 82 81 80 79 78 77 77 75 73 73 72 71 69 69 66 68 72 70 72 74 71 71 72 70 71 67 68 65 66 66 70 67 71 71 69 67 64 62 62 66 66 65 64 64 65 64 66 67 62 67 69 69 70 69 70 69 68 65 67 67 65 65 65 65 65 65 65 64 64 64 64 66 66 66 67 67 67 67 67 71 71 72 74 75 75 74 75 77 77 77 75 75
83 83 82 82 83 81 80 78 78 76 74 72 75 73 74 71 69 68 66 70 76 74 77 74 71 71 69 72 67 68 67 65 64 64 65 66 71 70 70 66 65 64 60 60 64 65 61 65 64 64 65 67 67 69 72 74 72 71 69 69 65 67 67 67 68 68 68 68 68 68 64 64 65 64 65 68 68 67 68 68 67 68 67 70 72 74 74 74 74 75 75 77 78 77 75 76
83 81 82 80 83 80 80 79 79 76 73 72 75 73 72 71 71 70 70 70 68 75 73 72 71 69 69 69 66 65 65 65 63 62 64 63 65 68 69 70 63 63 64 60 60 60 60 64 64 64 66 68 68 71 72 71 72 70 69 69 65 65 65 67 67 65 65 65 67 67 66 66 66 66 67 68 67 67 66 66 68 68 67 70 71 74 72 74 72 74 75 75 75 75 75 75
81 80 82 80 83 82 80 78 79 77 75 73 76 74 72 71 71 69 67 68 74 75 70 71 70 69 69 68 71 69 66 65 62 61 61 63 63 64 65 66 63 64 60 62 62 58 60 64 62 63 68 68 69 68 69 70 70 70 69 68 65 68 65 65 65 64 64 66 65 67 67 67 68 66 67 68 67 67 67 68 68 70 68 72 72 72 74 72 74 75 75 74 74 75 77 78
80 80 80 82 83 82 81 77 79 76 76 76 76 73 71 71 69 71 69 68 68 68 70 73 73 71 72 68 68 71 67 62 64 60 62 62 64 64 66 67 65 68 62 59 60 60 60 60 63 64 66 68 64 64 66 66 70 70 69 68 67 67 65 65 65 65 67 66 66 66 66 68 67 67 68 70 70 68 71 72 71 70 71 71 72 74 74 74 74 74 74 74 77 75 77 77
82 78 81 80 82 81 78 80 77 77 78 77 74 72 71 69 72 73 69 68 70 70 70 77 77 76 73 90 68 67 65 62 60 60 60 65 64 64 66 66 65 68 64 62 63 65 64 64 60 60 64 66 66 63 66 70 69 69 69 68 67 65 64 65 65 65 66 66 66 66 67 67 67 67 67 70 76 75 70 72 71 70 68 70 72 72 72 72 74 72 72 74 75 77 78 81
83 83 80 80 81 81 79 79 78 76 76 76 76 74 72 73 76 74 70 70 71 76 72 75 79 75 77 70 68 67 64 64 66 64 62 62 61 62 66 66 65 69 66 66 64 64 64 62 61 60 63 63 63 69 67 66 64 64 65 68 65 67 65 67 67 67 67 68 67 67 67 67 67 65 65 65 70 68 67 68 68 70 68 70 71 71 71 72 72 72 75 75 77 77 77 78
84 83 77 80 81 81 77 77 78 78 76 77 77 77 75 73 72 73 74 75 79 75 73 78 79 73 73 74 72 68 65 64 63 62 62 62 63 62 63 66 64 66 67 64 64 64 62 63 60 64 63 67 67 68 65 67 67 67 65 63 65 65 67 68 68 68 68 68 71 68 68 68 68 67 66 66 66 66 66 68 70 68 70 71 71 71 70 71 71 71 74 74 77 75 79 78
86 84 80 77 81 81 77 77 76 76 76 78 80 80 77 72 73 76 80 78 77 76 77 75 79 75 74 73 76 69 67 64 65 63 62 63 63 63 64 66 64 65 64 66 62 64 63 64 65 65 67 68 67 66 67 70 70 70 70 65 65 65 65 69 68 67 67 67 68 68 67 68 68 67 66 66 65 66 67 68 68 68 70 68 71 71 71 71 71 71 72 74 77 75 78 78
84 76 81 80 78 78 77 77 76 76 80 81 81 81 78 76 75 81 78 78 76 79 79 79 76 73 74 74 76 70 68 69 67 64 64 63 63 63 64 66 66 66 65 68 64 64 64 64 65 65 66 67 67 69 70 70 70 69 70 69 69 68 68 65 65 67 67 67 67 67 68 70 68 68 71 68 76 66 68 70 68 68 68 70 70 70 68 70 71 75 75 77 75 77 78 81
83 76 81 80 79 77 77 78 78 77 82 81 80 78 80 78 80 80 78 78 78 76 77 77 75 73 73 73 73 70 71 72 71 67 63 62 63 63 62 64 68 64 64 66 64 66 64 64 66 66 66 64 65 66 67 69 69 70 69 72 67 70 70 70 65 68 67 68 67 67 67 68 68 66 66 66 68 67 70 70 71 71 70 68 68 70 70 68 70 72 75 72 74 77 79 78
77 81 78 76 79 80 77 76 77 80 82 81 80 80 80 79 82 85 80 75 75 75 75 75 77 75 72 70 69 70 72 70 67 70 64 64 62 63 62 63 63 66 63 63 62 66 66 66 66 66 63 65 66 65 67 68 68 68 68 69 69 67 68 69 68 68 68 67 66 66 66 67 67 67 70 74 74 75 71 70 70 67 68 70 70 71 70 70 70 71 71 72 75 77 78 79
81 83 79 79 77 79 77 76 77 80 82 80 80 80 80 79 85 83 80 75 74 74 73 74 75 75 73 70 72 74 72 70 67 65 70 66 65 62 64 64 63 64 63 62 62 64 66 64 64 64 62 64 65 66 67 68 68 68 69 70 69 68 68 68 68 69 70 68 66 65 66 66 66 66 66 68 68 68 68 68 66 66 66 67 68 70 70 70 68 68 71 72 76 76 77 77
78 79 79 76 77 78 78 79 79 82 81 80 80 78 80 80 82 83 81 77 74 72 74 77 78 73 73 69 74 70 72 70 70 69 63 69 65 64 65 64 66 65 64 62 62 64 64 63 64 64 62 64 65 64 64 67 67 68 69 69 69 68 69 68 69 69 70 70 67 67 66 66 66 66 66 67 67 67 66 67 67 67 67 68 68 70 70 71 70 71 71 72 75 74 74 75
76 75 73 72 77 81 79 81 79 79 80 80 78 80 82 85 82 80 85 78 76 74 74 75 79 77 72 70 71 71 72 70 67 66 65 65 67 68 66 66 68 65 68 66 65 64 62 65 62 64 62 61 61 64 64 64 65 67 67 69 76 70 77 72 73 72 79 77 72 67 66 68 74 68 67 68 67 67 67 64 64 66 66 68 70 68 70 70 70 70 74 71 71 74 74 74
74 73 76 73 78 80 81 80 80 82 80 78 77 80 85 80 82 80 79 79 79 77 74 76 78 74 70 70 73 74 72 72 72 70 68 65 65 67 68 68 68 65 67 65 65 64 64 64 64 64 61 60 63 63 64 63 65 66 65 68 69 76 77 79 80 70 68 68 67 67 72 72 74 74 68 68 68 67 65 65 67 67 65 69 70 70 70 71 71 70 71 71 74 77 74 75
77 77 79 78 78 80 79 79 79 77 77 75 77 78 80 82 82 82 79 78 76 76 74 73 78 74 71 69 70 73 73 71 72 71 66 68 68 65 67 67 68 68 68 67 65 65 65 65 64 64 63 61 61 63 63 65 65 65 66 69 70 72 73 74 72 75 76 74 72 67 67 65 65 67 67 67 68 67 64 65 65 67 67 72 73 73 71 71 71 70 72 75 74 74 77 76
79 82 78 78 77 78 72 76 79 77 77 77 77 77 78 80 83 86 80 79 76 76 73 75 78 76 74 70 75 70 73 69 71 71 66 66 66 65 67 69 68 68 67 66 66 66 67 67 67 66 63 61 63 62 63 65 65 65 66 65 68 69 72 72 74 80 78 74 74 72 70 69 63 67 63 64 65 65 65 65 65 67 68 68 69 69 70 71 71 71 71 71 72 72 75 74
82 81 80 78 78 78 79 79 73 80 77 77 77 78 81 82 83 80 85 80 78 77 77 75 76 78 72 69 70 74 70 70 70 70 69 68 69 68 67 69 69 67 67 67 68 68 68 68 69 68 66 63 65 63 63 65 65 67 70 68 67 70 74 74 72 73 73 73 73 72 72 72 72 74 67 65 64 65 64 64 67 68 69 69 69 69 69 69 69 70 70 70 70 71 71 71
80 80 80 79 79 79 77 77 77 78 78 78 80 80 87 86 83 80 80 81 84 82 77 75 74 77 74 69 68 71 69 70 74 73 71 72 71 70 68 67 68 68 66 66 66 67 67 68 68 68 65 64 65 65 65 65 65 65 65 65 66 67 70 76 76 77 72 69 68 67 72 74 74 75 72 67 67 69 68 65 67 67 68 68 69 70 74 74 70 69 70 74 70 70 70 70
80 81 81 81 79 79 77 77 75 78 80 80 84 85 86 80 83 83 83 80 80 82 78 77 74 77 78 74 70 74 72 74 74 74 74 72 71 71 70 72 72 70 68 67 66 66 67 68 68 68 66 65 65 65 65 65 65 65 65 65 66 66 71 70 70 70 76 70 73 72 69 71 72 75 75 71 70 67 65 67 67 69 77 79 79 76 76 72 72 72 70 70 74 74 72 71
83 81 79 79 79 79 77 77 77 77 80 78 82 87 85 86 82 79 82 80 78 80 86 79 76 76 79 74 74 72 73 73 75 72 75 73 72 73 72 73 70 70 68 68 67 66 67 69 72 69 69 68 68 66 66 66 65 65 65 65 66 66 67 68 69 68 68 68 68 67 69 67 67 72 72 67 70 67 65 67 68 70 74 72 72 72 70 74 77 76 70 74 74 71 75 83
84 84 82 81 77 79 79 77 77 74 77 77 78 78 83 86 85 82 80 78 78 78 80 82 79 77 79 79 80 77 74 73 74 76 75 70 74 72 73 70 72 70 72 68 68 68 68 69 71 73 72 69 71 69 68 66 65 65 65 64 65 65 67 68 69 67 67 67 67 67 67 67 67 67 66 66 66 66 65 67 76 77 77 74 77 74 74 78 78 77 76 72 73 80 79 74
80 87 84 81 80 80 77 77 75 77 77 76 78 79 82 85 85 82 80 78 78 77 82 79 78 78 76 81 81 79 79 74 73 76 74 70 72 73 71 72 76 74 73 70 69 70 68 69 69 73 69 69 68 68 66 68 68 66 65 65 66 67 70 67 69 70 70 69 67 69 75 76 71 70 71 69 66 66 66 66 67 75 77 78 84 86 77 77 74 74 73 74 73 73 79 74
84 84 86 82 82 80 78 77 77 75 75 76 79 80 82 83 83 83 84 81 81 78 79 78 78 78 81 82 82 81 79 74 72 73 71 72 70 73 74 73 76 76 77 72 70 70 69 69 69 67 71 72 69 68 66 69 68 68 66 65 68 70 71 70 68 73 73 74 70 67 69 69 70 70 70 69 67 67 67 75 74 74 76 76 77 77 77 76 76 74 72 70 70 70 74 70
86 82 81 82 82 80 78 75 77 75 76 78 80 79 83 80 83 83 84 81 81 79 80 82 81 78 81 82 81 79 79 76 74 72 72 71 70 72 73 75 74 73 74 73 73 70 68 69 69 67 70 72 72 69 69 70 68 69 66 65 65 67 71 69 68 69 70 71 75 71 72 69 69 69 69 69 66 66 71 69 72 75 72 74 76 78 76 74 76 78 76 81 70 70 74 72
82 81 82 80 82 78 81 78 77 75 76 78 78 80 85 82 82 80 82 82 83 82 82 84 82 81 76 79 79 79 78 78 74 74 73 71 70 69 71 73 76 72 70 70 69 71 68 68 69 69 70 72 71 71 71 67 70 69 68 66 65 66 66 68 68 73 74 75 74 74 71 72 72 70 70 67 67 72 72 72 72 72 81 71 73 82 76 73 76 86 79 78 73 70 72 68
82 82 82 80 80 78 78 76 76 75 78 76 83 82 85 82 80 85 85 83 83 83 82 81 79 81 79 77 77 78 78 78 75 74 75 76 71 71 70 74 74 72 70 68 66 67 67 68 70 67 69 71 69 71 71 68 67 70 68 68 66 66 66 65 69 72 73 71 72 71 72 72 70 70 67 69 71 71 74 72 71 71 74 74 76 79 79 76 76 82 87 84 79 83 74 70
85 82 84 82 80 85 84 79 78 76 76 79 78 78 76 78 85 84 82 83 83 82 82 79 79 78 81 77 77 78 78 78 79 79 78 76 71 71 70 70 71 73 72 68 67 67 67 68 68 68 67 69 69 71 68 68 68 71 70 68 68 66 66 65 67 69 72 71 69 70 71 72 70 69 67 66 71 72 72 71 72 75 86 83 77 80 76 73 77 81 83 84 86 84 83 77
82 86 83 82 81 82 80 78 76 76 76 78 76 83 80 84 84 84 82 82 82 80 82 79 79 79 80 78 77 78 77 75 78 77 75 73 74 72 70 69 70 82 84 78 70 70 70 72 68 67 67 67 73 71 71 69 68 71 69 70 68 68 65 65 67 69 69 67 69 67 72 72 71 70 66 70 71 71 69 80 75 75 86 83 81 74 70 74 78 77 79 82 84 84 83 83
79 84 84 81 84 82 79 83 80 79 76 78 82 82 82 84 84 82 82 83 83 77 84 81 81 78 78 80 79 77 74 74 75 76 77 75 73 72 72 69 70 69 73 74 70 68 70 68 69 67 69 69 70 71 69 71 71 70 69 69 70 68 67 67 65 69 68 66 69 69 70 70 69 68 64 67 69 69 70 81 86 85 86 83 81 77 74 69 74 76 78 79 82 82 82 81
80 87 87 87 85 86 82 78 82 79 78 75 76 82 82 81 78 82 81 83 83 80 83 82 81 78 80 78 77 75 74 72 78 74 77 75 74 73 70 69 70 67 68 68 70 70 68 68 69 68 70 71 70 77 72 71 73 84 73 71 72 68 69 68 67 65 67 67 67 67 72 73 71 69 66 63 66 69 84 72 81 85 85 81 83 79 75 71 74 74 77 78 79 81 81 79
85 87 87 86 86 85 83 82 82 76 80 79 80 80 78 81 82 84 84 83 82 79 79 78 79 78 81 80 80 78 73 73 73 79 75 76 74 71 72 73 75 71 68 66 66 66 66 65 65 70 71 70 74 74 73 73 80 84 86 77 83 81 74 68 67 67 65 66 67 69 75 71 69 68 64 64 66 71 72 86 83 84 84 80 83 80 77 76 70 72 76 78 79 78 79 79
81 85 86 86 86 87 82 82 80 80 79 75 79 80 80 82 84 84 84 84 82 80 80 78 79 79 81 78 78 79 76 73 73 73 72 72 71 72 72 73 76 73 71 70 66 66 66 67 65 67 70 69 71 71 69 71 79 77 78 85 74 71 68 68 68 67 65 66 66 67 69 68 67 67 64 66 68 74 82 85 84 83 80 81 83 80 77 76 76 76 77 77 79 79 78 76
87 85 87 85 83 85 85 80 81 80 78 78 77 78 82 83 83 82 82 84 81 83 82 79 80 78 78 78 76 76 76 76 74 72 73 78 78 75 75 76 77 73 73 70 72 72 70 67 65 65 67 66 70 67 67 69 81 75 73 85 86 79 68 70 73 69 67 66 67 70 69 67 67 67 64 68 72 74 84 84 83 81 81 83 83 80 79 77 77 77 75 75 74 79 78 81
82 86 87 85 85 86 85 83 80 81 80 78 79 81 81 81 83 80 85 85 89 84 82 82 80 79 79 77 77 80 77 77 77 75 75 81 81 76 80 79 79 73 72 73 76 74 71 68 67 65 65 67 68 64 66 66 72 75 74 81 84 83 78 82 78 68 67 69 70 71 72 73 71 67 69 83 81 82 86 84 87 83 81 83 83 81 80 80 80 80 80 76 70 74 78 77
87 89 86 85 86 86 83 81 80 78 81 78 76 81 78 80 80 81 80 84 88 84 87 82 80 79 82 78 80 78 78 78 78 80 76 76 79 76 75 82 80 78 78 77 74 73 71 68 72 68 66 67 68 66 66 65 74 72 73 77 84 85 83 84 86 82 75 72 69 67 68 69 71 69 67 78 83 81 81 84 83 83 80 80 81 83 80 80 80 80 77 77 76 74 76 69
86 86 86 83 83 84 83 87 83 80 79 79 81 78 79 81 81 83 83 83 85 84 84 82 82 82 80 80 80 80 80 80 78 79 77 78 82 80 82 79 75 75 74 74 73 73 72 70 70 67 66 64 64 67 64 64 69 75 72 80 86 84 83 79 86 79 80 79 74 67 69 72 69 69 69 74 82 82 81 81 79 82 76 81 83 83 80 81 80 80 77 76 79 76 77 76
83 85 85 85 83 83 84 84 82 82 81 81 79 78 81 81 81 87 87 82 83 82 84 85 88 89 89 89 88 87 87 80 78 78 80 79 77 79 79 82 79 77 74 74 77 72 74 73 70 69 67 66 64 67 66 72 70 73 72 77 83 80 81 81 76 81 77 71 71 72 69 69 69 72 72 81 83 82 79 79 76 74 80 80 81 81 81 81 83 79 77 77 76 75 76 77
84 85 83 84 83 82 83 82 81 81 79 81 78 76 78 78 78 86 84 85 81 85 86 87 87 88 89 88 87 87 85 85 87 83 79 77 77 75 76 79 77 76 76 76 77 74 72 74 74 71 69 67 68 69 74 73 74 73 72 77 80 80 83 78 76 69 74 80 76 73 79 73 71 78 74 84 78 74 73 78 81 84 78 80 81 80 84 84 81 79 76 76 76 75 76 74
