grids/precipitation/sep/RSMS_09_1881_01.asc
NCOLS 654
NROWS 866
XLLCORNER 3280414.711633467
YLLCORNER 5237500.62890625
CELLSIZE 1000
NODATA_VALUE -999
[rows 624 to 675 of 866, columns 192 to 287 of 654]
54 54 55 55 60 73 80 83 72 73 80 81 75 66 79 83 84 80 76 74 74 78 69 74 70 75 82 66 73 77 71 71 73 70 73 74 72 72 69 69 69 68 68 67 66 64 63 63 62 61 59 58 60 58 56 57 57 58 54 54 54 55 54 55 53 54 53 52 52 53 50 48 47 46 46 46 47 49 51 51 49 50 48 47 45 47 50 46 50 45 50 48 51 52 45 49
54 54 55 56 57 68 69 79 70 66 79 71 69 72 72 70 79 84 86 75 76 71 77 82 72 84 87 73 72 77 74 73 71 73 72 73 71 71 71 65 67 68 68 68 65 66 63 64 60 61 62 59 56 56 57 58 55 57 55 53 56 56 57 56 53 52 53 54 51 53 50 48 47 47 46 47 47 49 49 51 52 48 48 48 45 43 46 48 49 47 50 51 52 50 49 52
55 54 54 55 55 59 66 70 67 62 69 69 78 70 74 77 82 80 82 75 78 80 84 81 70 79 86 69 70 79 76 74 73 73 68 72 69 72 69 65 67 67 68 67 67 62 66 64 63 60 62 62 60 61 56 57 56 57 54 58 59 57 57 56 56 55 55 53 54 54 51 49 49 48 48 50 49 50 51 52 51 52 51 49 48 45 48 49 47 48 48 50 51 52 49 53
54 54 55 55 55 59 63 59 56 60 60 61 74 63 80 81 76 80 74 66 80 85 83 76 72 81 82 67 75 66 66 73 71 71 61 66 71 70 68 68 68 68 68 66 64 65 65 63 62 63 61 61 61 59 61 54 56 54 58 58 60 59 58 57 58 56 56 54 56 55 51 51 51 50 50 51 53 53 54 54 55 55 53 52 48 48 47 50 48 50 47 51 54 54 48 54
54 54 55 55 55 54 53 64 59 59 58 62 80 66 65 68 75 72 65 73 84 85 82 80 78 81 81 77 72 74 62 65 70 68 64 69 69 67 68 67 67 66 66 65 64 63 63 65 64 64 63 62 60 60 60 55 54 58 58 60 59 60 58 58 57 57 56 53 55 54 52 52 52 53 52 51 53 55 53 55 53 55 55 52 50 50 49 50 48 50 49 53 55 52 51 54
54 54 54 55 54 60 66 72 75 72 77 57 76 67 72 67 66 63 72 74 80 84 82 82 80 79 79 78 77 76 70 62 62 63 70 70 69 68 67 67 65 62 60 62 62 63 65 64 63 64 63 63 62 60 60 57 56 55 59 59 59 60 58 57 56 59 57 54 55 53 55 54 54 55 53 53 54 54 56 52 53 57 54 54 51 51 48 49 49 49 50 55 54 50 49 54
55 54 54 54 54 61 64 77 74 72 73 59 61 63 64 68 70 70 73 75 79 81 81 81 78 79 77 74 75 74 72 65 61 68 69 71 71 69 65 67 64 64 67 66 65 65 63 64 64 64 65 63 61 58 59 58 57 60 62 59 61 59 59 57 58 58 58 56 53 56 56 56 55 52 49 50 51 56 55 57 56 56 56 53 53 53 51 51 51 52 53 55 56 55 50 55
55 55 54 54 55 61 64 76 74 70 71 69 65 67 77 68 73 72 72 74 78 78 79 79 76 76 74 72 74 72 66 64 69 61 69 72 70 70 64 65 63 61 62 67 66 65 64 63 64 64 65 64 61 61 59 58 60 61 60 60 60 60 60 59 60 59 57 55 58 58 57 55 55 50 52 56 55 53 51 54 57 56 52 55 53 53 53 52 54 56 55 56 54 56 52 50
55 55 55 55 55 58 65 75 69 65 68 74 70 70 72 70 70 70 74 70 74 78 81 81 76 74 73 71 73 72 73 70 64 68 70 72 70 71 66 65 67 68 67 66 66 66 64 65 64 64 65 66 61 61 59 61 61 62 59 60 62 60 60 58 61 60 59 56 60 60 58 55 53 52 54 55 58 56 57 50 56 57 51 54 55 54 55 53 55 56 56 57 57 57 56 54
55 55 55 55 55 56 66 72 69 68 68 73 68 69 71 71 71 71 75 76 76 78 80 78 73 73 71 72 72 71 72 65 64 63 67 73 72 72 65 68 71 70 68 68 65 65 63 64 63 65 65 64 60 58 62 63 61 60 61 61 60 59 59 60 62 62 61 62 61 58 56 53 54 58 56 54 55 58 56 56 53 55 57 51 55 56 55 50 50 56 55 54 56 57 56 55
54 55 55 55 56 59 67 71 69 69 68 67 66 67 68 71 68 74 74 78 78 80 78 75 72 72 70 72 71 73 72 73 72 67 68 72 70 73 68 73 72 71 69 67 67 67 62 64 64 66 66 65 58 61 64 61 59 63 63 60 61 58 62 62 64 63 61 64 61 56 55 56 57 59 59 56 58 55 60 58 56 56 58 54 51 52 58 60 58 59 57 53 58 57 56 57
56 55 56 56 56 59 68 71 71 68 65 63 64 69 71 74 73 73 77 79 81 80 77 73 72 72 69 71 69 73 72 75 75 70 69 72 75 69 70 73 73 71 70 66 68 65 64 65 68 66 66 64 63 58 63 61 63 63 62 60 58 63 64 63 63 63 65 63 58 59 61 60 58 60 59 58 62 60 61 60 56 58 59 60 58 55 58 60 60 60 58 57 56 56 56 57
56 56 57 56 56 58 63 70 66 68 69 66 64 67 67 73 70 70 75 79 79 78 76 73 73 71 71 71 72 72 73 75 77 75 72 70 70 76 78 74 72 73 69 65 65 63 68 66 68 66 66 65 63 61 63 60 63 63 58 62 63 63 63 62 58 60 60 62 61 64 61 61 61 60 57 57 59 61 61 59 57 60 61 61 60 55 60 61 60 60 58 58 57 57 56 56
56 56 58 56 56 59 68 67 67 68 67 70 68 65 69 69 72 72 72 78 78 77 76 73 70 71 68 69 72 73 75 75 80 80 73 69 73 77 73 75 73 72 67 67 63 62 66 68 68 65 67 65 61 62 63 61 64 62 62 63 63 63 60 57 60 64 64 63 64 65 63 60 60 60 59 62 62 61 62 61 61 61 62 62 62 61 53 58 60 61 59 59 57 58 57 57
57 57 57 58 58 61 68 68 64 67 66 68 67 65 65 70 71 70 71 71 74 75 74 73 69 67 69 72 69 70 74 73 79 75 71 68 68 70 73 73 72 71 68 69 65 65 66 66 66 66 67 66 65 61 61 62 58 61 62 63 62 61 58 59 63 65 64 65 63 63 62 56 57 60 61 63 64 64 65 64 65 64 65 63 61 60 59 62 62 62 61 60 59 57 58 58
57 57 58 58 59 61 67 67 65 65 67 66 65 67 64 65 69 69 70 69 72 72 72 70 68 69 68 68 72 71 72 72 76 76 72 68 71 65 67 68 72 71 68 67 66 62 65 64 65 61 65 65 64 64 67 59 60 58 59 55 58 57 59 61 61 64 64 63 61 60 60 61 58 58 59 59 66 62 62 66 66 65 64 63 63 62 61 62 59 61 59 59 60 59 57 57
57 57 57 60 60 61 64 66 64 66 67 66 67 65 63 66 69 68 70 67 65 68 68 65 68 69 70 68 67 69 73 72 75 76 73 72 67 67 64 71 69 71 66 66 64 63 65 65 64 63 63 62 60 59 64 67 66 64 63 58 55 55 61 62 61 59 59 61 60 62 59 59 51 51 51 61 62 62 64 66 66 65 65 61 62 63 56 55 61 60 56 58 58 59 59 58
58 58 59 60 60 60 65 65 66 65 65 65 69 68 64 68 70 71 71 71 69 66 68 68 65 67 72 72 72 69 71 74 73 74 74 72 68 63 64 68 67 69 66 65 64 59 58 62 62 60 59 60 65 63 66 67 65 65 64 60 59 60 60 62 61 54 53 55 56 55 57 57 52 56 56 59 56 67 68 65 67 66 66 63 64 62 61 61 55 61 61 60 58 59 59 59
57 59 59 60 60 62 64 64 64 65 63 64 66 66 67 67 68 68 69 69 67 68 67 69 67 69 69 72 71 72 70 70 71 74 71 71 71 63 65 64 69 70 68 66 62 62 60 60 58 64 65 64 65 66 66 66 65 63 62 60 59 54 60 60 54 61 61 60 54 60 60 60 61 59 64 64 65 61 67 70 67 66 66 64 64 62 64 62 57 58 60 62 61 62 62 62
58 58 58 58 62 62 64 66 65 65 68 65 67 70 69 64 66 68 67 68 68 68 70 70 70 70 70 68 73 71 72 72 70 71 71 67 68 71 64 65 66 68 66 65 60 62 62 63 64 64 66 65 65 65 64 62 62 62 61 58 53 60 56 54 57 59 60 60 59 54 61 61 61 63 63 66 67 60 63 59 57 66 61 63 63 62 64 61 56 62 63 63 63 61 62 62
58 58 59 59 61 61 62 67 66 69 70 67 65 68 66 62 66 67 66 67 66 70 68 71 73 70 72 68 73 72 71 71 71 71 70 70 70 69 63 65 67 66 65 60 63 62 64 64 64 63 64 63 63 64 62 61 60 59 60 58 53 57 59 60 56 57 59 58 59 60 60 59 60 61 65 66 66 66 64 66 66 58 59 57 59 62 63 62 55 60 63 64 63 64 63 61
58 59 59 60 62 68 62 68 67 65 71 69 71 68 68 66 62 64 65 67 64 68 67 72 73 74 73 70 73 69 71 71 71 70 70 68 68 69 63 64 67 67 64 62 64 64 63 59 59 62 62 63 63 63 61 62 60 60 59 58 56 57 58 58 60 60 54 60 58 59 59 59 61 62 64 64 66 66 64 66 67 63 60 63 64 62 63 63 55 58 63 65 63 64 63 63
59 59 59 63 65 64 65 64 64 66 69 68 69 72 68 67 65 63 63 63 63 67 67 71 72 70 71 72 73 71 70 71 71 70 68 67 67 67 67 64 64 65 64 65 62 62 60 60 62 60 60 60 62 62 58 59 59 58 55 55 55 57 56 58 57 57 58 57 59 58 60 61 59 59 60 63 64 64 63 66 64 66 65 54 57 64 63 63 57 56 63 64 61 62 61 61
59 59 60 60 62 62 65 67 69 66 67 68 70 70 68 67 70 67 65 64 63 68 69 70 72 72 73 74 73 71 70 69 68 67 67 67 68 66 64 63 62 62 63 63 61 61 61 62 63 61 59 59 58 58 56 57 56 56 58 55 56 54 58 57 57 57 57 56 57 58 57 58 61 61 62 61 63 63 63 64 64 65 65 57 64 65 65 64 66 59 63 63 61 60 53 58
60 60 61 60 60 64 66 66 68 66 68 67 68 71 68 71 70 68 64 64 64 64 65 68 69 74 73 71 70 71 70 70 69 68 68 68 67 67 67 63 61 61 62 62 62 64 63 62 63 63 62 60 58 59 58 58 58 57 57 57 56 53 57 55 55 55 56 55 57 58 58 59 60 60 62 63 63 61 61 63 64 64 66 58 65 65 65 65 65 61 53 59 60 57 59 62
60 60 62 61 62 62 66 68 69 71 71 68 68 73 71 72 68 66 67 67 70 65 69 71 73 71 70 70 73 69 69 67 75 67 66 68 68 67 67 66 66 66 63 61 63 64 63 63 64 62 61 60 61 59 58 57 58 58 58 57 58 54 56 55 55 54 55 55 56 57 58 59 60 62 62 62 62 62 61 63 63 65 59 56 58 64 65 64 65 64 63 57 60 58 61 61
63 63 64 63 63 64 68 71 71 72 68 68 68 67 70 71 68 73 75 70 67 66 67 68 68 70 71 70 71 70 70 68 67 66 66 67 67 65 65 67 65 63 62 63 63 64 63 64 64 63 62 63 61 58 59 59 58 56 57 56 57 56 53 53 54 53 55 54 56 57 58 59 60 61 61 62 61 59 60 62 64 64 63 65 58 65 64 66 65 64 63 64 63 62 54 54
64 64 64 64 67 67 68 71 70 73 73 71 72 68 70 70 70 73 71 72 70 68 65 66 68 70 68 69 69 68 68 68 67 68 67 67 64 65 65 67 65 65 62 61 63 64 64 67 65 68 67 68 63 65 63 59 59 58 56 55 54 54 54 51 52 53 53 53 55 54 55 58 60 60 60 61 60 58 61 61 63 64 65 65 56 59 66 65 63 64 63 63 65 64 63 59
64 64 65 67 68 70 71 71 72 71 72 70 71 71 73 70 71 70 72 70 69 69 67 65 68 69 67 69 69 69 68 68 68 67 65 67 67 64 62 64 64 62 62 61 64 67 66 66 71 70 66 68 67 62 65 64 61 59 57 53 54 54 55 52 52 53 53 53 55 55 57 58 62 63 66 61 60 61 61 63 64 65 65 66 66 57 66 62 64 65 65 64 65 63 59 59
65 65 66 68 69 69 69 69 68 69 70 69 70 70 69 70 70 69 70 70 69 68 65 68 70 68 66 68 69 68 67 68 67 68 67 67 65 65 62 62 62 61 62 62 64 62 64 64 68 67 62 66 63 66 65 62 60 59 59 55 55 54 56 53 53 54 54 54 55 56 58 60 69 66 66 67 64 62 63 64 65 66 66 67 66 58 60 64 64 65 65 63 63 63 62 61
66 67 67 65 67 67 69 71 67 66 68 71 70 67 70 72 71 70 71 71 68 68 67 68 68 66 67 67 68 67 66 66 66 67 66 65 64 65 64 61 62 62 61 62 64 64 67 65 65 62 63 62 63 62 64 63 60 58 57 56 55 59 54 55 54 56 54 55 55 60 66 69 69 69 68 69 65 63 62 65 65 65 67 65 57 65 67 66 64 64 64 63 64 64 64 64
66 69 70 69 73 72 70 69 71 69 69 67 69 70 71 71 70 70 69 68 69 69 67 67 69 69 70 70 68 67 68 65 67 65 67 64 64 63 63 62 62 61 62 63 68 67 64 62 65 61 64 70 69 68 65 62 61 59 57 55 56 57 57 55 56 54 54 56 56 57 60 61 70 71 67 68 73 65 64 64 66 66 64 65 59 56 64 65 64 66 64 64 64 64 64 62
67 69 69 72 71 68 74 73 72 71 71 71 69 68 70 73 72 72 68 68 70 70 67 67 67 68 68 68 67 67 67 66 67 67 65 64 65 63 62 61 59 62 62 63 71 70 65 66 62 64 65 63 65 66 68 66 63 60 60 57 55 57 63 58 60 59 55 59 60 64 67 70 70 71 68 72 69 65 64 65 59 59 57 58 58 66 64 57 66 66 65 63 62 63 63 62
70 68 66 70 71 69 71 73 73 72 71 72 71 70 73 72 71 69 70 69 70 68 67 67 67 70 67 67 68 66 65 66 65 66 65 65 64 63 61 61 59 61 61 65 67 70 68 65 64 62 63 63 64 67 66 68 64 62 60 58 58 56 56 58 62 62 56 55 57 63 61 66 70 72 69 69 73 63 63 63 64 60 66 66 60 66 67 63 58 64 64 60 64 64 64 65
71 70 69 68 68 70 71 71 72 71 70 73 70 69 71 70 70 69 71 68 66 66 66 68 69 67 68 67 66 68 66 64 64 65 65 63 62 61 60 61 61 61 61 63 65 68 67 69 67 65 64 64 66 65 68 64 62 62 63 58 57 57 55 57 57 64 65 60 59 58 67 70 71 71 72 71 70 64 62 62 60 64 65 64 66 66 66 65 65 56 62 64 63 64 64 64
74 73 72 71 68 68 70 70 68 68 68 68 68 74 72 73 69 68 68 68 67 67 69 70 69 68 69 66 66 65 65 65 68 66 68 65 65 64 63 64 64 61 61 63 66 68 68 71 67 67 65 65 67 68 66 63 66 67 65 62 65 57 59 61 60 67 67 66 60 59 68 70 70 71 73 70 72 72 64 63 58 57 65 67 66 65 65 64 64 65 56 61 63 63 63 64
74 75 72 73 71 69 67 65 68 70 68 71 73 71 71 68 69 69 68 67 68 71 71 74 71 69 69 67 67 68 70 69 69 71 73 66 65 65 65 64 60 60 63 65 66 70 67 71 71 69 67 68 70 68 66 66 64 67 67 65 65 63 63 64 66 58 66 68 66 61 67 70 70 71 70 65 72 68 65 63 62 58 64 66 66 66 63 63 64 64 63 62 62 61 63 68
70 71 72 73 73 69 69 67 65 69 71 72 73 70 69 69 69 71 69 68 68 69 74 74 68 70 69 69 72 73 73 74 70 66 65 65 65 65 64 62 60 63 65 66 70 73 76 76 73 74 74 73 70 70 67 67 66 69 71 67 70 68 67 70 65 67 66 68 69 70 69 64 72 73 69 65 67 71 65 64 64 60 65 66 66 66 65 64 63 62 61 62 61 63 64 66
72 70 71 75 72 71 70 70 67 68 70 71 69 68 68 70 69 70 71 69 70 71 71 74 73 69 68 69 74 73 70 71 73 69 66 66 64 62 62 62 63 66 66 66 68 74 75 74 72 74 76 74 79 76 73 70 68 74 76 77 73 72 76 75 75 70 64 68 72 72 72 70 65 71 73 66 65 65 66 64 63 61 62 66 66 67 68 64 64 62 61 60 60 66 66 67
75 71 74 70 76 74 72 70 69 66 69 70 70 67 71 69 69 68 69 71 69 76 74 69 70 69 70 76 68 69 66 65 64 64 64 64 65 65 63 64 64 67 67 67 68 69 74 73 76 77 75 73 75 79 74 74 80 76 80 81 81 78 79 81 83 77 75 72 73 71 72 73 73 72 74 70 67 67 66 66 65 62 66 66 68 74 69 66 65 64 63 58 61 66 71 68
76 72 74 74 76 74 72 72 70 68 68 67 69 70 67 71 71 72 69 74 74 74 74 72 70 72 75 69 69 67 66 63 65 64 66 66 66 66 66 64 65 65 71 69 69 73 73 73 74 74 76 76 75 77 81 77 82 84 82 77 84 81 83 87 86 87 79 74 73 73 71 73 75 73 75 69 67 67 66 65 65 64 67 67 70 75 71 70 68 66 64 64 60 65 63 68
77 73 72 74 72 71 72 72 71 72 71 70 69 68 69 69 69 67 76 76 76 75 73 72 73 72 72 70 68 64 66 66 63 66 65 64 67 67 62 63 66 69 71 74 74 73 74 72 73 74 74 74 78 79 81 82 84 83 83 82 87 84 89 90 91 87 84 77 77 74 75 74 74 74 75 70 67 68 67 68 67 65 63 69 71 74 72 70 71 73 67 67 63 64 64 70
77 75 73 72 72 74 74 74 73 72 72 70 68 68 70 70 67 72 75 72 74 70 70 70 74 72 68 68 66 66 65 63 63 63 63 64 66 62 65 65 67 70 70 72 74 73 73 73 74 74 76 79 82 82 81 85 86 88 81 85 84 90 88 90 91 87 86 82 80 78 77 77 77 77 73 74 71 69 69 69 70 70 64 70 73 74 73 70 70 70 67 66 65 64 67 70
77 75 71 73 75 77 76 76 76 76 72 75 69 69 70 72 72 73 72 74 70 70 69 70 65 65 66 66 65 66 65 65 62 62 63 65 66 63 64 67 64 72 72 72 71 74 71 71 75 76 77 78 80 79 82 90 86 90 83 86 83 91 91 94 89 87 85 84 83 79 78 79 79 74 79 82 74 73 70 68 72 70 69 73 76 77 74 74 71 69 69 67 67 65 67 65
77 77 73 73 75 75 77 75 75 77 75 75 71 73 72 71 72 73 79 73 72 72 72 71 71 68 69 68 68 68 68 66 66 66 66 65 66 68 69 68 66 71 72 72 73 70 72 72 73 76 76 77 76 81 86 83 92 86 89 84 81 90 90 86 92 89 86 85 83 82 82 82 80 76 82 83 83 78 76 71 70 68 71 73 75 80 77 74 74 71 69 70 68 68 67 70
78 80 75 72 72 74 76 77 77 75 77 78 74 81 77 74 77 82 78 82 77 77 74 74 78 78 75 74 73 70 70 73 69 65 65 66 67 63 64 65 68 72 74 72 75 72 73 72 72 76 75 76 77 83 79 86 89 90 90 86 85 90 95 84 88 92 92 88 86 86 86 82 82 76 82 82 82 82 78 81 79 70 79 72 70 78 81 74 72 72 68 71 70 67 68 66
78 80 77 76 72 74 72 78 76 76 74 74 77 80 78 77 76 80 78 79 78 81 82 80 80 80 82 86 74 74 79 71 68 66 66 65 64 62 65 69 68 72 75 75 76 75 75 73 73 74 72 72 74 77 81 88 92 95 89 93 83 86 86 88 87 89 91 92 93 87 89 85 84 81 79 78 82 85 84 82 76 71 71 74 76 79 82 78 75 74 70 69 70 71 70 75
81 79 78 79 76 74 73 74 73 72 74 75 75 76 79 78 78 78 78 81 81 77 82 80 79 79 80 83 82 81 76 73 69 68 68 68 68 68 67 72 72 74 77 77 74 77 73 73 73 73 73 72 75 80 79 83 91 89 91 91 83 91 89 84 88 90 88 91 91 88 89 91 89 85 85 77 86 83 82 86 76 74 73 74 74 84 82 80 79 76 72 69 68 71 71 69
83 82 82 79 78 75 77 77 77 76 74 76 74 82 80 79 79 79 78 78 79 83 77 74 74 72 73 73 73 81 76 73 74 70 69 68 68 69 65 71 74 74 76 76 74 73 71 71 71 72 72 78 76 81 87 92 92 92 94 88 88 84 85 90 83 90 84 89 92 87 91 87 91 89 83 80 78 79 84 83 84 76 76 73 78 82 82 81 76 76 78 73 76 71 70 76
79 80 81 79 80 75 79 76 80 79 76 84 82 81 79 79 78 76 77 78 78 76 78 81 81 83 82 73 72 78 78 73 72 72 69 67 69 69 64 66 72 76 76 77 75 75 73 70 69 69 72 74 84 86 82 88 86 88 91 88 92 85 83 81 82 85 86 92 90 88 93 88 88 85 83 87 79 77 84 78 84 83 79 74 75 79 83 81 81 81 78 76 73 76 71 75
84 81 82 82 79 79 77 81 78 79 77 78 78 79 79 79 79 78 77 77 79 78 74 78 77 76 87 79 70 70 72 70 71 72 71 70 62 63 65 66 66 70 69 75 75 73 75 72 68 70 76 84 82 83 84 84 85 86 88 87 86 88 79 80 85 83 83 94 89 93 92 88 91 90 83 88 86 77 80 80 83 77 78 76 72 76 79 77 79 78 78 76 77 77 73 76
80 81 82 84 84 85 81 81 81 78 78 80 80 81 79 79 77 79 79 81 76 75 73 74 71 74 77 76 73 71 72 72 72 75 72 73 71 66 66 76 69 69 71 76 76 73 73 73 69 75 76 78 84 83 83 84 86 84 88 89 84 81 83 86 94 90 86 90 92 100 87 88 96 86 90 79 82 81 76 77 77 77 75 78 73 77 81 83 76 80 78 74 76 76 72 76
