grids/precipitation/sep/RSMS_09_1881_01.asc
NCOLS 654
NROWS 866
XLLCORNER 3280414.711633467
YLLCORNER 5237500.62890625
CELLSIZE 1000
NODATA_VALUE -999
[rows 780 to 831 of 866, columns 384 to 479 of 654]
102 101 101 100 99 100 102 102 101 100 99 96 92 92 92 89 88 88 88 86 85 80 83 85 84 84 82 82 82 81 83 84 85 84 86 87 88 89 89 91 91 92 96 100 101 103 104 105 104 103 101 103 106 101 102 108 110 109 107 112 116 117 117 119 117 117 119 119 118 117 115 115 117 118 121 122 121 121 124 126 126 125 124 125 129 132 127 125 123 119 119 116 115 115 115 114
105 103 102 101 102 102 102 105 104 104 103 93 92 93 94 91 90 89 89 86 86 86 86 86 86 86 86 84 84 85 84 86 86 85 87 89 90 90 92 93 92 95 98 100 102 104 105 104 103 102 103 104 106 102 103 107 110 111 115 110 116 116 117 121 117 118 119 119 117 119 115 116 122 122 123 122 121 121 126 127 125 125 126 132 129 129 126 123 120 123 119 117 115 116 116 114
106 104 106 104 106 104 101 105 104 104 99 94 96 96 96 96 94 93 89 88 86 82 86 86 88 88 86 86 86 87 87 87 87 88 88 90 91 92 94 93 96 97 100 103 105 106 104 103 103 100 101 108 107 105 105 106 113 114 116 111 113 115 117 118 118 119 120 120 121 117 116 121 121 121 124 120 122 123 127 126 126 125 128 132 132 132 128 124 122 121 122 118 117 116 115 115
106 104 107 108 105 104 105 103 103 98 96 94 98 97 98 97 97 96 90 89 82 84 88 89 90 91 90 90 92 90 88 89 89 89 90 90 93 94 95 97 98 99 102 107 109 109 105 104 99 98 102 106 106 107 108 111 115 111 115 114 116 116 118 119 119 120 120 121 121 118 116 121 120 121 121 121 123 123 127 126 126 129 129 134 133 130 125 124 124 122 119 118 118 118 116 113
108 106 106 110 106 103 102 102 101 101 96 95 100 100 100 99 99 98 91 88 82 89 90 92 92 91 94 94 94 92 92 91 91 89 91 93 94 96 98 100 100 101 105 110 112 113 108 106 101 102 102 105 110 107 108 115 116 115 114 116 116 117 118 122 122 122 123 124 120 119 117 120 120 121 119 121 123 125 126 126 126 130 126 133 134 131 127 124 124 122 121 119 119 119 116 114
108 106 107 105 104 103 104 102 102 103 97 96 102 101 102 101 101 100 95 87 83 91 95 94 93 95 97 97 96 95 95 94 93 92 94 94 95 97 101 102 103 105 108 114 113 115 112 107 102 107 107 106 111 113 112 114 117 119 114 115 114 117 119 124 122 125 127 125 124 120 120 119 121 119 120 124 123 124 127 126 126 132 128 134 131 131 129 127 124 123 123 120 119 121 118 116
108 109 107 107 105 103 105 106 102 99 99 100 103 102 104 102 104 104 97 92 89 96 95 96 98 99 100 99 99 98 99 97 97 97 97 99 100 103 105 106 107 110 112 114 120 120 117 115 109 110 108 110 118 119 119 116 118 120 118 114 114 116 121 123 126 128 127 126 124 124 121 120 121 121 122 123 126 126 128 130 129 133 133 133 132 131 130 128 127 126 125 124 124 122 121 119
111 109 110 107 105 106 108 106 102 101 100 105 106 104 105 107 106 102 94 94 100 100 98 100 102 102 101 103 102 102 101 102 102 102 103 105 108 108 107 110 112 113 114 119 123 127 124 119 116 114 113 113 119 123 120 120 118 121 119 117 119 121 122 126 129 129 128 128 127 127 124 122 125 125 125 128 131 129 129 132 131 137 134 135 133 132 131 130 129 128 126 127 127 124 120 121
110 110 111 107 106 108 110 105 102 102 102 110 107 107 107 107 109 100 98 97 102 103 100 102 102 105 106 106 106 105 104 104 105 103 106 108 110 110 112 113 113 114 116 119 124 125 124 118 119 120 119 122 120 121 122 123 121 120 121 119 120 122 126 127 130 128 129 132 131 128 126 130 127 129 129 131 134 133 132 135 135 138 133 135 135 134 133 133 132 131 130 129 129 124 122 122
110 110 110 109 107 108 109 104 102 103 109 110 109 108 109 111 107 102 101 103 104 104 103 103 103 106 109 107 106 107 108 108 107 108 111 111 112 113 116 114 115 117 119 121 125 124 123 122 121 122 125 128 123 121 123 121 121 120 121 120 122 124 128 131 128 130 132 132 128 129 129 132 131 133 133 133 133 130 135 133 135 136 137 140 135 133 135 132 131 133 132 131 126 125 124 122
111 111 113 110 111 110 109 105 106 107 111 112 112 110 110 112 110 104 103 107 108 106 104 104 104 106 108 109 109 109 109 110 112 112 114 116 118 118 118 117 118 119 120 117 123 122 124 121 125 127 128 126 129 127 123 122 124 124 123 124 125 126 129 131 132 132 133 133 133 131 134 135 136 137 133 136 138 140 138 138 137 133 136 139 136 135 135 135 134 132 132 132 126 124 124 123
110 114 115 116 117 116 108 107 109 108 112 114 114 113 112 112 106 104 105 109 110 111 103 105 106 107 108 112 112 113 113 114 118 116 118 120 121 120 119 118 119 118 120 117 125 120 123 121 123 124 128 127 124 124 123 124 125 125 126 126 128 130 133 136 134 135 136 135 135 135 138 140 139 139 141 140 143 139 140 137 137 136 135 139 138 137 135 136 135 134 133 132 126 126 125 123
115 117 114 115 116 116 107 107 108 109 113 114 118 115 117 111 106 106 106 109 111 111 105 107 107 109 109 113 117 118 118 120 118 117 118 121 121 120 120 119 120 120 122 119 125 126 118 119 120 121 125 123 124 123 123 124 124 125 127 128 131 132 133 135 135 135 134 137 136 136 138 139 143 142 141 143 143 143 138 137 135 134 133 136 142 139 139 135 135 134 135 132 127 126 126 124
114 116 118 116 113 109 109 109 109 110 117 119 119 115 115 110 105 107 108 109 112 111 106 109 109 110 114 116 112 118 120 118 120 120 122 122 122 122 122 120 119 123 123 117 125 117 120 120 119 122 137 127 123 123 122 123 123 125 128 130 132 133 134 134 135 137 138 135 136 135 141 144 145 146 144 144 143 141 138 138 138 140 150 147 147 141 137 135 134 132 131 135 127 127 129 128
111 111 113 115 110 109 109 110 110 113 118 128 116 114 112 108 106 109 108 109 110 108 109 109 110 112 115 118 120 121 121 121 127 123 122 122 121 122 121 122 122 124 124 120 126 127 121 124 123 123 123 124 125 124 123 124 125 127 128 128 133 135 134 135 136 138 137 135 137 136 140 144 145 144 146 145 144 139 143 145 141 155 155 146 146 139 138 137 132 130 132 132 131 130 130 129
109 109 110 110 108 108 109 109 110 110 116 117 109 113 115 108 107 108 111 108 109 109 110 110 116 118 120 123 124 124 124 125 127 124 124 122 121 122 121 122 123 123 124 125 128 127 122 123 123 122 123 123 122 121 122 124 124 125 129 131 134 136 134 135 137 137 135 137 137 137 143 146 147 146 148 148 146 145 146 147 147 149 145 148 150 143 141 139 138 135 136 136 134 130 130 128
109 110 111 110 108 106 108 109 110 110 115 111 115 116 117 108 108 110 111 109 109 108 110 115 118 120 123 123 125 127 128 128 128 128 125 123 122 121 122 123 124 124 125 123 126 127 130 131 128 133 131 125 122 120 121 124 124 123 127 130 133 134 133 136 137 136 138 137 137 138 138 145 146 147 148 147 149 146 148 147 144 147 145 150 151 150 145 144 139 139 138 137 136 135 133 130
108 110 112 110 109 110 108 110 110 110 115 111 115 116 117 109 108 111 112 110 111 111 111 112 119 121 124 127 124 128 131 130 129 128 129 127 123 124 124 124 125 124 126 127 127 129 131 132 132 132 129 128 132 128 123 124 125 126 127 131 131 132 136 136 135 136 136 137 138 138 139 142 145 145 148 149 147 151 151 149 149 151 151 153 153 152 148 146 142 141 141 140 136 139 137 134
113 109 112 112 111 112 111 110 110 110 113 115 116 118 119 115 112 113 114 115 114 113 113 114 116 124 127 128 129 129 131 130 133 129 131 130 128 127 126 125 127 125 125 131 134 126 134 137 134 133 132 125 130 131 132 129 127 126 127 129 130 132 133 134 134 136 136 137 139 139 140 142 145 147 148 150 152 153 151 159 159 157 158 160 156 155 153 148 147 145 146 145 143 141 138 135
114 114 111 113 115 115 116 115 113 112 111 112 118 119 119 118 114 117 119 117 117 116 116 120 121 127 127 125 126 130 131 136 137 132 133 133 133 131 129 129 130 130 133 129 132 135 130 140 137 140 134 124 130 131 133 133 130 128 129 131 130 131 132 133 134 137 139 141 139 141 142 145 145 147 149 152 152 153 159 165 166 165 162 161 160 161 160 152 151 150 149 149 148 145 143 140
114 114 115 115 116 116 117 115 115 115 115 115 121 123 122 117 115 117 117 117 119 119 120 122 121 121 129 126 131 131 135 139 138 133 137 136 136 135 132 131 133 143 144 143 138 135 133 139 139 142 134 130 129 128 137 138 131 129 130 131 129 129 131 133 134 136 138 142 142 142 141 144 145 148 149 153 151 155 162 166 165 164 170 166 164 164 163 155 153 151 152 150 150 149 148 152
114 114 115 113 116 117 118 117 117 117 118 117 121 122 125 125 119 117 119 118 120 120 122 124 123 123 130 131 131 132 138 144 137 136 138 138 138 136 133 134 137 131 135 133 135 135 133 138 139 142 137 125 130 127 129 135 136 128 127 127 128 129 131 132 133 137 139 143 143 143 143 145 144 147 149 151 153 158 165 164 166 169 170 167 170 164 167 158 157 154 153 153 150 153 153 151
114 115 116 117 117 120 120 120 122 122 120 119 124 126 127 122 118 121 119 122 121 121 125 126 126 128 129 132 136 135 138 137 137 138 139 143 140 140 139 137 137 136 134 135 135 136 136 139 139 140 136 132 134 131 133 132 135 129 127 126 127 128 130 129 134 138 139 142 144 144 144 143 143 148 151 154 158 159 165 168 167 167 170 175 173 171 174 170 163 158 160 154 154 155 157 161
115 115 117 118 120 120 123 123 125 124 122 121 123 125 125 124 120 122 122 123 124 127 128 128 131 131 131 132 138 137 137 137 139 139 142 142 144 144 143 142 142 139 137 138 139 133 139 140 140 142 138 138 138 139 133 136 135 128 128 126 125 127 128 129 133 133 140 144 145 143 143 142 142 147 151 154 161 161 162 168 170 177 179 179 178 180 180 188 186 173 172 177 169 158 161 164
114 114 117 122 122 123 123 124 124 124 123 123 126 124 123 123 123 123 124 124 125 129 130 130 133 133 135 133 138 139 138 138 140 139 142 144 146 146 144 143 143 142 141 143 143 140 145 141 141 144 148 143 140 136 140 138 138 131 128 126 125 125 127 129 131 131 137 142 144 142 141 142 145 149 161 169 175 169 165 171 179 189 210 194 184 188 194 193 196 189 188 194 191 158 160 163
111 115 118 122 122 126 123 124 124 124 124 124 124 125 127 125 124 125 125 126 130 131 130 133 132 137 137 142 140 142 139 139 139 140 144 145 148 150 148 145 145 145 143 144 141 145 148 142 145 149 146 139 140 144 147 149 149 143 140 131 126 126 126 127 129 132 136 140 141 141 140 144 152 157 175 178 168 164 171 179 196 201 206 201 193 196 203 202 198 194 200 203 182 161 161 163
113 117 119 122 125 126 126 124 125 125 126 128 126 126 127 126 127 130 127 128 133 132 133 134 136 142 139 138 142 140 142 139 140 143 143 148 153 150 149 148 148 146 145 144 150 153 152 149 150 160 154 152 143 144 145 147 149 154 153 151 126 126 126 127 130 132 135 138 138 139 140 141 151 172 168 160 164 166 174 182 197 223 215 222 208 203 221 218 229 233 214 209 202 163 160 160
115 118 120 124 128 130 128 125 126 125 126 128 130 131 128 130 130 130 128 131 134 133 134 140 144 142 139 138 143 142 142 140 143 142 143 144 149 151 153 150 150 150 148 150 151 156 152 152 164 169 157 156 154 140 138 143 147 154 154 140 136 129 127 126 132 130 132 135 135 138 139 143 149 154 161 156 161 171 186 188 223 219 228 212 203 234 236 249 237 217 216 176 169 157 157 155
115 118 122 125 127 127 128 127 126 127 128 130 131 131 132 130 131 131 131 133 134 134 136 142 146 143 140 142 143 143 145 143 144 143 142 139 150 154 155 151 150 149 149 154 159 159 155 156 165 161 169 159 155 151 148 147 148 158 158 153 156 137 137 138 148 153 138 134 135 135 138 139 145 161 150 159 167 186 197 209 203 243 222 196 205 246 253 230 209 214 197 160 160 156 156 156
117 122 126 128 127 127 128 128 127 129 131 132 131 132 134 133 131 133 134 133 135 138 140 150 150 143 145 142 145 145 145 143 144 144 146 149 156 165 159 159 150 153 155 156 160 158 157 160 159 160 170 175 173 164 144 147 149 162 162 182 169 143 154 174 162 158 144 133 137 141 139 138 139 152 170 168 178 200 -999 193 237 231 238 199 224 235 230 211 201 190 164 160 165 156 155 154
122 124 126 128 130 129 126 129 128 129 132 133 132 133 135 134 135 134 135 139 140 137 142 146 153 146 150 148 148 149 146 145 146 149 155 154 155 162 157 151 150 153 158 165 169 169 169 172 173 168 173 184 194 170 156 149 149 148 149 163 167 143 174 173 153 169 145 133 137 147 138 137 137 155 190 184 179 214 -999 219 250 219 212 196 224 230 225 213 198 178 160 176 172 187 163 155
125 126 128 130 132 131 129 132 133 132 134 137 138 138 137 139 141 138 139 140 150 163 165 170 162 150 154 154 151 155 151 164 172 169 164 172 172 165 159 153 146 155 171 189 188 183 198 188 170 170 174 173 182 174 157 151 149 154 169 163 161 140 148 162 174 167 142 132 132 137 134 132 129 144 184 178 -999 -999 -999 230 226 209 189 211 251 269 240 213 187 165 159 181 199 191 172 163
126 126 130 132 133 132 133 135 139 139 138 141 137 138 140 143 144 143 144 159 167 183 182 177 162 153 155 156 155 155 171 187 192 171 166 181 189 188 165 157 148 151 170 177 177 193 183 178 184 179 165 182 175 188 165 149 147 156 188 202 176 145 154 180 151 154 134 147 171 151 156 129 131 139 150 -999 -999 -999 -999 245 218 192 209 212 235 270 251 206 189 161 157 179 191 192 186 177
127 130 132 134 134 134 135 135 134 135 138 139 138 140 143 144 145 145 161 162 181 166 178 169 160 155 159 160 159 160 185 184 201 195 181 189 192 180 180 160 153 151 155 161 170 175 201 179 190 183 163 184 191 186 169 151 148 152 160 186 150 151 151 169 175 169 135 152 188 170 147 136 128 140 188 -999 -999 -999 -999 -999 218 188 231 250 248 255 227 199 172 162 172 205 198 195 188 179
129 132 133 134 144 145 140 146 144 140 138 140 143 144 146 150 150 149 160 157 162 172 181 175 162 157 161 164 166 166 165 165 162 186 188 203 184 185 174 168 161 154 154 164 179 185 204 195 183 194 168 166 164 157 155 150 147 148 145 161 157 157 155 177 163 158 158 133 171 163 141 132 123 136 -999 -999 -999 -999 -999 -999 -999 -999 209 216 239 229 225 178 209 170 166 189 181 178 177 173
131 132 133 138 143 143 141 148 156 149 141 144 145 146 149 153 158 155 172 177 175 174 185 184 169 163 164 166 170 168 179 184 184 179 184 205 210 183 185 171 168 160 155 154 168 166 180 189 184 186 196 169 160 181 166 176 155 139 137 144 158 149 168 162 151 153 142 139 167 157 161 162 122 123 -999 -999 -999 -999 -999 -999 -999 -999 -999 -999 -999 -999 -999 -999 -999 196 166 166 166 168 164 156
132 133 134 138 143 143 146 154 153 145 144 145 146 148 151 156 160 168 173 182 195 177 178 173 166 165 165 166 168 170 189 183 194 186 188 196 201 199 181 198 199 171 156 154 155 155 156 184 201 188 201 178 185 212 168 206 170 143 144 138 157 148 159 151 151 143 143 146 159 153 163 162 126 126 -999 -999 -999 -999 -999 -999 -999 -999 -999 -999 -999 -999 -999 -999 -999 -999 -999 -999 -999 163 156 160
134 133 134 137 141 144 153 149 146 144 146 146 148 150 151 155 163 178 173 174 174 194 188 178 175 179 164 165 165 169 179 203 209 208 228 198 191 184 214 227 205 179 157 151 168 175 160 184 209 197 213 189 196 211 195 196 170 151 145 145 142 140 145 159 162 135 138 126 124 132 143 136 147 125 -999 -999 -999 -999 -999 -999 -999 -999 -999 -999 -999 -999 -999 -999 -999 -999 -999 -999 -999 -999 165 172
137 138 134 136 141 145 143 140 144 146 146 148 149 150 151 156 173 190 181 184 186 188 200 181 190 202 171 165 164 166 180 195 199 204 207 202 189 193 236 203 187 169 161 178 178 227 187 192 217 200 188 179 185 205 204 194 178 159 156 197 187 152 146 180 165 154 161 146 125 115 125 123 129 127 131 -999 -999 -999 -999 -999 -999 -999 -999 -999 -999 -999 -999 -999 -999 -999 -999 -999 -999 -999 177 183
137 139 135 135 133 136 147 146 146 149 149 150 150 150 151 164 174 191 183 192 193 200 193 201 202 208 194 170 163 164 168 175 185 196 209 222 191 216 232 212 189 168 177 206 216 215 201 174 184 204 200 177 182 187 214 211 225 193 153 161 185 152 168 189 193 177 173 165 144 120 122 141 130 128 132 130 130 -999 -999 -999 -999 -999 -999 -999 -999 -999 -999 -999 -999 -999 -999 -999 -999 -999 -999 -999
134 133 131 130 140 142 146 151 147 149 149 150 152 151 163 182 206 199 198 212 211 229 229 218 204 203 190 165 161 161 170 184 204 211 229 206 189 216 211 215 185 169 191 211 230 218 210 182 175 186 216 183 166 181 216 216 214 199 197 190 174 149 186 209 188 178 158 146 149 130 150 158 144 132 129 130 130 -999 -999 -999 -999 -999 -999 -999 -999 -999 -999 -999 -999 -999 -999 -999 -999 -999 -999 -999
134 135 137 136 141 147 157 157 151 152 152 154 151 161 177 206 213 191 196 201 218 208 215 193 182 177 173 166 164 160 168 177 203 231 221 211 193 206 191 202 182 173 197 214 230 224 221 200 187 177 190 191 174 176 186 196 211 199 193 170 166 145 178 200 189 174 165 125 133 126 126 125 138 132 128 129 130 -999 -999 -999 -999 -999 -999 -999 -999 -999 -999 -999 -999 -999 -999 -999 -999 -999 -999 -999
137 137 140 144 150 164 168 161 156 155 159 156 161 188 187 201 191 192 183 202 195 198 178 180 187 177 185 179 173 164 168 178 197 233 228 233 207 200 184 209 210 180 198 206 212 236 214 186 191 173 169 176 159 179 178 186 196 168 166 168 162 145 158 170 169 162 165 145 144 128 133 137 136 144 133 129 127 -999 -999 -999 -999 -999 -999 -999 -999 -999 -999 -999 -999 -999 -999 -999 -999 -999 -999 -999
141 140 142 147 156 178 186 170 157 156 163 160 179 204 200 214 201 184 178 191 209 195 178 169 160 160 160 161 163 169 169 179 193 205 207 214 227 218 193 183 178 184 192 205 183 200 199 194 183 177 185 179 166 156 169 174 181 179 177 154 157 158 -999 -999 153 186 166 166 157 160 154 124 121 129 133 -999 -999 -999 -999 -999 -999 -999 -999 -999 -999 -999 -999 -999 -999 -999 -999 -999 -999 -999 -999 -999
141 141 143 154 168 181 197 182 170 170 161 174 186 209 188 197 182 183 183 172 169 159 166 160 159 169 178 177 187 197 175 174 183 192 216 218 197 197 191 200 200 201 189 199 210 182 199 191 205 181 212 174 182 156 173 170 210 177 168 176 -999 -999 -999 -999 -999 -999 -999 -999 -999 -999 -999 -999 -999 -999 -999 -999 -999 -999 -999 -999 -999 -999 -999 -999 -999 -999 -999 -999 -999 -999 -999 -999 -999 -999 -999 -999
141 142 146 154 175 181 194 218 199 199 187 192 184 181 181 187 191 169 165 170 166 172 179 159 157 180 178 182 194 177 169 198 218 202 196 182 174 182 178 198 206 215 186 192 206 204 178 191 173 208 216 211 189 165 170 200 -999 -999 -999 -999 -999 -999 -999 -999 -999 -999 -999 -999 -999 -999 -999 -999 -999 -999 -999 -999 -999 -999 -999 -999 -999 -999 -999 -999 -999 -999 -999 -999 -999 -999 -999 -999 -999 -999 -999 -999
144 150 163 188 205 204 215 233 205 226 218 189 170 169 172 177 166 165 163 159 157 155 155 157 161 172 186 197 177 166 186 219 204 202 193 186 195 204 180 221 230 217 217 210 227 212 200 191 196 189 202 -999 -999 -999 -999 -999 -999 -999 -999 -999 -999 -999 -999 -999 -999 -999 -999 -999 -999 -999 -999 -999 -999 -999 -999 -999 -999 -999 -999 -999 -999 -999 -999 -999 -999 -999 -999 -999 -999 -999 -999 -999 -999 -999 -999 -999
146 157 198 181 222 189 191 212 186 194 190 168 166 166 166 181 163 170 169 165 169 166 169 173 174 182 181 175 166 195 192 187 195 183 188 195 188 210 209 214 212 212 219 221 214 216 220 216 200 174 165 -999 -999 -999 -999 -999 -999 -999 -999 -999 -999 -999 -999 -999 -999 -999 -999 -999 -999 -999 -999 -999 -999 -999 -999 -999 -999 -999 -999 -999 -999 -999 -999 -999 -999 -999 -999 -999 -999 -999 -999 -999 -999 -999 -999 -999
147 151 160 160 170 183 183 198 186 168 163 165 165 165 163 161 160 185 198 194 189 212 191 177 179 169 190 176 169 168 174 175 190 187 -999 -999 210 218 219 -999 -999 -999 -999 -999 -999 -999 -999 -999 -999 -999 -999 -999 -999 -999 -999 -999 -999 -999 -999 -999 -999 -999 -999 -999 -999 -999 -999 -999 -999 -999 -999 -999 -999 -999 -999 -999 -999 -999 -999 -999 -999 -999 -999 -999 -999 -999 -999 -999 -999 -999 -999 -999 -999 -999 -999 -999
148 170 164 165 168 165 174 190 186 159 166 162 164 164 166 173 166 174 194 186 187 173 182 179 198 191 169 166 178 174 181 188 186 -999 -999 -999 -999 -999 -999 -999 -999 -999 -999 -999 -999 -999 -999 -999 -999 -999 -999 -999 -999 -999 -999 -999 -999 -999 -999 -999 -999 -999 -999 -999 -999 -999 -999 -999 -999 -999 -999 -999 -999 -999 -999 -999 -999 -999 -999 -999 -999 -999 -999 -999 -999 -999 -999 -999 -999 -999 -999 -999 -999 -999 -999 -999
169 172 211 182 182 189 186 166 174 165 160 160 160 179 198 176 191 187 190 194 186 178 170 166 164 165 168 168 176 198 213 179 -999 -999 -999 -999 -999 -999 -999 -999 -999 -999 -999 -999 -999 -999 -999 -999 -999 -999 -999 -999 -999 -999 -999 -999 -999 -999 -999 -999 -999 -999 -999 -999 -999 -999 -999 -999 -999 -999 -999 -999 -999 -999 -999 -999 -999 -999 -999 -999 -999 -999 -999 -999 -999 -999 -999 -999 -999 -999 -999 -999 -999 -999 -999 -999
200 201 209 203 192 239 210 182 160 174 166 166 182 194 174 187 190 185 174 165 166 164 165 166 177 181 176 170 194 225 186 -999 -999 -999 -999 -999 -999 -999 -999 -999 -999 -999 -999 -999 -999 -999 -999 -999 -999 -999 -999 -999 -999 -999 -999 -999 -999 -999 -999 -999 -999 -999 -999 -999 -999 -999 -999 -999 -999 -999 -999 -999 -999 -999 -999 -999 -999 -999 -999 -999 -999 -999 -999 -999 -999 -999 -999 -999 -999 -999 -999 -999 -999 -999 -999 -999
