grids/precipitation/sep/RSMS_09_1883_01.asc
NCOLS 654
NROWS 866
XLLCORNER 3280414.711633467
YLLCORNER 5237500.62890625
CELLSIZE 1000
NODATA_VALUE -999
[rows 728 to 779 of 866, columns 96 to 191 of 654]
-999 -999 -999 -999 -999 -999 -999 -999 -999 -999 -999 -999 -999 -999 -999 -999 -999 -999 -999 -999 -999 -999 -999 -999 -999 -999 -999 -999 -999 -999 -999 -999 -999 -999 -999 90 90 90 92 93 93 93 95 95 96 96 97 99 100 102 106 113 114 116 123 120 115 118 125 110 113 130 127 125 123 142 146 139 128 143 128 137 121 127 127 120 112 109 123 121 107 117 110 106 106 104 105 105 103 99 95 93 89 92 86 84
-999 -999 -999 -999 -999 -999 -999 -999 -999 -999 -999 -999 -999 -999 -999 -999 -999 -999 -999 -999 -999 -999 -999 -999 -999 -999 -999 -999 -999 -999 -999 -999 -999 -999 89 89 92 91 90 92 93 92 94 95 96 96 96 99 102 105 108 113 117 115 114 118 118 124 132 115 121 114 124 117 121 132 144 139 135 138 138 128 133 123 132 118 112 113 125 122 113 114 106 105 103 101 102 101 98 95 92 94 91 92 91 90
-999 -999 -999 -999 -999 -999 -999 -999 -999 -999 -999 -999 -999 -999 -999 -999 -999 -999 -999 -999 -999 -999 -999 -999 -999 -999 -999 -999 -999 -999 -999 -999 89 89 87 88 89 89 90 90 91 92 94 93 94 95 96 98 102 101 104 106 111 118 118 114 117 117 129 125 117 123 133 116 119 124 132 144 141 141 137 137 123 126 133 128 118 110 119 123 118 111 103 98 99 97 96 99 98 93 94 91 90 89 88 89
-999 -999 -999 -999 -999 -999 -999 -999 -999 -999 -999 -999 -999 -999 -999 -999 -999 -999 -999 -999 -999 -999 -999 -999 -999 -999 -999 -999 -999 -999 -999 -999 88 88 88 88 87 87 88 90 90 92 92 93 92 94 96 96 99 103 115 113 108 112 123 116 124 124 124 116 114 121 126 112 125 125 119 138 124 133 136 129 130 135 122 114 125 109 122 120 113 109 102 97 93 90 90 99 96 93 94 91 95 98 92 88
-999 -999 -999 -999 -999 -999 -999 -999 -999 -999 -999 -999 -999 -999 -999 -999 -999 -999 -999 -999 -999 -999 -999 -999 -999 -999 -999 -999 -999 -999 -999 -999 88 88 88 86 86 87 88 89 90 90 92 92 92 94 96 98 99 108 127 121 112 110 123 125 122 123 123 121 116 111 114 112 112 115 119 134 119 138 138 140 137 138 131 126 121 113 113 116 114 108 99 95 91 91 94 96 96 94 92 92 93 98 89 86
-999 -999 -999 -999 -999 -999 -999 -999 -999 -999 -999 -999 -999 -999 -999 -999 -999 -999 -999 -999 -999 -999 -999 -999 -999 -999 -999 -999 -999 -999 -999 -999 88 88 86 86 86 87 88 89 90 90 91 92 92 92 95 97 103 120 117 127 123 111 112 122 128 133 142 124 122 111 122 120 119 118 124 119 119 133 135 135 139 134 130 127 126 123 115 111 113 108 99 92 87 87 86 94 97 93 92 95 95 99 92 87
-999 -999 -999 -999 -999 -999 -999 -999 -999 -999 -999 -999 -999 -999 -999 -999 -999 -999 -999 -999 -999 -999 -999 -999 -999 -999 -999 -999 -999 -999 -999 -999 88 87 87 87 86 86 88 89 89 90 91 91 92 93 94 97 109 118 112 112 124 117 120 123 141 145 143 136 127 109 115 118 125 125 116 106 120 131 126 134 131 136 135 127 125 117 120 110 114 108 102 98 94 85 88 88 94 92 96 98 98 94 90 86
-999 -999 -999 -999 -999 -999 -999 -999 -999 -999 -999 -999 -999 -999 -999 -999 -999 -999 -999 -999 -999 -999 -999 -999 -999 -999 -999 -999 -999 -999 -999 -999 85 85 87 86 88 88 89 89 89 90 91 91 92 92 93 96 109 104 102 108 110 113 110 125 143 143 138 140 139 115 111 118 130 122 107 116 112 127 122 117 121 124 124 127 123 121 116 120 120 110 101 97 96 92 86 82 89 94 92 97 95 94 90 86
-999 -999 -999 -999 -999 -999 -999 -999 -999 -999 -999 -999 -999 -999 -999 -999 -999 -999 -999 -999 -999 -999 -999 -999 -999 -999 -999 -999 -999 -999 -999 85 85 85 86 86 88 88 89 89 89 90 91 92 92 92 94 95 97 100 106 103 107 113 112 119 136 135 134 127 138 121 109 118 122 113 114 117 123 130 122 127 122 128 120 121 123 121 121 119 115 108 102 95 95 90 84 82 93 94 91 91 91 94 90 87
-999 -999 -999 -999 -999 -999 -999 -999 -999 -999 -999 -999 -999 -999 -999 -999 -999 -999 -999 -999 -999 -999 -999 -999 -999 -999 -999 -999 -999 -999 -999 84 85 85 85 86 88 88 88 89 89 90 91 93 93 92 97 96 97 100 101 101 107 117 110 120 128 123 119 136 139 121 111 106 108 110 126 114 133 129 131 135 131 112 114 126 122 121 122 120 120 114 102 99 96 90 94 86 86 91 94 93 89 88 88 80
-999 -999 -999 -999 -999 -999 -999 -999 -999 -999 -999 -999 -999 -999 -999 -999 -999 -999 -999 -999 -999 -999 -999 -999 -999 -999 -999 -999 -999 -999 -999 82 84 83 85 86 86 87 88 88 90 90 93 93 99 98 106 108 97 100 103 110 109 115 126 125 124 117 122 137 143 133 123 113 119 111 108 120 121 135 124 124 123 121 119 122 112 122 119 120 120 116 109 104 98 93 98 95 84 90 96 95 91 91 76 85
-999 -999 -999 -999 -999 -999 -999 -999 -999 -999 -999 -999 -999 -999 -999 -999 -999 -999 -999 -999 -999 -999 -999 -999 -999 -999 -999 -999 -999 -999 81 81 81 82 83 84 86 87 88 88 89 89 94 94 98 98 110 100 98 99 101 102 112 115 119 114 118 120 124 142 131 128 130 122 130 115 119 124 128 129 117 110 116 110 116 125 110 114 121 121 121 115 104 105 100 98 94 92 93 85 98 95 95 86 87 79
-999 -999 -999 -999 -999 -999 -999 -999 -999 -999 -999 -999 -999 -999 -999 -999 -999 -999 -999 -999 -999 -999 -999 -999 -999 -999 -999 -999 -999 -999 81 81 81 82 83 84 86 86 87 89 89 89 91 95 98 105 110 103 100 99 98 100 110 121 124 109 116 127 144 139 124 119 123 130 129 140 132 127 121 128 129 117 106 117 127 123 111 118 120 122 116 118 109 107 106 100 97 92 92 90 95 96 92 92 86 80
-999 -999 -999 -999 -999 -999 -999 -999 -999 -999 -999 -999 -999 -999 -999 -999 -999 -999 -999 -999 -999 -999 -999 -999 -999 -999 -999 -999 -999 -999 81 81 81 81 82 84 86 87 86 88 89 91 91 96 108 99 109 104 108 100 100 98 105 118 109 113 120 133 139 126 118 126 131 123 128 124 127 130 123 111 127 115 103 121 125 121 108 120 109 122 125 115 111 110 106 105 100 94 86 87 94 95 93 92 83 81
-999 -999 -999 -999 -999 -999 -999 -999 -999 -999 -999 -999 -999 -999 -999 -999 -999 -999 -999 -999 -999 -999 -999 -999 -999 -999 -999 -999 -999 -999 81 79 79 80 82 83 84 86 86 87 91 92 95 107 117 107 109 111 104 113 107 97 105 113 104 112 120 126 121 122 124 122 123 121 131 121 113 132 114 108 116 105 106 121 119 122 117 113 113 121 116 103 112 106 101 101 98 96 98 93 97 95 95 91 78 71
-999 -999 -999 -999 -999 -999 -999 -999 -999 -999 -999 -999 -999 -999 -999 -999 -999 -999 -999 -999 -999 -999 -999 -999 -999 -999 -999 -999 -999 -999 80 80 80 80 81 84 85 85 86 87 86 90 95 99 111 120 116 112 110 112 105 97 107 118 103 112 119 112 114 116 130 127 127 130 117 111 116 124 123 109 101 108 113 124 114 121 117 109 121 106 106 113 112 106 103 102 100 95 100 85 85 87 87 81 81 83
-999 -999 -999 -999 -999 -999 -999 -999 -999 -999 -999 -999 -999 -999 -999 -999 -999 -999 -999 -999 -999 -999 -999 -999 -999 -999 -999 -999 -999 -999 80 80 80 81 83 84 85 85 86 86 90 89 93 114 115 121 114 116 109 98 98 97 102 118 105 111 112 107 113 115 131 128 142 125 122 106 115 122 119 115 101 106 115 115 109 116 113 113 118 101 112 112 108 106 102 104 99 101 100 96 96 93 81 89 86 81
-999 -999 -999 -999 -999 -999 -999 -999 -999 -999 -999 -999 -999 -999 -999 -999 -999 -999 -999 -999 -999 -999 -999 -999 -999 -999 -999 -999 -999 -999 80 80 80 81 83 84 85 85 88 90 90 90 104 110 103 114 104 112 113 107 96 97 113 112 101 105 103 108 115 125 131 131 132 120 110 104 113 109 108 108 106 108 117 126 115 111 108 110 109 104 103 109 107 106 102 97 101 100 96 100 97 94 91 89 86 78
-999 -999 -999 -999 -999 -999 -999 -999 -999 -999 -999 -999 -999 -999 -999 -999 -999 -999 -999 -999 -999 -999 -999 -999 -999 -999 -999 -999 -999 -999 81 81 82 82 83 83 85 86 89 89 97 94 94 93 93 101 102 107 103 100 97 95 97 100 99 101 105 109 123 133 125 143 137 115 125 112 105 110 117 122 111 127 125 116 122 104 103 113 101 103 100 96 104 99 102 101 99 97 100 97 95 93 91 79 85 84
-999 -999 -999 -999 -999 -999 -999 -999 -999 -999 -999 -999 -999 -999 -999 -999 -999 -999 -999 -999 -999 -999 -999 -999 -999 -999 -999 -999 -999 -999 82 82 83 83 83 85 84 84 85 86 89 89 90 93 101 95 99 105 112 107 98 93 96 96 99 104 118 122 128 139 145 131 130 115 107 109 101 123 118 125 125 127 119 126 110 104 101 112 100 106 108 103 92 98 100 98 98 97 98 95 93 94 90 79 88 84
-999 -999 -999 -999 -999 -999 -999 -999 -999 -999 -999 -999 -999 -999 -999 -999 -999 -999 -999 -999 -999 -999 -999 -999 -999 -999 -999 -999 -999 -999 83 83 83 83 83 84 84 84 90 89 95 93 94 91 93 101 101 107 102 105 95 93 93 95 97 103 108 124 130 127 139 124 117 122 118 102 116 115 119 118 124 123 120 117 118 106 104 118 102 97 97 105 98 98 97 96 96 97 97 96 94 93 89 86 85 83
-999 -999 -999 -999 -999 -999 -999 -999 -999 -999 -999 -999 -999 -999 -999 -999 -999 -999 -999 -999 -999 -999 -999 -999 -999 -999 -999 -999 -999 84 83 83 83 83 84 84 84 86 88 88 94 102 102 106 92 100 101 102 105 98 111 101 93 97 108 110 113 120 125 121 124 128 111 126 108 102 122 108 109 120 125 122 120 115 127 108 101 107 96 108 104 94 96 93 96 91 95 96 95 95 92 94 91 81 89 87
-999 -999 -999 -999 -999 -999 -999 -999 -999 -999 -999 -999 -999 -999 -999 -999 -999 -999 -999 -999 -999 -999 -999 -999 -999 -999 -999 83 83 83 83 83 83 84 84 84 84 86 90 89 93 102 107 106 95 96 102 108 100 102 105 95 93 92 102 116 109 124 113 109 125 113 119 127 122 103 116 109 123 105 126 122 123 110 115 109 99 98 103 111 106 93 95 96 95 93 93 93 94 95 94 83 93 91 89 87
-999 -999 -999 -999 -999 -999 -999 -999 -999 -999 -999 -999 -999 -999 -999 -999 -999 -999 -999 -999 -999 -999 -999 -999 -999 -999 83 83 83 83 83 83 83 83 83 84 86 88 93 95 93 103 99 95 92 95 106 109 114 112 101 98 96 93 105 100 120 122 109 110 115 108 111 118 112 111 116 109 110 113 123 111 126 119 116 117 104 110 113 107 105 100 97 95 92 90 92 93 93 94 94 91 91 93 89 88
-999 -999 -999 -999 -999 -999 -999 -999 -999 -999 -999 -999 -999 -999 -999 -999 -999 -999 -999 -999 -999 -999 -999 -999 -999 -999 83 83 83 83 83 83 83 83 83 84 86 90 93 93 93 106 102 101 101 92 98 103 116 117 106 103 96 101 96 105 118 102 103 109 105 105 117 106 119 106 116 109 102 108 113 110 106 111 118 103 105 112 111 107 103 103 97 93 90 85 92 93 92 93 96 93 84 92 89 86
-999 -999 -999 -999 -999 -999 -999 -999 -999 -999 -999 -999 -999 -999 -999 -999 -999 -999 -999 -999 -999 -999 -999 -999 -999 -999 83 83 83 83 83 83 83 83 83 86 87 90 90 93 102 108 95 113 99 95 100 97 105 107 102 95 105 102 97 97 100 97 98 98 99 99 100 100 105 103 124 128 110 106 102 112 115 121 114 114 114 116 113 108 105 101 97 93 90 89 91 92 93 94 91 95 83 93 83 88
-999 -999 -999 -999 -999 -999 -999 -999 -999 -999 -999 -999 -999 -999 -999 -999 -999 -999 -999 -999 -999 -999 -999 -999 -999 -999 82 82 82 82 82 82 83 83 83 84 87 90 88 93 104 108 100 111 101 94 100 104 108 107 96 105 108 111 111 97 97 108 111 111 109 109 103 107 110 107 111 117 126 120 117 128 116 124 124 105 114 113 118 108 104 99 95 94 92 91 91 92 94 94 96 93 89 84 83 85
-999 -999 -999 -999 -999 -999 -999 -999 -999 -999 -999 -999 -999 -999 -999 -999 -999 -999 -999 -999 -999 -999 -999 -999 -999 -999 82 81 81 82 82 82 83 83 84 85 86 86 88 96 106 109 101 109 102 98 94 107 108 105 103 106 113 115 105 97 97 110 116 118 108 115 114 108 99 123 107 116 122 132 128 127 124 120 120 110 99 105 108 107 103 99 98 94 93 91 94 95 94 93 94 95 95 88 86 83
-999 -999 -999 -999 -999 -999 -999 -999 -999 -999 -999 -999 -999 -999 -999 -999 -999 -999 -999 -999 -999 -999 -999 -999 -999 80 81 81 81 81 81 82 83 83 86 85 85 86 88 105 97 108 110 112 108 98 97 110 112 116 104 118 113 101 98 115 105 103 103 111 121 109 130 112 103 103 115 109 122 123 131 134 126 131 114 104 99 103 105 104 102 100 98 96 93 93 95 95 91 91 95 95 95 92 83 83
-999 -999 -999 -999 -999 -999 -999 -999 -999 -999 -999 -999 -999 -999 -999 -999 -999 -999 -999 -999 -999 -999 -999 -999 -999 79 79 81 81 81 81 83 83 84 89 84 84 85 85 88 99 103 103 98 110 99 102 109 113 119 113 125 112 105 111 117 112 101 105 111 115 118 123 114 102 103 122 125 120 130 130 128 125 119 100 112 95 98 108 105 100 100 96 94 94 91 92 94 94 93 92 93 89 87 84 86
-999 -999 -999 -999 -999 -999 -999 -999 -999 -999 -999 -999 -999 -999 -999 -999 -999 -999 -999 -999 -999 -999 -999 -999 -999 79 79 79 79 82 82 83 83 90 89 84 86 86 97 102 90 95 97 95 108 95 108 110 118 126 126 122 112 115 106 116 116 102 110 118 115 118 126 114 106 103 113 133 130 130 128 130 128 118 114 116 104 100 105 103 101 99 96 93 92 91 92 92 91 91 91 91 87 88 77 77
-999 -999 -999 -999 -999 -999 -999 -999 -999 -999 -999 -999 -999 -999 -999 -999 -999 -999 -999 -999 -999 -999 -999 -999 -999 77 78 78 80 80 82 82 82 90 85 86 89 89 101 100 101 96 92 102 103 103 112 116 119 127 126 121 109 119 116 116 113 116 116 120 127 122 132 113 103 101 118 123 125 116 123 122 117 115 106 102 105 86 90 100 100 98 97 92 89 90 88 90 91 90 89 88 88 79 75 84
-999 -999 -999 -999 -999 -999 -999 -999 -999 -999 -999 -999 -999 -999 -999 -999 -999 -999 -999 -999 -999 -999 -999 -999 77 76 78 79 79 79 81 82 82 86 85 86 86 93 97 100 103 102 101 101 97 102 113 114 124 119 118 116 119 117 117 120 111 116 127 123 125 136 123 112 121 111 112 110 106 127 123 121 118 112 110 101 93 95 96 100 98 98 93 90 88 88 86 89 90 90 88 86 85 76 81 80
-999 -999 -999 -999 -999 -999 -999 -999 -999 -999 -999 -999 -999 -999 -999 -999 -999 -999 -999 -999 -999 -999 -999 77 77 76 77 79 79 79 81 81 82 82 83 84 85 85 88 87 89 87 98 96 100 98 111 114 124 126 118 114 114 117 113 113 118 129 122 116 122 131 125 127 129 107 100 105 118 111 122 123 123 121 117 113 105 92 87 97 100 95 90 88 88 84 85 88 89 89 86 85 85 84 77 80
-999 -999 -999 -999 -999 -999 -999 -999 -999 -999 -999 -999 -999 -999 -999 -999 -999 -999 -999 -999 -999 -999 77 76 77 77 77 77 79 79 81 81 81 84 87 88 94 96 96 101 98 97 88 91 92 105 110 124 119 117 117 118 109 118 113 110 124 116 115 126 127 120 130 134 127 121 98 116 107 121 117 121 125 115 113 112 111 88 102 96 97 94 90 88 86 83 82 84 86 88 88 85 83 81 84 79
-999 -999 -999 -999 -999 -999 -999 -999 -999 -999 -999 -999 -999 -999 -999 -999 -999 -999 -999 -999 -999 -999 76 76 76 76 76 78 78 79 79 81 81 84 88 86 95 99 101 103 94 99 93 97 103 103 120 124 119 116 110 109 105 116 114 108 109 117 134 144 129 127 144 140 127 108 98 110 107 124 123 118 123 118 115 107 108 101 106 95 93 91 88 83 82 82 82 81 83 83 86 85 81 79 76 73
-999 -999 -999 -999 -999 -999 -999 -999 -999 -999 -999 -999 -999 -999 -999 -999 -999 -999 -999 -999 -999 75 76 76 76 76 76 78 78 78 79 81 85 85 88 89 93 98 101 100 101 100 98 95 103 111 113 124 124 121 118 113 108 113 110 105 113 122 137 149 127 129 144 136 125 110 102 122 121 112 123 126 124 121 108 105 95 96 98 94 93 88 83 81 82 79 82 81 79 83 85 83 81 80 79 70
-999 -999 -999 -999 -999 -999 -999 -999 -999 -999 -999 -999 -999 -999 -999 -999 -999 -999 -999 -999 -999 74 76 76 76 76 76 76 78 78 79 81 85 87 89 89 91 98 101 100 103 100 103 105 106 116 118 123 116 118 117 109 113 108 102 107 113 128 151 142 131 135 145 144 130 122 102 126 128 124 130 127 117 114 104 105 98 99 95 94 90 86 82 77 82 79 82 82 82 82 86 84 81 80 79 77
-999 -999 -999 -999 -999 -999 -999 -999 -999 -999 -999 -999 -999 -999 -999 -999 -999 -999 -999 -999 73 74 74 76 76 76 76 76 77 78 79 80 81 86 86 91 87 98 101 101 98 104 105 98 111 107 122 117 114 109 110 116 112 103 104 117 124 133 142 145 142 141 145 140 122 117 104 130 121 126 132 123 123 110 113 105 107 100 97 89 87 83 82 78 81 81 79 81 77 79 82 83 82 81 79 78
-999 -999 -999 -999 -999 -999 -999 -999 -999 -999 -999 -999 -999 -999 -999 -999 -999 -999 -999 70 70 72 74 74 74 76 76 76 76 77 78 80 80 83 87 87 88 99 99 100 102 103 108 100 102 118 118 109 117 119 110 103 112 105 114 113 119 122 130 150 141 142 147 138 135 131 114 124 119 130 126 119 117 112 116 110 104 100 90 83 83 81 81 81 79 79 78 76 79 74 82 83 79 81 78 79
-999 -999 -999 -999 -999 -999 -999 -999 -999 -999 -999 -999 -999 -999 -999 -999 -999 -999 -999 70 72 70 72 74 74 74 74 76 76 79 82 80 80 82 85 84 88 89 100 98 98 98 110 105 115 110 112 105 117 112 110 103 107 113 128 122 113 128 132 154 142 145 145 145 144 136 127 122 126 124 128 123 122 114 116 108 106 102 93 83 82 81 76 81 79 77 78 78 81 79 81 82 79 77 77 76
-999 -999 -999 -999 -999 -999 -999 -999 -999 -999 -999 -999 -999 -999 -999 -999 -999 -999 -999 68 68 68 69 72 73 78 77 78 78 78 77 78 80 80 82 85 87 88 99 98 101 102 98 106 103 116 108 107 108 109 103 109 114 114 138 130 124 133 146 147 149 142 145 140 133 140 128 126 130 126 130 130 126 122 113 110 104 100 92 86 82 79 82 81 79 79 76 78 78 77 74 79 79 77 76 74
-999 -999 -999 -999 -999 -999 -999 -999 -999 -999 -999 -999 -999 -999 -999 -999 -999 -999 63 64 67 68 71 75 76 80 78 80 78 81 77 78 79 80 81 84 84 88 93 96 95 96 103 108 113 112 116 108 104 105 110 124 137 126 132 145 154 144 163 154 146 147 149 146 145 131 128 112 118 119 124 124 121 114 115 109 102 97 96 87 84 84 82 81 79 77 78 78 73 74 81 78 72 76 72 74
-999 -999 -999 -999 -999 -999 -999 -999 -999 -999 -999 -999 -999 -999 -999 -999 -999 -999 63 63 64 66 70 73 78 84 81 86 79 77 77 77 79 81 82 84 84 85 86 93 94 95 97 103 112 108 112 119 104 107 110 119 130 145 146 141 144 151 159 157 144 147 147 144 144 137 132 127 119 118 128 124 119 116 108 109 104 97 92 88 86 83 83 79 78 78 76 76 76 78 79 77 72 70 73 70
-999 -999 -999 -999 -999 -999 -999 -999 -999 -999 -999 -999 -999 -999 -999 -999 -999 -999 61 64 62 68 74 80 83 82 87 82 80 78 77 77 78 80 82 84 84 85 87 90 91 100 94 103 104 102 113 104 104 112 123 109 127 128 128 133 152 165 164 160 150 149 149 142 142 144 137 135 127 128 127 125 119 118 115 106 104 101 91 91 87 83 79 79 77 77 76 74 78 77 78 76 73 73 70 70
-999 -999 -999 -999 -999 -999 -999 -999 -999 -999 -999 -999 -999 -999 -999 -999 -999 -999 59 60 62 64 72 69 75 80 90 81 78 80 77 77 82 80 82 84 84 85 88 89 90 97 93 98 103 110 99 102 108 114 132 118 109 116 123 149 141 147 146 156 156 146 149 150 142 145 141 138 130 135 129 127 124 116 111 108 100 96 92 91 87 84 81 78 77 74 73 81 81 76 77 76 74 70 70 76
-999 -999 -999 -999 -999 -999 -999 -999 -999 -999 -999 -999 -999 -999 -999 -999 -999 60 60 60 62 63 65 75 74 78 90 79 77 78 78 79 82 81 82 83 85 87 88 89 90 92 97 99 103 96 100 104 112 116 132 133 121 119 124 133 133 128 142 159 157 152 149 147 147 142 142 142 137 134 128 127 120 119 114 109 104 97 92 91 88 83 82 78 77 77 74 79 79 79 77 70 72 70 77 78
-999 -999 -999 -999 -999 -999 -999 -999 -999 -999 -999 -999 -999 -999 -999 -999 -999 59 60 61 65 66 69 76 88 87 78 79 76 76 77 79 80 80 82 85 85 87 89 89 90 91 92 93 93 97 102 109 120 133 131 149 133 130 119 119 137 145 136 147 155 149 145 151 148 143 141 140 136 127 124 122 118 111 106 102 104 100 95 88 86 82 79 79 78 78 79 77 77 77 74 73 70 73 77 77
-999 -999 -999 -999 -999 -999 -999 -999 -999 -999 -999 -999 -999 -999 -999 -999 -999 60 60 61 67 71 73 76 81 78 75 75 73 75 77 79 79 80 82 85 86 87 88 90 92 93 92 93 105 108 118 113 119 151 137 156 130 149 145 135 124 140 130 142 154 155 147 151 146 146 138 129 125 129 127 124 120 116 114 102 99 99 93 86 84 81 78 78 76 77 77 74 76 74 73 73 74 72 76 77
-999 -999 -999 -999 -999 -999 -999 -999 -999 -999 -999 -999 -999 -999 -999 -999 -999 60 60 61 64 69 74 79 76 78 79 71 74 74 75 77 78 81 84 85 87 88 88 90 91 91 93 99 108 118 124 122 134 143 164 154 137 140 155 132 118 140 144 138 142 152 142 141 145 137 141 136 127 125 124 116 119 116 110 106 102 97 91 83 82 79 76 76 77 77 76 73 72 72 70 70 72 74 77 77
-999 -999 -999 -999 -999 -999 -999 -999 -999 -999 -999 -999 -999 -999 -999 -999 -999 58 59 59 64 65 72 74 69 74 70 71 71 75 76 78 79 82 84 84 88 88 88 90 91 92 95 97 106 119 114 123 136 152 160 152 154 151 150 132 114 130 141 146 142 147 150 145 140 136 137 127 125 122 119 114 118 116 110 110 102 99 93 84 83 77 74 73 73 77 74 72 70 68 69 69 76 74 78 78
-999 -999 -999 -999 -999 -999 -999 -999 -999 -999 -999 -999 -999 -999 -999 -999 -999 56 58 59 61 65 65 70 67 67 69 70 73 74 76 79 80 82 84 88 88 88 89 90 92 93 104 97 99 102 105 109 121 133 149 141 144 142 145 137 116 121 146 141 138 145 143 138 131 132 134 122 125 127 118 110 120 119 114 106 102 97 91 83 79 76 73 70 77 76 73 70 68 69 69 72 70 78 81 81
