grids/precipitation/dec/RSMS_12_1881_01.asc
NCOLS 654
NROWS 866
XLLCORNER 3280414.711633467
YLLCORNER 5237500.62890625
CELLSIZE 1000
NODATA_VALUE -999
[rows 530 to 582 of 866, columns 96 to 191 of 654]
42 37 34 32 33 31 30 30 31 33 34 35 37 31 45 50 51 55 47 50 58 62 56 50 44 38 45 52 54 50 51 58 55 58 56 54 49 46 36 47 45 43 40 44 34 44 44 46 43 41 44 48 49 46 42 38 36 35 40 42 42 44 43 42 44 42 42 36 38 41 35 35 37 37 40 43 44 43 46 54 52 51 53 57 56 48 56 53 48 49 46 44 43 43 48 52
42 39 33 33 31 31 30 30 32 38 40 42 44 31 50 56 55 58 57 59 59 50 50 49 46 38 37 43 50 55 47 50 50 58 53 51 50 41 40 45 46 43 40 39 47 38 45 45 43 43 42 43 46 46 41 38 32 38 33 41 43 44 45 42 44 42 39 36 35 41 37 35 35 38 42 43 45 48 48 55 54 57 54 56 52 49 56 52 50 47 47 44 45 44 44 50
44 42 37 35 33 32 30 35 38 39 40 42 42 38 51 50 57 58 63 65 61 55 51 45 44 45 40 40 55 61 53 55 58 54 49 47 47 45 43 41 45 43 37 36 43 46 40 42 38 41 40 44 46 44 44 40 32 42 38 33 36 40 45 43 43 38 37 39 38 38 37 35 33 35 42 39 39 44 47 48 57 52 51 52 56 58 53 56 49 50 50 49 49 52 50 52
39 42 39 36 33 33 32 37 38 40 42 42 30 40 58 58 55 52 64 65 64 62 53 53 53 50 49 37 45 46 46 55 55 53 47 43 40 50 43 46 43 47 42 42 41 46 46 43 49 43 42 42 44 47 39 38 34 37 40 38 39 38 38 40 44 43 42 40 40 35 38 37 36 34 35 42 40 44 41 46 49 58 57 50 51 59 56 59 53 54 59 57 47 48 52 52
41 35 37 35 35 34 35 34 37 36 43 43 34 35 48 53 61 64 63 56 53 56 40 39 39 36 39 38 58 59 48 51 52 48 43 41 38 36 39 41 43 46 46 43 40 39 42 49 46 43 45 43 42 44 45 40 32 38 39 38 34 38 40 42 44 46 44 43 40 38 36 38 37 37 34 34 39 38 40 39 47 56 48 52 52 55 59 59 59 58 64 59 49 46 46 46
41 39 34 36 34 37 40 38 40 39 43 43 32 55 47 52 56 63 58 58 41 42 39 52 52 49 48 56 55 53 56 55 50 42 36 35 36 38 34 41 43 41 43 46 39 40 46 46 45 46 46 44 42 42 45 42 37 36 34 33 38 39 41 42 40 44 44 43 42 40 36 39 38 39 36 37 44 44 43 48 45 53 49 55 58 58 59 64 64 59 58 55 54 47 44 43
37 37 36 31 35 38 42 44 44 40 32 37 32 45 50 60 58 61 59 48 58 55 42 40 40 59 59 58 62 63 60 50 50 45 36 40 40 38 38 36 39 45 46 43 43 36 41 45 46 46 43 44 47 44 44 40 33 40 41 38 40 39 38 38 42 43 46 44 37 43 37 38 40 43 37 37 43 48 44 45 46 49 54 53 61 64 59 61 57 58 53 52 49 47 45 44
38 33 36 36 36 41 43 44 43 36 46 43 40 49 45 52 57 56 59 55 59 59 54 48 53 48 62 65 62 57 55 44 49 45 42 40 39 37 37 38 37 43 41 43 44 41 35 37 47 46 48 49 47 46 42 34 36 36 42 42 35 38 42 38 44 44 46 45 38 47 39 38 41 44 40 37 40 43 45 45 46 48 52 53 62 58 53 50 50 58 53 50 49 48 46 44
37 37 41 38 31 39 44 44 35 46 46 47 40 48 53 54 53 56 59 62 65 66 62 56 55 44 51 60 62 53 48 45 50 48 45 42 42 39 43 41 37 41 45 44 40 43 36 38 46 48 48 47 44 48 42 45 46 44 44 44 42 41 46 46 46 44 45 41 42 43 40 39 39 40 43 41 41 43 44 45 47 53 50 52 50 50 53 62 61 52 53 51 51 50 48 45
38 32 40 42 32 43 37 32 46 38 41 46 47 35 48 53 55 56 56 62 64 68 64 69 51 46 41 62 61 56 44 40 45 50 45 46 43 43 48 44 42 43 43 39 43 43 41 44 48 50 48 46 50 50 38 48 50 48 46 48 46 42 43 39 40 42 47 47 48 43 42 38 42 44 46 43 42 42 45 49 46 50 53 52 52 53 67 62 55 53 53 53 50 50 48 47
38 39 33 28 41 43 32 38 49 36 34 47 51 48 49 52 51 51 55 59 60 66 73 70 62 53 49 59 58 54 47 40 46 47 45 48 48 47 46 49 41 41 42 43 43 44 39 41 46 52 51 48 53 47 42 42 47 50 49 45 48 48 42 44 42 43 50 43 43 44 43 40 43 45 48 44 44 41 46 43 47 44 48 51 53 47 59 58 53 50 51 53 50 51 48 47
36 42 28 39 28 33 38 50 43 46 46 45 48 46 41 44 47 53 56 60 63 67 69 75 70 59 49 49 56 54 49 48 45 43 49 47 50 48 50 48 45 46 41 40 43 41 40 41 45 50 51 50 49 50 48 50 41 46 48 46 46 48 46 47 43 44 49 49 51 47 45 41 44 46 46 51 44 40 41 44 43 47 52 51 53 46 53 55 50 50 50 51 48 49 47 45
32 30 35 43 44 44 47 42 51 47 47 43 49 48 47 50 55 49 58 56 64 65 68 72 67 52 42 37 46 50 39 50 44 42 43 50 47 46 49 48 46 47 45 39 44 42 46 46 50 53 56 53 53 48 47 48 45 50 50 48 46 50 51 50 50 45 47 46 48 51 50 42 41 42 49 51 49 42 45 44 44 53 49 46 43 47 49 50 50 49 48 48 48 47 45 44
47 33 35 50 49 39 41 48 52 46 46 44 49 50 49 55 55 53 56 59 64 64 68 71 68 55 51 51 35 34 33 48 36 44 43 44 42 43 47 46 50 45 43 44 45 48 47 48 52 48 48 56 54 57 49 49 43 44 52 50 52 51 49 52 48 45 47 43 47 51 45 45 42 38 43 45 44 39 37 50 49 44 44 44 45 47 55 49 45 46 47 48 46 46 44 41
38 49 43 46 47 42 38 44 49 45 48 36 43 51 55 55 55 57 58 60 64 49 67 71 68 65 55 54 50 46 42 34 35 38 38 39 48 48 45 48 52 50 46 44 49 50 51 54 47 48 46 50 55 56 57 56 50 42 49 52 54 54 49 49 47 44 42 43 48 51 51 54 50 38 35 40 40 45 41 48 54 41 41 44 44 43 50 47 44 43 46 47 45 45 42 40
46 50 38 42 44 48 36 48 50 48 48 44 47 49 53 50 55 56 54 58 61 64 64 63 59 56 55 46 50 49 36 35 34 45 46 43 43 48 44 46 52 50 47 44 50 52 52 49 48 46 48 52 54 52 55 48 46 46 51 48 51 51 50 47 44 43 44 46 50 56 55 48 44 38 37 38 40 41 39 44 46 43 41 44 41 44 46 46 42 42 43 44 44 43 41 39
46 46 38 42 45 46 44 41 46 48 49 48 44 48 48 50 50 47 50 53 55 53 58 59 50 51 45 47 47 42 48 48 35 43 43 46 47 34 45 48 52 50 51 44 48 50 48 43 48 41 44 51 52 50 52 55 52 47 49 50 51 48 46 45 44 48 49 47 52 55 51 51 51 48 45 41 40 38 42 41 44 46 41 42 41 43 41 42 42 42 41 42 41 41 40 38
38 43 46 46 36 42 45 46 41 43 47 50 47 49 50 50 48 49 53 48 50 55 58 60 58 55 56 58 56 57 55 48 47 39 46 42 44 46 46 50 50 45 45 50 49 54 42 48 46 37 50 44 44 44 49 58 53 52 49 48 52 44 46 46 49 50 56 52 56 50 47 43 52 43 43 42 43 45 37 43 40 52 44 40 39 40 41 39 39 41 40 41 40 39 39 36
36 42 44 44 46 42 45 44 45 44 50 50 50 50 49 52 50 48 51 50 45 51 53 58 55 56 61 53 53 57 53 51 45 41 45 45 48 49 46 48 49 48 43 50 52 51 43 42 48 40 48 37 44 45 52 57 52 52 52 50 46 48 51 49 52 49 52 49 48 42 42 39 43 45 41 39 43 43 46 49 45 37 45 42 39 38 38 41 39 39 40 39 38 38 36 36
50 48 46 46 44 39 38 46 47 47 48 48 53 54 53 53 54 50 52 50 46 48 49 55 56 57 51 53 55 46 47 48 38 47 47 45 46 48 50 48 49 47 38 44 48 48 47 52 46 34 38 43 46 48 48 55 55 56 52 54 54 55 57 54 45 48 47 41 41 41 38 40 43 46 40 38 41 42 44 49 46 38 42 44 40 38 38 38 38 39 39 38 37 35 35 34
49 48 42 44 43 43 44 36 45 41 46 48 49 50 49 52 53 51 52 46 44 48 53 55 60 60 59 59 53 49 45 46 32 41 49 49 45 46 48 42 49 45 42 36 46 45 43 37 37 37 40 44 40 38 42 52 54 50 47 48 58 64 59 52 47 45 40 38 39 41 38 37 40 40 41 41 38 42 42 47 48 41 38 42 39 37 37 37 37 36 37 35 34 34 34 33
49 42 45 39 40 39 46 43 45 46 46 43 44 48 48 49 50 52 50 47 44 48 53 57 57 59 53 49 40 48 46 37 39 31 41 43 45 47 50 40 48 47 39 34 46 34 34 48 46 44 46 42 46 49 45 48 52 46 51 41 53 58 57 50 45 40 40 40 40 38 38 40 39 39 40 38 38 40 44 47 47 46 37 44 36 35 35 35 35 35 35 34 33 33 32 32
51 46 48 45 45 43 47 48 48 46 50 49 49 48 48 48 48 50 47 46 46 48 53 54 58 56 50 53 51 50 42 48 46 41 29 36 40 46 40 39 47 40 41 42 32 31 46 44 49 48 48 46 44 46 44 44 51 50 43 44 50 48 46 45 43 43 38 35 34 35 33 38 38 37 37 38 38 38 41 46 45 45 38 38 35 35 35 35 34 34 34 33 32 32 31 31
49 50 50 44 46 46 41 48 49 50 48 48 49 50 48 48 50 50 48 44 46 49 52 50 52 52 52 55 55 49 46 51 43 47 38 27 39 49 46 38 44 40 32 32 39 38 36 43 37 46 42 47 50 43 46 44 51 49 47 39 42 43 42 46 45 44 40 34 34 34 34 37 37 37 37 38 36 36 37 42 42 44 39 37 34 35 34 34 34 34 32 32 32 31 30 31
51 50 51 50 49 49 46 46 49 50 52 50 49 53 52 51 52 49 39 44 47 48 50 52 50 51 54 54 52 50 50 49 48 46 40 26 40 45 47 37 44 38 24 40 42 43 29 38 36 46 46 43 49 51 55 46 49 43 37 36 35 42 41 40 42 41 40 38 38 38 35 37 35 35 35 38 37 35 36 38 40 41 40 35 35 34 34 34 34 32 32 31 31 31 30 31
45 49 51 53 49 50 48 46 47 48 51 51 52 52 51 49 48 50 47 46 45 46 49 50 50 52 54 52 51 50 42 42 40 42 41 28 36 36 42 38 44 25 40 31 40 40 40 35 43 41 42 50 55 57 50 45 38 36 36 38 37 40 39 40 37 39 36 34 34 32 34 36 35 34 35 36 37 37 34 37 36 39 38 34 34 34 34 32 32 32 32 32 31 31 30 31
50 51 53 53 54 53 47 48 48 52 52 50 50 51 50 48 46 48 47 48 47 44 46 47 48 50 52 50 49 50 48 38 42 31 40 31 29 42 27 28 35 32 27 34 40 39 43 44 47 44 51 58 58 47 39 42 35 38 35 38 33 40 37 32 31 33 32 34 32 34 32 34 34 34 34 34 34 35 34 35 35 35 35 34 33 33 32 32 32 32 32 31 31 31 30 31
52 51 51 53 54 52 51 51 50 51 50 49 47 48 49 46 48 48 47 44 43 45 44 48 51 52 50 48 50 51 49 48 40 44 45 38 27 27 37 39 36 34 24 26 29 29 41 44 47 49 53 55 53 48 42 39 37 33 35 33 32 31 32 30 29 29 30 30 30 32 30 32 32 32 32 33 33 32 32 34 34 33 33 33 32 32 32 32 32 32 32 31 31 30 30 30
52 51 52 55 55 53 54 53 52 52 49 48 47 45 46 45 48 46 44 43 42 40 46 48 46 48 47 45 48 46 50 46 46 41 36 38 36 36 31 36 37 43 36 36 36 36 40 42 44 49 45 49 45 40 38 37 35 33 30 31 31 34 31 29 28 28 28 28 29 29 30 29 31 31 31 32 31 31 31 32 33 33 32 32 31 31 32 32 32 32 32 31 31 30 30 30
47 52 49 53 54 54 56 55 54 52 51 49 46 45 42 43 46 44 42 43 41 38 44 42 42 45 47 44 44 47 48 47 46 39 38 32 36 35 31 25 36 43 37 39 41 41 42 38 42 45 44 40 39 36 34 31 32 30 31 29 29 31 29 28 27 28 27 28 27 28 28 28 28 30 30 30 30 30 30 30 31 31 31 30 30 31 31 31 31 31 31 30 30 30 30 31
50 51 52 51 52 52 53 55 53 51 49 49 47 46 43 40 43 43 40 42 40 38 36 41 42 44 45 43 41 46 44 46 47 45 36 34 36 44 44 35 21 24 35 33 35 36 36 39 41 40 41 36 32 30 31 29 29 28 27 27 28 28 28 27 28 29 29 27 27 27 26 27 27 27 28 29 29 29 29 29 29 29 29 30 30 30 30 31 31 31 30 30 30 30 30 31
47 50 49 47 51 51 52 51 53 51 49 47 48 45 43 40 40 42 38 38 37 39 38 41 42 44 44 42 42 42 44 47 49 46 43 47 47 56 59 47 32 19 28 33 32 32 34 37 33 36 35 30 28 28 26 26 26 26 26 27 28 27 28 28 31 30 28 28 28 26 25 25 26 27 26 28 29 28 27 27 29 28 29 30 30 30 30 30 31 30 30 30 30 30 30 30
43 49 47 51 50 48 50 51 51 49 49 45 44 44 43 40 42 38 38 38 39 40 36 39 42 43 42 42 39 39 44 49 57 56 54 56 59 58 51 44 40 22 35 31 32 35 37 35 34 33 30 29 27 25 25 24 25 25 25 25 26 27 29 31 31 28 28 26 25 26 24 24 24 25 25 25 25 25 26 28 28 28 29 29 29 29 30 29 30 30 29 30 29 30 30 30
49 47 49 48 49 47 46 50 49 49 45 45 44 42 42 42 37 40 38 38 38 40 38 40 42 40 40 41 42 42 44 54 55 52 52 54 52 47 45 41 37 32 28 32 38 37 37 33 30 30 27 26 24 24 24 23 22 24 25 26 26 28 32 31 28 29 26 25 26 25 24 24 23 23 24 25 25 25 26 27 28 28 29 29 28 29 29 29 29 29 29 28 28 29 29 30
50 50 49 48 46 45 49 50 47 44 44 44 44 42 40 40 39 36 38 37 39 42 42 42 44 42 41 43 49 52 40 42 47 43 50 51 53 45 41 38 43 37 28 42 42 32 30 30 27 27 26 25 24 24 23 22 22 25 28 30 30 31 31 31 30 30 27 26 25 25 24 25 25 23 24 25 25 25 26 27 27 28 28 28 28 28 29 29 29 29 28 28 29 29 29 28
50 49 47 45 45 44 49 50 47 45 44 41 43 40 42 38 38 40 39 41 42 42 41 42 44 42 43 47 52 48 46 43 38 45 45 47 47 49 45 41 41 38 27 25 26 27 28 28 27 27 26 25 24 24 24 23 24 28 31 31 32 31 31 31 32 30 28 26 25 25 25 25 26 26 23 25 25 25 26 26 28 28 28 28 28 28 29 28 29 28 28 28 28 28 27 28
49 48 48 46 44 42 47 48 49 47 45 44 41 43 40 37 39 41 42 42 42 41 42 45 46 47 46 42 41 39 39 38 36 35 37 38 43 42 40 39 42 43 40 33 30 36 33 27 26 26 26 25 24 25 25 24 27 31 32 33 32 32 32 31 31 30 28 27 26 25 26 26 29 28 24 24 25 25 26 27 26 27 27 28 28 28 28 28 28 28 28 27 28 27 27 27
48 46 47 48 45 43 44 47 46 47 45 43 40 43 39 38 40 40 40 42 40 42 43 49 50 45 38 39 42 41 38 37 38 37 33 38 37 37 37 37 38 37 36 40 30 32 30 28 26 26 26 25 26 28 32 27 25 30 31 32 33 32 31 31 30 30 29 28 27 27 26 27 29 29 24 25 25 25 26 27 26 26 28 28 28 28 28 28 28 28 27 27 26 26 27 27
46 44 44 47 44 44 42 46 48 48 44 44 42 42 37 38 40 43 42 38 41 43 49 51 47 43 41 48 45 41 38 39 41 40 37 33 37 35 34 35 38 39 37 35 31 30 29 27 27 27 27 28 28 28 33 32 24 28 32 32 32 32 32 31 31 30 30 29 28 27 27 28 30 27 24 25 25 25 25 26 26 27 26 28 28 28 28 28 28 27 27 27 26 26 26 26
47 44 45 43 44 45 44 46 45 47 45 44 42 38 37 40 41 42 38 40 43 47 55 51 47 43 43 49 42 39 38 39 39 40 40 40 32 38 35 38 35 33 35 37 31 29 28 28 28 29 31 35 30 28 31 33 28 24 28 30 31 31 31 31 29 29 26 25 29 29 28 28 29 25 23 24 25 25 25 26 26 26 26 27 27 27 28 28 28 27 27 27 26 26 26 26
45 46 45 45 43 45 45 43 47 48 47 45 43 42 37 42 43 40 38 43 48 55 52 50 50 52 43 40 42 43 44 46 44 45 44 40 37 30 33 32 33 32 32 33 26 27 27 27 27 31 37 36 30 32 30 30 32 24 25 30 31 31 31 28 25 24 24 23 28 29 28 28 29 25 23 23 24 25 25 25 25 26 26 27 27 28 28 27 27 27 27 27 26 26 26 25
46 46 46 45 43 41 42 46 48 49 47 43 40 41 39 42 38 38 43 47 55 52 51 54 57 49 44 42 44 49 46 45 42 40 33 32 30 33 32 30 33 35 36 32 25 26 26 25 26 29 31 35 33 32 32 30 31 26 24 25 26 28 29 24 23 23 23 24 30 28 28 30 26 25 24 23 23 24 25 25 25 25 26 26 26 27 26 27 27 27 26 26 26 26 26 26
43 46 47 47 45 43 45 47 47 47 45 43 40 38 38 40 38 38 41 50 50 50 53 56 50 49 48 47 41 40 40 39 38 36 38 36 32 31 29 35 35 35 34 29 25 25 26 25 26 29 30 35 34 32 31 32 31 27 25 23 22 22 22 22 23 22 23 29 30 29 29 26 24 24 27 27 25 23 24 25 25 25 26 27 27 27 26 27 27 26 26 26 26 26 26 26
45 45 46 46 46 44 40 46 48 48 47 44 41 38 35 39 42 45 42 45 47 51 55 50 47 45 45 42 38 36 40 32 36 37 35 34 36 31 29 27 33 32 31 30 24 24 24 25 26 27 30 34 32 31 32 31 28 30 29 24 22 25 24 23 25 22 24 30 31 29 27 25 26 28 27 25 24 23 24 24 25 25 26 26 26 26 26 27 27 26 27 26 26 26 26 26
47 42 46 45 46 44 41 46 45 48 44 40 40 35 39 43 52 47 47 45 49 50 50 50 43 41 41 40 37 34 37 33 37 32 31 32 32 32 30 30 26 26 26 25 26 24 24 24 25 26 30 33 32 32 31 29 27 26 22 23 22 26 24 23 23 23 26 30 29 25 25 25 25 26 28 28 23 24 24 24 24 25 26 26 25 26 25 25 26 26 26 25 25 26 25 26
52 47 45 46 46 45 42 42 44 46 44 41 38 38 44 47 44 45 48 49 47 47 44 43 41 40 38 39 38 37 37 38 40 35 32 31 27 29 29 28 26 26 31 26 24 24 23 23 23 24 25 29 31 30 29 28 26 24 23 22 24 26 25 23 25 22 27 30 28 26 25 25 25 27 28 29 23 23 23 24 24 25 25 25 25 26 26 26 25 26 25 25 25 26 25 26
52 46 44 41 41 46 44 41 46 46 48 45 43 34 43 41 38 43 47 43 42 42 42 41 40 39 38 39 40 39 30 41 35 31 31 29 31 27 26 29 28 29 26 24 23 23 24 24 23 23 25 23 26 26 26 27 26 24 25 27 26 23 23 25 24 22 27 28 28 25 27 25 25 25 28 26 23 23 23 24 24 24 25 25 25 26 25 26 25 25 25 25 25 25 25 26
47 46 47 42 43 44 43 42 43 43 48 49 52 47 33 33 42 45 43 40 38 38 40 38 38 38 35 40 37 41 42 38 33 31 29 30 27 25 24 24 30 26 24 23 23 23 28 25 24 23 22 22 24 23 22 24 24 26 27 26 24 22 24 26 24 23 23 24 24 24 25 26 26 25 28 23 23 22 23 24 24 24 25 25 25 25 25 25 25 25 25 25 25 25 25 26
47 48 45 45 45 47 47 44 41 46 50 57 49 43 38 33 40 39 40 38 34 38 39 39 40 40 37 33 40 42 36 32 33 31 30 28 26 25 24 28 27 25 23 23 23 23 29 25 24 24 22 23 23 29 23 22 21 25 23 24 23 26 26 25 23 24 24 24 24 24 25 26 26 26 24 24 28 22 22 23 24 24 24 24 24 25 25 24 25 25 25 24 24 25 24 25
47 48 49 47 48 45 44 40 43 48 54 49 46 41 32 31 34 39 39 37 30 39 36 38 37 37 37 32 38 35 31 29 30 32 29 26 27 24 24 24 23 22 22 22 25 24 22 22 22 22 22 22 27 26 22 21 21 22 22 24 24 27 26 25 25 25 24 25 25 24 26 27 27 28 26 29 27 23 22 23 23 24 24 24 24 25 24 24 25 25 25 24 25 24 23 25
45 46 49 48 46 47 40 41 43 50 49 47 43 40 32 40 41 40 41 39 35 31 35 34 38 40 40 36 31 34 34 30 32 29 25 24 25 25 25 28 27 23 23 24 28 25 24 23 23 22 23 22 21 21 21 21 21 21 22 24 26 27 26 26 26 26 25 25 25 25 27 26 27 27 27 30 24 22 22 23 23 24 24 24 24 24 24 24 25 25 25 24 25 25 24 26
46 44 47 48 47 43 43 44 41 46 45 47 45 39 32 38 40 35 41 38 34 29 36 38 39 42 43 35 37 31 31 36 30 29 29 27 26 26 29 35 26 26 26 27 27 26 25 24 25 23 23 23 23 22 22 21 21 21 24 26 27 27 26 25 25 25 26 25 25 25 27 27 26 27 29 29 25 23 23 23 23 24 25 24 24 24 24 25 25 25 25 25 25 25 26 26
45 42 51 48 49 45 43 49 40 43 44 46 47 46 39 36 34 42 40 35 32 28 41 35 40 40 38 38 35 36 31 28 27 26 27 28 29 28 27 34 31 29 31 30 27 25 25 26 26 23 25 24 26 26 23 21 21 25 25 27 27 25 25 26 26 26 26 27 25 27 29 29 29 29 29 29 24 23 23 23 24 24 25 25 25 24 25 25 25 26 26 25 25 25 26 27
