grids/precipitation/dec/RSMS_12_1881_01.asc
NCOLS 654
NROWS 866
XLLCORNER 3280414.711633467
YLLCORNER 5237500.62890625
CELLSIZE 1000
NODATA_VALUE -999
[rows 477 to 529 of 866, columns 384 to 479 of 654]
30 31 31 23 32 25 24 24 19 19 19 18 18 25 27 22 26 18 20 26 23 22 24 27 27 24 24 23 24 26 26 27 28 28 27 27 28 28 30 30 32 31 30 30 30 29 31 33 31 28 24 28 28 28 30 30 31 27 24 26 31 30 31 31 29 28 30 32 32 31 31 30 29 27 29 31 31 30 30 29 29 28 27 29 29 30 31 32 34 32 31 35 35 34 35 35
27 31 34 25 20 20 19 19 18 24 24 29 28 22 25 26 25 25 20 19 21 23 23 26 21 22 22 24 25 26 28 30 30 31 29 29 30 30 31 31 31 31 30 31 32 30 33 31 29 27 30 29 26 29 30 30 28 28 28 27 29 29 28 29 28 30 31 33 32 30 30 30 29 28 28 28 29 29 29 29 29 29 28 28 30 30 33 32 35 34 34 34 34 35 35 36
21 30 26 20 20 19 20 20 27 27 33 27 23 27 23 24 26 26 26 19 19 24 21 21 20 19 22 22 28 29 31 32 32 32 35 33 35 33 34 31 30 30 29 31 29 32 30 28 27 28 29 30 25 28 28 31 28 28 28 26 26 25 26 28 31 32 32 32 32 32 31 30 29 29 28 30 29 30 30 30 30 29 28 29 29 31 31 31 34 35 34 34 35 34 36 36
20 21 20 20 20 21 22 26 26 28 31 27 25 28 26 24 26 26 24 19 19 21 21 17 19 21 23 25 31 30 34 34 37 37 38 38 38 37 34 32 29 31 31 32 31 27 27 27 28 30 29 31 27 28 30 30 28 28 28 28 26 29 28 29 29 31 33 32 32 32 30 29 29 29 28 30 29 30 31 32 31 32 28 28 29 31 32 33 33 34 34 35 36 36 36 38
19 20 20 31 29 23 26 31 30 27 30 25 30 31 23 21 19 22 20 20 18 19 19 19 21 24 24 27 32 32 34 37 38 37 35 35 35 35 31 30 30 33 31 29 30 28 27 31 31 28 30 30 30 28 30 30 31 30 28 28 27 31 32 32 31 32 32 32 31 30 30 29 29 28 27 30 31 32 32 32 33 32 32 28 30 31 32 33 34 34 32 34 35 35 35 36
24 27 25 29 26 31 29 31 27 33 31 27 29 25 21 19 17 19 19 18 19 19 19 23 24 25 28 29 34 34 37 37 36 34 34 33 33 32 32 30 29 31 29 27 27 28 24 30 29 27 30 30 28 28 28 31 32 31 29 31 25 34 30 29 32 31 31 30 31 31 30 27 28 27 28 28 30 32 32 33 33 33 32 31 30 29 32 33 32 34 32 35 36 36 35 36
19 26 30 32 27 23 23 27 25 32 29 28 27 21 21 21 19 19 19 19 20 21 23 25 27 28 29 31 35 37 37 35 35 34 34 33 31 31 31 30 31 31 28 28 28 26 22 28 26 27 29 31 29 29 28 31 32 32 32 31 31 25 27 32 33 31 28 31 30 29 28 27 27 26 27 29 30 34 32 33 32 33 32 31 31 31 31 31 34 34 36 36 36 38 37 35
19 29 32 24 30 28 25 28 28 27 25 21 19 18 18 18 20 24 25 24 24 24 25 27 28 30 33 33 32 33 34 35 35 35 34 35 34 32 31 32 31 30 28 28 27 24 22 28 27 27 27 30 29 28 28 31 31 31 31 29 29 25 29 32 31 28 32 32 31 31 30 28 26 26 27 30 31 32 33 34 35 33 35 34 31 33 33 32 31 33 34 32 35 33 34 36
20 28 24 26 23 25 27 25 22 20 19 18 18 17 17 18 19 22 23 27 29 29 27 30 32 35 32 32 31 32 33 34 34 36 35 35 34 34 33 29 29 29 28 25 24 23 25 27 25 29 28 29 29 29 31 32 32 30 31 30 30 25 27 27 31 31 34 35 34 32 30 27 26 26 28 30 31 34 35 35 32 33 32 32 32 36 36 35 34 34 35 36 35 38 37 39
21 19 19 20 19 21 22 19 19 19 19 17 19 17 16 17 21 24 28 32 34 34 32 31 31 32 31 30 32 32 32 32 33 36 36 35 35 35 34 32 31 29 27 26 26 25 25 28 28 28 29 31 30 29 31 32 33 32 32 32 33 29 31 33 32 34 35 32 34 33 31 30 29 28 30 33 33 33 34 33 33 30 32 33 32 36 39 38 37 36 37 39 40 41 42 37
22 22 20 21 22 24 26 21 21 21 22 20 19 19 17 20 22 27 32 35 34 33 32 32 33 32 28 26 31 31 32 33 34 34 35 33 32 32 33 32 30 29 29 29 29 28 28 26 27 28 29 32 31 31 31 31 32 31 34 35 29 29 27 32 31 31 31 32 34 32 31 31 32 33 32 34 34 34 35 34 32 29 31 34 33 35 39 42 38 38 42 44 43 43 40 36
25 24 21 22 26 28 30 26 26 25 25 23 25 26 23 25 27 30 32 33 30 30 32 33 32 32 27 32 31 31 32 34 33 32 34 34 32 32 32 32 32 29 29 31 31 32 29 29 27 29 30 31 33 34 32 34 31 30 33 29 29 32 31 31 32 31 31 32 32 32 31 32 31 31 32 33 34 34 35 32 31 31 32 35 35 36 37 42 42 42 44 44 43 40 42 37
29 25 23 22 29 31 28 29 20 24 26 28 30 29 25 28 28 29 31 34 29 33 35 35 29 29 32 32 31 31 33 34 32 32 33 34 33 31 30 29 29 29 31 30 32 31 31 31 29 27 29 30 34 32 33 34 32 32 32 27 34 37 35 33 32 29 29 30 32 29 31 31 29 33 35 35 35 35 34 32 34 32 33 35 36 37 38 39 42 44 45 42 42 41 39 38
34 30 27 25 29 22 18 19 29 31 34 31 30 26 28 26 27 29 33 31 31 34 36 29 36 35 35 32 32 32 32 33 33 32 31 32 32 30 30 30 32 28 32 30 31 31 33 28 29 30 32 31 32 33 29 29 31 31 31 28 35 35 31 35 32 31 32 32 33 34 32 31 35 35 37 36 35 35 35 34 35 33 34 36 37 38 38 42 46 44 44 43 40 39 41 42
42 36 30 23 23 20 26 16 15 21 24 20 26 24 19 23 24 31 31 27 34 36 32 40 34 35 32 32 32 32 33 32 32 31 31 33 32 32 31 35 34 32 33 34 30 33 32 31 33 32 33 33 32 32 30 27 29 29 32 29 32 34 36 38 35 32 34 32 31 34 34 34 36 36 35 35 36 38 35 36 37 36 34 37 38 39 39 46 46 44 43 43 40 42 43 41
44 40 35 33 25 25 29 20 22 23 12 26 20 29 17 23 20 25 23 27 25 22 28 37 37 36 33 32 30 33 33 31 30 32 29 33 32 33 35 35 35 31 33 33 32 32 35 29 33 34 34 32 30 29 30 27 32 29 32 29 33 35 34 37 37 30 34 34 30 32 35 34 34 35 35 35 35 38 37 36 37 36 36 38 41 40 42 45 46 46 46 45 43 44 45 42
46 41 38 43 37 36 39 19 31 32 24 35 36 31 34 34 26 25 20 27 33 24 22 30 33 33 32 32 30 32 30 32 32 32 31 30 33 34 34 37 35 35 35 33 32 33 32 33 32 35 33 33 30 30 28 33 30 32 31 33 30 32 33 35 35 34 36 35 33 31 32 34 32 32 33 33 35 37 39 38 40 39 40 39 42 42 46 44 46 46 45 46 45 45 45 45
50 41 47 37 38 31 24 27 31 33 37 41 36 32 37 37 40 34 33 32 34 29 33 25 31 30 30 28 28 28 28 30 32 30 30 35 36 33 33 33 35 34 35 36 36 35 32 31 34 32 34 32 31 33 28 30 33 32 34 31 30 34 34 33 35 35 37 37 35 34 34 33 34 37 34 34 35 35 37 40 40 41 41 43 45 44 48 50 51 44 47 48 47 44 46 47
48 46 40 35 27 28 41 27 37 30 38 36 42 42 40 33 35 38 31 30 35 36 30 32 23 20 23 21 25 24 27 29 31 35 36 35 40 38 33 34 34 33 35 36 38 36 33 30 30 30 32 33 31 29 31 33 31 33 32 30 30 33 33 33 33 36 39 38 35 37 37 36 38 37 37 35 36 38 37 38 40 42 43 46 48 47 53 55 60 50 49 50 48 50 48 44
54 49 46 34 41 48 50 39 33 28 38 28 30 40 42 41 38 40 34 38 34 35 35 30 30 29 20 21 27 29 30 28 35 33 35 38 40 36 36 37 36 34 33 36 35 36 33 32 30 32 33 33 28 34 33 33 33 31 33 30 29 30 30 32 34 34 36 38 37 37 37 38 40 38 40 36 40 37 39 40 42 47 47 48 48 49 54 56 56 52 49 46 51 54 50 42
53 50 39 31 37 48 53 45 34 31 33 34 42 43 35 41 40 42 40 41 36 32 33 35 33 30 27 20 29 29 32 35 37 37 36 40 39 38 39 38 34 33 33 33 33 35 35 32 33 29 28 31 33 32 32 32 32 32 31 31 29 30 30 32 33 33 35 36 37 37 37 37 40 40 42 37 36 39 38 40 41 44 45 47 50 52 53 50 52 49 49 47 51 51 47 50
41 44 34 52 51 52 52 48 37 45 35 41 45 41 43 45 43 44 43 42 40 33 37 38 35 33 31 24 23 23 27 33 38 41 40 38 38 42 40 38 37 35 34 33 35 38 35 37 34 31 31 33 35 31 31 33 32 32 30 30 28 31 28 32 33 33 36 34 34 35 35 35 40 42 42 43 38 38 40 42 42 46 47 53 55 53 53 54 52 49 46 44 48 48 45 54
55 40 37 55 46 51 54 53 55 50 41 45 41 46 47 45 45 47 45 42 38 35 38 40 37 33 31 31 29 27 32 36 38 41 39 36 38 40 40 39 39 37 34 34 34 34 36 36 33 33 31 34 34 33 30 31 33 31 32 31 28 33 33 31 33 35 35 32 33 34 37 38 37 38 41 43 41 39 41 44 47 46 50 55 53 51 52 53 49 48 44 45 45 43 51 55
46 45 48 40 40 45 57 55 58 50 45 47 41 51 47 48 47 45 40 38 35 33 36 39 37 36 33 33 31 34 32 35 38 36 35 37 36 37 38 40 39 37 35 35 36 36 35 33 33 31 29 37 37 33 31 31 32 30 30 29 28 33 33 33 33 30 33 35 37 33 37 38 42 40 41 43 40 41 41 43 47 51 56 53 53 53 50 47 47 46 45 46 47 48 52 51
50 56 48 47 48 42 51 53 58 54 49 34 48 47 48 47 48 44 43 42 42 38 47 41 37 35 31 29 25 29 37 31 35 34 33 40 38 36 40 42 38 38 36 37 36 36 33 32 33 33 32 35 36 33 31 30 31 30 31 26 26 28 35 35 32 33 36 36 37 34 37 38 42 43 40 43 41 42 45 43 48 53 54 52 53 55 54 47 50 49 43 45 50 51 53 55
51 42 43 45 52 46 47 42 48 58 55 45 45 37 43 45 43 39 39 41 43 42 42 45 38 36 36 36 31 33 39 40 39 40 37 44 40 41 41 42 41 39 36 37 40 36 34 34 32 31 30 33 34 32 32 32 30 25 27 26 29 30 32 34 32 36 38 39 37 35 37 40 43 43 42 45 41 43 45 47 52 51 54 52 52 54 52 47 52 50 48 50 50 54 53 56
64 56 60 52 49 44 57 55 45 58 52 49 50 50 40 45 45 44 42 48 51 48 45 47 46 42 38 41 32 32 34 39 38 41 42 43 44 42 39 42 42 39 38 40 40 40 38 35 36 36 35 33 34 33 32 29 27 26 26 27 31 29 33 35 34 36 38 38 35 36 36 38 42 44 42 46 41 45 48 50 55 51 53 54 51 50 51 53 56 60 57 53 54 57 56 57
68 67 62 54 53 54 56 58 58 53 55 58 50 60 54 46 44 47 49 51 52 47 45 48 46 46 44 42 34 33 34 39 40 37 42 42 44 46 42 42 42 41 39 38 41 41 38 41 39 36 36 30 33 33 29 27 25 26 26 30 33 31 33 36 37 33 36 40 37 37 39 40 43 42 44 42 43 44 49 52 53 53 52 52 54 52 56 57 59 62 62 61 59 53 60 59
65 58 60 43 48 57 53 60 58 55 58 50 51 54 55 49 46 47 61 56 52 52 52 48 46 46 44 41 40 34 38 44 44 42 44 42 45 48 44 44 44 42 40 40 42 42 38 36 41 38 33 31 30 31 27 29 30 28 30 33 32 31 35 37 37 36 39 37 36 36 38 43 43 44 46 43 47 47 52 52 53 55 56 52 54 56 57 59 63 65 65 67 62 56 66 61
58 58 51 60 60 50 60 53 61 56 52 56 62 59 60 53 49 52 54 58 52 53 53 51 49 47 44 39 37 44 44 44 44 46 45 44 48 48 46 47 47 43 40 41 41 43 40 37 37 38 34 33 33 29 31 33 33 29 30 34 34 33 34 36 38 36 40 38 37 39 42 45 45 46 48 45 50 50 52 53 51 53 54 55 59 60 62 60 63 68 69 72 67 60 73 68
71 65 66 62 71 56 65 58 60 60 59 63 63 62 60 59 51 61 62 63 60 55 52 53 51 49 45 40 38 47 46 46 49 49 48 49 48 51 50 52 47 43 43 41 43 43 43 39 37 37 35 34 34 31 33 34 34 33 34 36 36 33 36 39 41 39 40 44 40 38 44 47 47 49 50 50 53 52 52 55 57 54 55 57 59 62 65 64 66 68 71 70 69 65 69 66
74 71 71 63 63 72 69 61 64 68 71 64 64 60 59 54 67 66 64 63 61 57 54 53 49 51 42 45 47 45 48 51 50 50 48 49 50 51 50 50 48 46 46 46 44 45 45 43 40 39 37 35 33 32 32 33 35 35 33 33 38 37 38 38 40 40 42 44 46 45 45 45 46 48 52 49 52 54 54 55 56 55 60 61 62 60 64 68 69 70 68 71 70 70 64 66
77 74 76 73 71 69 74 71 65 76 71 68 64 62 58 56 60 66 66 65 61 58 57 55 49 47 45 44 49 50 53 50 50 48 47 48 52 49 50 48 50 53 47 46 45 44 41 42 41 42 43 39 33 37 35 35 32 33 33 36 36 35 36 38 37 40 38 39 42 46 45 47 49 51 52 52 52 54 55 59 60 59 59 62 64 60 66 64 66 73 73 73 72 73 68 68
79 75 75 74 74 74 71 78 74 78 72 70 63 63 66 65 62 64 70 67 63 63 55 50 51 44 49 42 49 50 53 49 50 48 46 50 51 50 46 48 51 50 49 46 43 43 41 40 40 43 42 39 35 32 32 29 29 31 34 32 34 34 34 36 39 37 39 39 43 49 46 49 54 53 57 56 56 55 57 60 62 62 61 65 67 61 63 69 73 74 74 74 73 71 68 68
80 76 74 75 70 73 71 73 76 73 79 70 74 72 70 66 68 72 66 70 67 63 55 53 49 53 46 51 53 56 50 53 49 49 47 48 47 48 45 51 50 50 48 48 46 43 41 41 41 41 41 40 35 37 36 35 36 32 31 32 33 32 34 37 38 37 38 40 42 44 42 48 55 57 60 58 57 57 60 63 65 67 66 66 66 67 65 67 71 73 74 75 -999 -999 -999 -999
78 74 76 73 69 74 72 72 76 73 74 77 74 77 77 70 72 70 71 68 69 68 58 59 50 50 48 56 56 56 50 47 48 45 45 47 46 46 50 50 46 49 48 47 47 47 43 45 43 37 37 37 39 35 36 34 36 36 36 35 33 33 37 34 36 39 40 39 42 44 49 50 56 59 62 60 58 58 60 59 60 64 68 64 66 69 70 72 -999 -999 -999 -999 -999 -999 -999 -999
69 70 73 72 72 74 69 71 73 71 79 77 73 76 77 75 73 74 73 70 68 62 63 65 55 56 48 54 57 53 45 43 47 50 43 42 47 48 49 45 47 46 45 48 45 46 48 47 45 44 38 40 37 35 39 35 35 39 39 35 38 32 34 36 38 38 41 43 46 48 50 53 57 60 60 58 61 60 58 56 56 60 64 66 69 -999 -999 -999 -999 -999 -999 -999 -999 -999 -999 -999
72 73 68 68 74 74 68 71 67 77 72 73 77 74 77 75 70 72 72 68 68 64 65 61 59 58 49 52 56 48 54 53 52 53 50 43 43 46 43 44 41 43 47 47 46 45 47 48 44 45 41 39 39 40 41 39 39 38 40 40 38 35 38 36 38 38 41 42 44 46 49 53 56 61 63 63 63 63 64 64 63 57 62 60 -999 -999 -999 -999 -999 -999 -999 -999 -999 -999 -999 -999
73 80 67 73 74 73 64 72 69 76 73 74 74 70 73 71 72 73 70 66 64 67 60 59 62 58 53 51 50 55 53 56 57 55 53 48 46 48 47 44 43 48 48 48 48 46 47 48 45 45 40 36 37 37 47 43 39 37 40 41 39 39 33 39 40 40 38 40 42 43 48 50 53 62 62 66 66 64 64 62 65 62 64 -999 -999 -999 -999 -999 -999 -999 -999 -999 -999 -999 -999 -999
73 74 70 73 72 73 74 72 76 74 72 79 72 81 72 69 66 69 70 70 66 61 60 54 54 54 50 58 53 59 59 56 60 56 50 49 46 43 50 47 48 48 48 50 48 45 47 47 43 39 40 39 36 36 41 42 40 38 40 43 40 37 37 36 36 35 38 41 44 41 45 50 59 61 60 63 70 64 58 62 63 61 71 -999 -999 -999 -999 -999 -999 -999 -999 -999 -999 -999 -999 -999
71 71 67 74 73 68 66 69 74 76 72 78 69 81 65 58 68 71 72 73 68 65 64 64 61 58 52 59 57 59 59 60 61 60 55 52 43 47 47 48 47 48 45 48 45 47 45 46 43 39 43 42 39 41 43 42 42 39 43 43 39 38 40 35 35 41 43 43 44 44 48 50 55 56 59 65 64 64 58 56 57 60 67 65 -999 -999 -999 -999 -999 -999 -999 -999 -999 -999 -999 -999
79 75 77 77 77 69 70 74 70 77 71 75 72 75 64 68 71 71 73 72 74 71 66 67 62 58 50 54 55 63 62 60 60 60 55 58 54 43 43 48 50 48 47 48 45 45 48 48 40 45 44 43 42 42 43 48 46 43 42 44 43 44 41 36 34 40 40 42 42 42 44 49 50 57 57 56 60 62 60 62 65 68 -999 -999 -999 -999 -999 -999 -999 -999 -999 -999 -999 -999 -999 -999
86 81 80 64 76 63 62 73 72 75 76 67 64 72 61 70 71 71 70 69 75 69 64 62 61 56 54 59 61 60 54 64 61 63 60 58 58 54 50 47 47 49 47 47 45 48 47 48 48 44 42 47 44 41 43 47 47 46 45 41 46 43 39 40 41 41 36 40 40 42 43 48 50 50 51 58 57 60 58 61 64 -999 -999 -999 -999 -999 -999 -999 -999 -999 -999 -999 -999 -999 -999 -999
76 81 76 77 72 70 60 68 68 70 76 76 70 69 66 66 68 62 69 73 75 72 66 65 63 60 56 56 57 59 65 63 63 65 62 60 56 54 51 47 47 45 47 45 49 50 47 47 48 49 44 43 46 44 46 45 46 48 48 45 44 47 45 44 45 45 40 38 42 45 47 50 50 49 52 57 60 61 61 57 62 -999 -999 -999 -999 -999 -999 -999 -999 -999 -999 -999 -999 -999 -999 -999
71 71 74 71 69 59 70 72 69 72 75 70 66 70 65 67 71 72 66 69 73 73 70 66 61 65 65 66 57 64 64 65 62 61 65 60 56 53 53 47 49 50 45 47 46 45 47 50 50 49 47 46 44 45 43 45 45 47 47 47 48 47 45 47 43 43 41 41 41 43 43 44 46 46 51 51 52 53 53 -999 -999 -999 -999 -999 -999 -999 -999 -999 -999 -999 -999 -999 -999 -999 -999 -999
64 68 69 72 72 65 68 63 68 76 70 77 73 66 68 72 72 71 74 71 72 74 72 65 65 67 71 68 59 61 62 67 61 63 63 58 60 55 50 50 51 48 48 47 50 48 50 51 50 50 50 50 48 46 42 44 44 45 47 48 48 -999 -999 46 43 44 44 42 38 38 43 40 43 47 48 48 46 51 -999 -999 -999 -999 -999 -999 -999 -999 -999 -999 -999 -999 -999 -999 -999 -999 -999 -999
64 66 67 62 58 71 67 66 73 73 74 79 72 73 66 72 67 66 65 73 76 72 74 74 72 67 66 64 60 60 62 62 60 63 63 61 58 55 55 50 51 49 51 50 49 48 49 50 49 50 49 50 48 47 47 48 49 45 46 49 48 -999 -999 46 46 48 46 41 44 43 40 40 41 43 44 46 46 50 -999 -999 -999 -999 -999 -999 -999 -999 -999 -999 -999 -999 -999 -999 -999 -999 -999 -999
66 63 68 58 61 68 60 69 72 66 70 77 75 67 73 75 69 79 78 72 78 79 77 70 68 68 68 64 63 67 64 58 62 60 61 64 63 57 56 53 50 50 50 49 48 51 50 47 49 47 49 51 49 47 46 48 50 49 46 46 48 -999 -999 -999 49 46 46 41 45 44 46 44 48 48 47 47 50 50 -999 -999 -999 -999 -999 -999 -999 -999 -999 -999 -999 -999 -999 -999 -999 -999 -999 -999
69 63 69 58 70 56 62 65 71 65 67 79 70 71 83 79 79 73 70 78 72 71 74 72 71 67 63 63 64 69 64 60 63 62 65 67 61 58 55 53 55 50 53 50 48 49 48 48 49 49 50 52 49 50 48 49 50 49 48 47 -999 -999 -999 -999 50 49 45 45 41 44 46 46 44 47 46 49 52 51 -999 -999 -999 -999 -999 -999 -999 -999 -999 -999 -999 -999 -999 -999 -999 -999 -999 -999
64 60 72 58 62 68 68 61 74 67 79 76 81 80 82 77 74 75 84 77 73 71 74 72 67 71 68 73 70 67 65 62 68 64 66 66 64 63 60 57 54 50 50 50 50 48 47 50 51 50 49 48 48 47 50 52 52 49 50 48 -999 -999 -999 -999 51 50 41 46 46 41 45 42 42 44 47 50 -999 -999 -999 -999 -999 -999 -999 -999 -999 -999 -999 -999 -999 -999 -999 -999 -999 -999 -999 -999
58 64 71 66 57 67 61 62 70 72 65 72 73 80 79 72 75 77 74 69 71 74 73 74 70 69 72 74 71 68 63 69 70 67 67 66 67 66 61 58 56 54 52 52 48 50 50 48 47 47 48 49 49 49 50 50 50 48 50 48 -999 -999 -999 -999 50 47 46 41 44 42 40 44 46 46 46 -999 -999 -999 -999 -999 -999 -999 -999 -999 -999 -999 -999 -999 -999 -999 -999 -999 -999 -999 -999 -999
56 61 71 65 55 67 63 72 65 60 73 68 71 79 73 73 75 66 74 76 76 72 72 75 78 76 74 74 69 69 65 71 70 69 67 69 66 65 60 53 55 54 55 55 50 55 50 50 52 52 50 50 51 50 48 51 49 49 -999 -999 -999 -999 -999 -999 -999 -999 -999 -999 44 42 39 42 43 49 46 -999 -999 -999 -999 -999 -999 -999 -999 -999 -999 -999 -999 -999 -999 -999 -999 -999 -999 -999 -999 -999
55 56 59 63 54 65 60 60 65 63 66 70 76 79 71 73 65 73 77 75 73 71 75 70 77 77 72 76 74 72 71 67 70 73 71 67 64 61 59 56 55 57 55 53 50 50 51 53 54 52 51 50 52 50 48 49 48 50 -999 -999 -999 -999 -999 -999 -999 -999 -999 -999 41 41 38 42 46 46 44 -999 -999 -999 -999 -999 -999 -999 -999 -999 -999 -999 -999 -999 -999 -999 -999 -999 -999 -999 -999 -999
