grids/precipitation/dec/RSMS_12_1881_01.asc
NCOLS 654
NROWS 866
XLLCORNER 3280414.711633467
YLLCORNER 5237500.62890625
CELLSIZE 1000
NODATA_VALUE -999
[rows 371 to 423 of 866, columns 0 to 95 of 654]
-999 -999 -999 -999 -999 -999 -999 -999 -999 -999 -999 -999 -999 -999 -999 49 49 49 50 50 50 50 50 49 48 48 48 49 48 48 48 50 50 50 49 50 50 50 50 52 52 52 52 53 53 53 52 51 50 49 49 47 46 48 49 50 50 52 52 53 53 54 55 55 55 56 56 56 56 55 56 56 56 57 58 58 59 60 59 59 60 60 60 59 59 60 59 58 58 58 58 59 61 61 65 68
-999 -999 -999 -999 -999 -999 -999 -999 -999 -999 -999 -999 -999 -999 49 49 49 49 49 50 50 50 49 48 48 47 49 48 48 48 49 49 50 50 49 50 51 51 54 52 52 52 53 54 54 53 52 51 50 50 50 48 48 48 49 50 51 51 52 53 53 53 55 55 55 55 55 56 55 56 56 57 56 57 58 58 59 60 58 59 60 60 60 59 59 59 58 58 58 58 58 60 62 63 64 67
-999 -999 -999 -999 -999 -999 -999 -999 -999 -999 -999 -999 -999 -999 -999 49 49 49 49 50 50 49 49 48 48 48 47 47 48 48 48 50 50 49 50 51 53 51 51 52 52 53 54 54 54 53 52 52 51 50 49 48 48 48 50 50 51 52 52 53 53 53 53 55 53 55 54 55 55 55 55 55 55 56 56 58 58 58 58 59 59 59 59 58 58 58 58 58 58 58 58 60 63 63 63 66
-999 -999 -999 -999 -999 -999 -999 -999 -999 -999 -999 -999 -999 -999 -999 -999 -999 -999 49 49 49 49 49 48 48 47 47 47 47 47 48 49 48 48 50 52 53 52 52 52 52 54 54 55 54 53 53 52 51 50 50 49 49 48 50 50 51 52 52 53 53 53 53 53 53 53 55 55 54 55 55 55 56 56 57 57 58 58 59 59 59 60 59 59 58 59 58 59 59 58 59 58 61 62 64 64
-999 -999 -999 -999 -999 -999 -999 -999 -999 -999 -999 -999 -999 -999 -999 -999 -999 -999 -999 47 47 47 47 47 47 47 47 47 47 47 48 48 48 48 50 52 53 52 52 54 53 54 54 54 53 53 53 52 52 51 50 50 50 50 51 51 52 52 53 53 53 53 53 53 53 53 53 55 55 55 55 57 57 56 56 56 57 58 58 60 59 59 58 59 58 58 58 58 58 58 60 60 61 62 61 62
-999 -999 -999 -999 -999 -999 -999 -999 -999 -999 -999 -999 -999 -999 -999 -999 -999 -999 -999 47 47 47 47 47 47 47 47 47 47 47 47 49 48 48 50 54 54 51 51 52 53 53 54 56 53 53 52 52 52 51 51 50 50 50 51 51 52 52 53 53 53 53 53 53 53 53 53 55 55 56 55 57 57 58 57 60 58 58 58 58 58 60 59 58 59 59 59 58 58 59 59 59 59 60 61 61
-999 -999 -999 -999 -999 -999 -999 -999 -999 -999 -999 -999 -999 -999 -999 -999 -999 -999 -999 46 46 45 46 46 46 46 47 47 47 47 47 47 47 48 50 53 56 52 52 53 54 55 55 55 55 53 52 52 52 52 52 51 50 50 52 51 52 53 53 53 53 53 53 53 53 53 53 55 55 55 55 57 57 58 59 60 58 58 58 58 59 59 59 58 59 59 58 61 61 60 60 61 60 60 59 60
-999 -999 -999 -999 -999 -999 -999 -999 -999 -999 -999 -999 -999 -999 -999 -999 -999 -999 45 45 45 46 46 46 46 46 46 47 47 47 47 47 49 49 49 52 54 54 54 54 52 53 54 56 53 52 52 52 52 52 52 51 51 52 52 52 53 53 53 53 53 53 53 53 53 55 55 57 58 55 55 56 58 60 60 58 59 58 58 59 59 59 58 59 59 59 60 60 60 61 61 61 61 61 61 61
-999 -999 -999 -999 -999 -999 -999 -999 -999 -999 -999 -999 -999 -999 -999 -999 -999 -999 44 45 44 45 45 46 46 46 46 47 47 48 48 48 48 49 49 50 51 53 53 54 52 52 52 52 52 52 52 52 52 52 52 53 53 53 53 53 53 53 53 53 53 53 56 56 56 55 57 57 55 55 57 57 58 58 58 58 58 58 58 58 58 58 58 58 58 59 60 60 62 63 60 60 62 62 62 62
-999 -999 -999 -999 -999 -999 -999 -999 -999 -999 -999 -999 -999 -999 -999 -999 -999 -999 45 45 45 45 46 46 45 46 46 47 47 47 48 48 48 48 49 49 50 50 51 52 52 52 52 52 52 52 52 52 52 52 52 53 53 53 53 53 53 53 53 53 53 53 53 56 56 56 56 56 55 56 57 58 58 59 58 59 58 58 58 58 58 58 58 58 60 60 61 63 62 63 62 63 64 64 63 62
-999 -999 -999 -999 -999 -999 -999 -999 -999 -999 -999 -999 -999 -999 -999 -999 -999 -999 -999 44 45 44 45 45 45 45 46 46 47 48 47 48 48 49 49 49 49 49 50 50 52 52 52 52 52 52 52 52 52 52 53 53 53 53 54 53 53 53 53 53 53 53 53 54 55 55 55 56 56 58 58 58 58 59 58 59 58 59 60 58 58 58 58 58 60 60 61 60 62 63 64 65 64 63 63 64
-999 -999 -999 -999 -999 -999 -999 -999 -999 -999 -999 -999 -999 -999 -999 -999 -999 -999 -999 -999 45 45 45 45 45 45 46 46 47 48 48 48 48 48 49 49 50 50 50 51 51 52 52 52 52 52 52 52 53 53 53 53 53 54 54 54 54 54 53 53 53 53 53 53 55 56 55 57 57 56 58 58 58 58 59 58 57 59 60 57 58 58 59 58 58 59 59 60 62 63 66 62 63 62 62 60
-999 -999 -999 -999 -999 -999 -999 -999 -999 -999 -999 -999 -999 -999 -999 -999 -999 -999 -999 -999 -999 45 46 46 46 46 46 46 46 47 48 48 48 49 49 50 50 50 51 52 52 53 53 53 54 53 53 53 52 53 53 53 53 53 53 54 55 54 53 54 53 53 53 53 53 56 57 57 56 55 56 57 58 58 58 58 57 57 58 58 58 59 59 58 59 60 60 61 61 65 63 62 63 61 61 60
-999 -999 -999 -999 -999 -999 -999 -999 -999 -999 -999 -999 -999 -999 -999 -999 -999 -999 -999 -999 -999 -999 46 46 46 46 46 46 46 46 47 48 48 48 49 50 50 50 51 51 52 52 53 54 54 55 53 52 52 52 53 53 53 53 53 54 55 54 53 53 53 53 53 52 53 55 55 55 55 56 56 57 58 58 58 57 56 58 58 59 59 60 59 58 59 60 60 61 60 60 63 63 62 62 60 60
-999 -999 -999 -999 -999 -999 -999 -999 -999 -999 -999 -999 -999 -999 -999 -999 -999 -999 -999 -999 -999 -999 -999 46 47 46 46 46 46 47 48 48 49 48 49 50 50 50 51 51 52 52 53 54 54 54 55 53 53 53 53 52 53 53 53 53 54 54 54 54 53 53 53 53 55 55 53 54 55 55 56 57 58 58 57 56 57 58 58 58 59 60 59 58 58 61 60 61 60 60 63 65 62 62 60 60
-999 -999 -999 -999 -999 -999 -999 -999 -999 -999 -999 -999 -999 -999 -999 -999 -999 -999 -999 -999 -999 -999 -999 46 46 48 48 47 47 47 47 47 48 50 50 50 51 51 50 50 51 52 53 53 53 55 55 55 54 53 53 53 52 53 53 54 54 54 54 54 53 53 52 53 53 53 55 56 55 56 57 57 57 57 57 55 55 55 56 58 58 58 59 59 60 60 60 59 60 60 61 62 61 61 60 59
-999 -999 -999 -999 -999 -999 -999 -999 -999 -999 -999 -999 -999 -999 -999 -999 -999 -999 -999 -999 -999 -999 -999 -999 47 47 47 46 47 47 48 48 48 49 50 50 50 50 50 51 51 51 53 54 54 54 55 55 53 53 53 53 52 52 53 53 53 53 54 53 54 53 53 53 53 53 54 55 57 57 57 57 57 56 57 55 55 55 55 56 57 58 58 56 58 58 58 58 57 58 59 59 58 58 58 58
-999 -999 -999 -999 -999 -999 -999 -999 -999 -999 -999 -999 -999 -999 -999 -999 -999 -999 -999 -999 -999 -999 -999 -999 -999 47 47 48 48 48 48 48 48 48 49 50 50 50 50 51 51 51 52 53 54 54 55 55 53 53 53 52 51 51 52 53 53 53 53 53 53 54 53 53 53 53 54 55 55 57 58 58 58 58 57 56 55 55 55 56 56 56 56 57 56 57 57 58 57 57 57 57 57 57 58 57
-999 -999 -999 -999 -999 -999 -999 -999 -999 -999 -999 -999 -999 -999 -999 -999 -999 -999 -999 -999 -999 -999 -999 -999 -999 -999 48 48 48 48 48 48 48 48 49 49 50 50 50 51 51 51 52 53 53 54 54 53 53 53 53 52 52 52 53 52 53 53 53 53 53 54 53 53 53 53 53 53 55 56 58 58 58 58 56 56 56 56 57 55 55 56 56 55 56 56 55 55 57 57 56 57 57 57 57 58
-999 -999 -999 -999 -999 -999 -999 -999 -999 -999 -999 -999 -999 -999 -999 -999 -999 -999 -999 -999 -999 -999 -999 -999 -999 -999 48 48 48 48 48 48 48 48 48 49 50 50 50 50 50 52 52 52 53 53 53 53 53 53 53 53 53 53 53 53 53 53 53 53 53 53 53 53 53 53 53 53 53 54 56 58 58 59 58 57 58 57 56 56 55 55 56 55 55 55 55 55 56 56 56 56 56 56 56 56
-999 -999 -999 -999 -999 -999 -999 -999 -999 -999 -999 -999 -999 -999 -999 -999 -999 -999 -999 -999 -999 -999 -999 -999 -999 -999 47 47 48 48 48 48 48 48 48 49 49 50 50 51 51 52 52 52 52 53 53 53 53 53 53 54 54 54 53 53 53 53 53 53 53 54 54 53 53 53 53 53 53 54 55 58 58 58 58 59 57 55 55 55 55 55 55 55 55 55 55 54 55 56 57 56 56 56 56 57
-999 -999 -999 -999 -999 -999 -999 -999 -999 -999 -999 -999 -999 -999 -999 -999 -999 -999 -999 -999 -999 -999 -999 -999 -999 -999 47 47 48 48 48 48 48 48 48 49 49 49 50 51 51 51 52 52 52 52 53 54 53 53 54 55 54 54 53 53 53 53 53 53 53 53 53 53 53 53 53 52 53 54 55 56 58 57 56 58 58 55 54 55 55 55 55 55 55 55 55 55 55 55 55 54 55 56 57 60
-999 -999 -999 -999 -999 -999 -999 -999 -999 -999 -999 -999 -999 -999 -999 -999 -999 -999 -999 -999 -999 -999 -999 -999 -999 -999 46 47 48 48 48 47 48 48 48 48 49 50 50 51 52 52 52 52 52 52 53 53 53 53 55 54 54 55 55 53 53 53 53 53 53 53 53 53 53 53 53 53 53 54 54 55 55 57 58 55 54 54 54 55 55 55 55 55 55 55 55 55 55 56 55 55 57 56 57 58
-999 -999 -999 -999 -999 -999 -999 -999 -999 -999 -999 -999 -999 -999 -999 -999 -999 -999 -999 -999 -999 -999 -999 -999 -999 -999 -999 46 46 46 47 47 47 48 48 48 48 50 50 50 51 51 53 53 52 53 52 53 54 55 54 55 55 55 55 54 55 54 54 53 53 53 53 53 53 53 53 53 54 55 55 55 55 54 53 54 54 54 55 54 53 55 55 56 55 55 55 55 56 56 56 55 55 55 55 56
-999 -999 -999 -999 -999 -999 -999 -999 -999 -999 -999 -999 -999 -999 -999 -999 -999 -999 -999 -999 -999 -999 -999 -999 -999 -999 -999 46 46 46 46 47 46 47 48 49 49 50 50 50 50 51 52 54 52 53 53 53 53 55 55 55 55 55 55 54 54 54 54 54 54 54 53 54 54 53 53 54 55 54 55 56 55 55 55 55 54 54 53 55 55 55 55 55 55 55 55 55 55 55 55 54 54 55 55 55
-999 -999 -999 -999 -999 -999 -999 -999 -999 -999 -999 -999 -999 -999 -999 -999 -999 -999 -999 -999 -999 -999 -999 -999 -999 -999 44 46 46 46 46 47 46 46 48 49 49 49 50 50 50 50 52 54 51 52 53 54 55 54 55 55 55 55 54 54 54 54 53 54 54 54 53 53 53 54 53 54 54 55 56 58 57 56 58 57 56 56 55 53 54 55 56 56 56 56 56 56 56 56 55 55 55 54 54 55
-999 -999 -999 -999 -999 -999 -999 -999 -999 -999 -999 -999 -999 -999 -999 -999 -999 -999 -999 -999 -999 -999 -999 -999 -999 -999 43 46 46 45 46 46 46 47 48 49 49 49 50 50 50 51 54 51 52 52 53 53 54 54 55 55 55 54 54 54 54 54 54 54 54 54 55 53 54 54 55 55 55 55 56 57 57 57 58 60 58 56 56 55 55 56 57 56 59 60 57 56 57 57 56 55 55 55 55 55
-999 -999 -999 -999 -999 -999 -999 -999 -999 -999 -999 -999 -999 -999 -999 -999 -999 -999 -999 -999 -999 -999 -999 -999 -999 43 43 45 46 45 45 46 46 47 48 48 49 50 50 50 50 50 51 53 51 52 53 54 53 54 55 55 54 54 54 53 53 53 53 54 54 54 54 54 53 53 54 54 55 55 55 56 58 61 61 60 57 57 57 56 56 57 57 58 60 60 60 58 57 56 56 54 55 55 55 55
-999 -999 -999 -999 -999 -999 -999 -999 -999 -999 -999 -999 -999 -999 -999 -999 -999 -999 -999 -999 -999 -999 -999 -999 -999 43 43 46 47 46 46 47 48 48 48 49 49 50 50 50 50 50 51 53 52 53 53 54 54 54 55 55 54 54 53 53 53 53 53 54 53 53 54 53 53 53 53 54 54 54 55 57 59 60 60 58 57 59 59 58 58 59 60 59 59 59 59 59 60 59 58 54 54 53 52 54
-999 -999 -999 -999 -999 -999 -999 -999 -999 -999 -999 -999 -999 -999 -999 -999 -999 -999 -999 -999 -999 -999 -999 -999 -999 44 45 45 47 47 48 48 48 48 49 50 49 49 50 50 50 50 51 54 52 52 53 54 54 54 54 54 54 53 54 53 53 53 53 53 53 53 53 53 53 54 53 54 54 54 54 55 57 59 59 58 60 59 59 59 59 60 61 60 59 59 59 58 58 59 60 56 58 56 55 58
-999 -999 -999 -999 -999 -999 -999 -999 -999 -999 -999 -999 -999 -999 -999 -999 -999 -999 -999 -999 -999 -999 -999 -999 -999 45 45 47 48 48 49 48 48 49 50 50 50 50 50 50 50 50 51 55 52 53 53 53 54 54 54 54 54 53 53 53 53 53 53 53 53 53 53 53 54 55 55 56 55 55 55 54 55 59 60 62 61 60 60 62 60 61 61 58 55 55 55 57 59 60 58 58 56 58 58 58
-999 -999 -999 -999 -999 -999 -999 -999 -999 -999 -999 -999 -999 -999 -999 -999 -999 -999 -999 -999 -999 -999 -999 -999 -999 45 46 48 49 49 50 50 49 50 50 50 50 50 51 51 51 51 52 53 56 53 54 54 53 54 54 54 54 54 54 54 54 53 53 53 53 53 53 53 54 54 58 58 55 55 58 55 57 58 58 62 63 62 61 60 60 58 62 58 55 59 55 55 54 54 54 57 57 62 55 58
-999 -999 -999 -999 -999 -999 -999 -999 -999 -999 -999 -999 -999 -999 -999 -999 -999 -999 -999 -999 -999 -999 -999 -999 -999 47 47 48 53 50 50 50 50 50 50 50 50 50 51 51 52 52 52 53 54 56 56 54 54 54 54 54 54 54 54 53 54 54 54 55 54 54 53 52 53 53 55 56 58 58 59 54 55 60 62 60 61 62 62 61 62 62 60 61 55 58 59 60 58 56 54 60 55 53 53 52
-999 -999 -999 -999 -999 -999 -999 -999 -999 -999 -999 -999 -999 -999 -999 -999 -999 -999 -999 -999 -999 -999 -999 -999 -999 47 49 50 51 50 51 51 50 50 50 50 50 50 51 52 52 52 53 53 54 54 54 54 54 54 54 54 54 54 54 54 54 53 55 55 55 54 53 54 54 54 54 58 58 57 56 55 55 57 60 62 63 64 63 65 60 62 63 64 60 55 59 62 60 59 54 60 54 55 58 53
-999 -999 -999 -999 -999 -999 -999 -999 -999 -999 -999 -999 -999 -999 -999 -999 -999 -999 -999 -999 -999 -999 -999 -999 -999 -999 50 50 52 51 51 51 50 50 50 50 50 50 51 52 52 52 53 54 54 54 54 54 54 54 54 55 54 54 54 54 54 54 55 55 55 54 53 53 54 53 53 54 58 56 60 57 55 57 60 60 61 61 61 62 55 54 54 54 58 54 58 63 65 60 55 55 56 56 58 59
-999 -999 -999 -999 -999 -999 -999 -999 -999 -999 -999 -999 -999 -999 -999 -999 -999 -999 -999 -999 -999 -999 -999 -999 -999 -999 50 51 51 52 52 51 50 50 50 50 51 51 52 52 52 53 53 53 54 55 54 54 54 54 54 54 55 54 54 54 54 54 54 55 55 54 53 54 53 54 53 54 55 56 57 58 55 56 60 62 62 59 62 64 58 63 60 59 57 55 67 65 66 67 58 55 58 61 59 63
-999 -999 -999 -999 -999 -999 -999 -999 -999 -999 -999 -999 -999 -999 -999 -999 -999 -999 -999 -999 -999 -999 -999 -999 -999 -999 51 51 51 52 52 51 50 50 50 51 51 51 51 53 53 53 53 53 53 54 54 54 54 54 54 54 54 54 54 54 54 54 53 53 54 54 53 54 53 53 53 54 56 57 57 59 59 55 58 60 64 56 60 57 60 63 59 63 59 59 59 59 61 68 64 70 64 61 70 67
-999 -999 -999 -999 -999 -999 -999 -999 -999 -999 -999 -999 -999 -999 -999 -999 -999 -999 -999 -999 -999 -999 -999 -999 -999 51 51 50 50 53 52 52 50 50 51 51 51 51 52 53 53 53 53 53 53 53 54 54 54 54 54 54 54 54 53 54 54 54 53 53 54 53 54 54 54 53 54 55 56 57 58 58 60 55 55 58 59 57 55 62 66 68 65 65 65 66 61 62 64 64 67 62 67 64 60 67
-999 -999 -999 -999 -999 -999 -999 -999 -999 -999 -999 -999 -999 -999 -999 -999 -999 -999 -999 -999 -999 -999 -999 -999 52 52 51 51 50 51 52 52 52 50 51 51 51 51 52 53 53 53 53 53 53 54 55 55 54 54 54 54 54 54 54 54 54 54 53 55 54 53 54 54 55 55 54 55 56 56 57 58 60 61 61 55 56 57 62 66 69 70 70 67 68 70 72 70 65 60 68 71 66 65 68 63
-999 -999 -999 -999 -999 -999 -999 -999 -999 -999 -999 -999 -999 -999 -999 -999 -999 -999 -999 -999 -999 -999 -999 -999 52 52 52 50 51 53 53 53 53 51 51 51 51 52 53 53 53 53 53 53 54 55 56 56 54 54 54 54 54 54 54 54 54 54 54 55 54 54 55 54 54 54 55 55 55 56 58 59 60 63 64 59 67 64 62 62 68 68 68 72 70 74 74 72 65 72 71 67 66 70 71 70
-999 -999 -999 -999 -999 -999 -999 -999 -999 -999 -999 -999 -999 -999 -999 -999 -999 -999 -999 -999 -999 -999 53 53 53 53 52 50 51 52 54 55 53 52 51 52 52 52 52 53 53 53 53 55 55 56 56 56 56 56 54 53 53 53 54 54 54 54 54 53 53 53 55 54 54 55 54 55 56 57 58 60 61 64 61 59 68 65 66 71 75 73 73 73 75 75 75 67 67 72 75 71 70 76 72 74
-999 -999 -999 -999 -999 -999 -999 -999 -999 -999 -999 -999 -999 -999 -999 -999 -999 -999 -999 -999 -999 -999 53 53 53 53 52 51 51 51 52 55 53 52 52 52 52 52 52 53 53 53 53 55 55 56 56 56 56 56 54 53 53 53 54 54 54 54 53 54 54 54 54 54 54 54 54 55 55 56 58 60 62 64 66 68 67 67 70 69 72 74 74 73 74 75 65 69 78 68 76 72 66 75 74 80
-999 -999 -999 -999 -999 -999 -999 -999 -999 -999 -999 -999 -999 -999 -999 -999 -999 -999 -999 -999 -999 53 53 53 53 53 53 52 51 51 53 53 54 53 52 52 52 52 52 53 53 53 54 55 56 56 57 56 56 55 55 54 53 53 53 54 54 54 54 55 54 54 55 54 54 54 54 54 55 56 58 60 62 62 66 71 68 71 69 70 75 77 79 77 79 75 66 73 79 71 72 73 76 71 74 80
-999 -999 -999 -999 -999 -999 -999 -999 -999 -999 -999 -999 -999 -999 -999 -999 -999 -999 -999 -999 -999 53 54 53 53 54 53 52 53 52 53 53 54 54 52 51 51 51 52 52 53 53 54 54 55 56 56 55 55 55 55 54 53 53 53 53 54 54 54 54 53 53 54 53 53 54 55 54 55 57 60 58 64 62 66 64 69 67 68 73 74 74 79 80 79 76 74 74 75 73 78 76 76 80 76 74
-999 -999 -999 -999 -999 -999 -999 -999 -999 -999 -999 -999 -999 -999 -999 -999 -999 -999 -999 -999 53 53 54 55 55 55 53 53 53 52 53 52 52 54 52 52 50 51 51 52 52 52 53 53 53 55 54 53 54 54 55 54 54 53 53 53 53 53 54 54 54 53 53 53 53 54 54 54 55 56 57 59 61 64 64 67 65 68 67 68 68 72 72 76 80 76 73 75 76 78 84 78 80 85 81 82
-999 -999 -999 -999 -999 -999 -999 -999 -999 -999 -999 -999 -999 -999 -999 -999 -999 -999 -999 50 53 53 53 55 55 55 54 53 53 53 53 52 52 53 54 52 50 50 51 51 52 53 53 54 54 54 54 54 54 54 55 54 54 53 53 53 53 53 53 53 53 53 53 53 53 53 54 55 55 55 58 59 63 65 66 67 69 70 66 70 68 71 70 73 80 80 74 77 76 80 88 84 82 83 83 86
-999 -999 -999 -999 -999 -999 -999 -999 -999 -999 -999 -999 -999 -999 -999 -999 -999 -999 -999 51 53 53 53 54 55 54 54 53 53 53 53 52 52 51 53 53 50 50 50 51 52 52 54 54 54 54 54 54 54 54 54 54 54 54 53 53 53 53 53 53 54 54 54 53 53 54 53 54 55 56 59 60 63 64 64 64 64 67 69 70 70 70 75 76 80 79 80 79 80 82 83 89 84 89 88 82
-999 -999 -999 -999 -999 -999 -999 -999 -999 -999 -999 -999 -999 -999 -999 -999 -999 -999 50 51 52 52 53 53 53 53 53 53 53 52 52 53 52 51 50 53 50 49 50 50 51 53 53 54 54 54 54 54 54 54 54 53 54 54 53 53 53 53 53 53 54 54 54 53 53 54 54 54 55 56 58 60 60 62 66 67 67 68 69 70 71 72 75 75 80 80 78 83 85 85 87 84 82 82 84 80
-999 -999 -999 -999 -999 -999 -999 -999 -999 -999 -999 -999 -999 -999 -999 -999 -999 49 51 52 51 52 51 53 53 53 53 53 52 52 52 52 52 51 50 50 50 49 50 50 51 52 53 54 54 54 54 54 54 54 54 53 53 53 54 53 53 53 53 54 54 54 54 53 53 54 53 54 55 60 60 62 61 64 67 67 67 71 71 70 73 74 77 80 76 75 80 81 88 88 80 81 82 81 80 77
-999 -999 -999 -999 -999 -999 -999 -999 -999 -999 -999 -999 -999 -999 -999 -999 50 53 52 51 50 50 51 53 53 52 53 52 52 53 52 51 52 51 50 50 50 50 50 50 51 51 53 53 54 54 54 54 54 54 53 53 53 53 54 53 53 53 53 54 53 54 53 53 53 53 53 54 59 60 59 62 63 64 67 67 67 69 70 70 72 74 75 75 75 77 80 82 84 82 78 80 84 80 82 83
-999 -999 -999 -999 -999 -999 -999 -999 -999 -999 -999 -999 -999 -999 -999 50 52 52 49 49 49 49 49 51 51 52 51 52 53 53 52 52 51 52 50 50 50 50 50 51 52 52 53 53 53 54 54 54 54 54 53 53 53 53 53 53 53 53 53 53 53 53 53 53 53 53 53 54 57 58 59 62 61 64 64 67 68 69 69 69 70 72 77 72 76 80 81 81 84 76 78 82 82 85 95 83
-999 -999 -999 -999 -999 -999 -999 -999 -999 -999 -999 -999 -999 -999 -999 48 48 48 49 50 52 53 50 52 51 51 52 52 53 53 53 53 52 51 51 51 51 52 51 51 52 53 54 53 53 53 53 54 54 53 53 53 53 53 53 52 52 52 53 53 53 53 52 53 53 53 54 55 58 56 60 61 57 64 64 67 68 70 69 66 70 72 72 71 77 80 77 78 78 80 80 86 82 94 92 87
-999 -999 -999 -999 -999 -999 -999 -999 -999 -999 -999 -999 -999 -999 50 49 48 51 52 53 53 51 51 51 51 51 52 52 51 52 53 53 53 52 52 52 53 52 53 52 53 53 54 54 54 53 54 53 53 53 53 53 53 53 53 52 52 52 53 52 51 52 52 53 53 53 53 54 55 56 59 58 59 60 64 67 68 67 69 71 71 72 75 74 75 78 80 82 83 84 88 94 95 96 93 88
