grids/precipitation/dec/RSMS_12_1881_01.asc
NCOLS 654
NROWS 866
XLLCORNER 3280414.711633467
YLLCORNER 5237500.62890625
CELLSIZE 1000
NODATA_VALUE -999
[rows 371 to 423 of 866, columns 96 to 191 of 654]
70 63 62 61 62 59 59 59 59 61 62 63 62 62 62 62 61 62 62 62 62 62 62 62 61 62 62 60 59 57 57 55 55 55 58 57 55 54 55 55 56 58 58 56 56 56 56 57 56 56 56 56 56 56 56 56 56 58 58 56 55 54 55 54 54 55 56 55 54 55 54 54 53 53 55 54 54 54 54 54 53 53 54 54 52 53 53 54 53 53 53 53 53 53 53 53
67 65 64 62 61 60 59 59 60 60 62 63 62 62 61 61 61 62 62 60 62 60 59 59 59 60 60 59 59 58 54 54 55 55 56 57 56 56 55 54 57 57 56 55 54 54 54 54 54 54 54 53 53 53 54 56 56 56 55 55 55 55 53 53 54 54 54 54 53 53 53 53 53 53 53 53 53 53 53 53 53 53 54 52 52 52 53 53 53 53 53 53 53 53 52 53
69 67 64 63 63 60 60 59 59 60 62 62 62 62 61 61 62 60 61 60 61 60 60 59 60 59 57 59 59 56 53 52 53 55 56 56 57 56 54 54 54 54 54 53 53 53 53 53 53 53 52 53 53 53 54 54 54 54 53 53 55 54 53 53 54 53 53 53 53 53 53 53 53 52 52 53 53 53 53 53 53 53 52 52 52 52 51 52 53 53 53 53 53 52 52 53
65 67 66 61 62 61 59 59 59 59 60 61 61 62 62 61 59 59 59 63 62 62 59 59 59 58 59 59 57 55 54 53 53 54 53 54 53 54 54 54 54 54 53 53 53 53 53 53 52 52 52 52 51 52 53 53 53 53 52 52 53 52 51 52 52 53 53 53 53 52 53 53 52 51 52 51 52 51 52 51 51 51 51 51 52 51 51 51 51 52 51 51 52 51 51 53
64 67 67 61 62 61 60 59 59 59 59 59 61 62 61 60 59 59 59 62 62 62 62 62 61 61 59 59 57 54 56 56 55 54 53 53 53 53 54 54 54 54 53 53 51 52 52 52 51 51 53 52 52 53 53 53 52 52 51 51 50 50 50 50 52 52 53 52 53 53 53 52 51 51 51 51 50 51 51 51 50 51 51 52 51 51 51 51 50 51 51 50 50 50 52 52
62 66 67 64 64 61 62 60 60 59 59 59 59 59 59 58 58 59 59 58 60 60 62 63 62 59 59 56 55 54 54 53 53 51 53 53 54 54 54 54 54 54 53 51 51 52 51 50 51 51 53 53 52 52 52 52 52 52 52 50 50 50 50 50 50 50 52 50 52 51 52 51 50 50 50 50 50 50 50 50 50 50 51 52 52 52 52 50 50 50 50 50 51 50 51 52
61 61 62 61 61 59 61 61 61 60 59 59 59 59 57 56 56 56 58 60 59 61 62 62 62 61 57 56 55 54 53 52 51 52 53 53 54 54 54 54 54 53 53 52 52 50 50 50 50 51 51 52 53 53 52 51 51 50 50 50 50 50 50 50 50 50 50 50 50 50 50 51 50 49 50 50 50 50 50 50 50 51 51 52 53 52 50 50 51 50 50 49 50 51 52 52
61 61 60 58 58 58 58 58 58 59 59 59 58 58 57 56 56 55 60 60 59 61 58 58 58 58 55 54 54 53 52 52 52 52 53 53 53 53 53 53 53 53 53 53 50 51 50 50 50 50 50 50 51 53 52 52 50 49 49 49 50 49 50 50 49 50 50 50 50 49 48 49 49 50 50 50 50 51 51 52 52 52 53 53 53 52 51 50 50 50 50 50 50 51 51 52
61 60 60 59 58 56 57 56 57 58 58 59 58 58 57 55 55 54 56 56 55 60 59 58 55 54 55 54 53 53 53 51 51 51 52 52 52 52 52 52 52 53 53 52 51 51 51 49 48 48 49 49 49 49 50 50 50 50 50 48 48 48 49 50 50 50 50 50 50 50 50 50 50 50 50 49 49 50 52 52 52 53 53 53 52 52 51 50 50 50 50 50 50 50 51 51
63 63 59 58 58 58 56 57 58 58 58 61 61 58 57 55 55 54 54 54 54 55 55 54 55 54 53 53 54 54 53 51 51 52 52 53 53 53 52 51 50 51 53 52 53 53 50 49 48 48 48 48 48 48 50 50 50 49 48 48 48 49 49 49 49 50 50 50 50 50 50 50 50 50 50 50 50 49 50 52 52 53 53 52 52 52 50 50 50 50 49 50 50 50 51 53
65 63 60 58 57 55 55 55 57 58 58 61 60 58 55 57 54 54 53 54 54 55 54 54 54 53 53 54 55 54 53 53 53 53 52 52 53 52 51 52 51 51 51 53 54 53 52 49 49 48 47 47 48 48 48 48 49 49 49 48 48 48 48 48 49 50 50 50 50 50 48 49 50 50 50 50 50 50 50 50 52 53 53 52 52 51 49 50 50 50 50 51 53 51 51 53
61 60 58 56 55 54 53 55 55 56 56 58 59 57 55 56 53 52 52 53 53 55 54 54 53 53 52 52 55 53 52 53 54 51 52 52 51 51 50 50 50 50 52 53 53 52 50 49 48 47 46 47 48 48 48 48 48 48 49 48 48 48 49 50 49 49 50 49 48 49 49 48 49 49 50 49 49 50 50 51 51 52 52 50 50 50 49 48 50 50 52 52 52 52 53 53
59 60 58 55 55 54 53 55 54 54 55 55 57 56 55 53 53 52 51 51 52 53 53 52 53 52 53 50 50 51 52 53 52 51 50 50 50 50 51 50 52 52 53 52 49 50 48 47 48 47 46 47 48 48 48 48 47 48 48 48 48 48 47 48 48 48 50 48 48 48 48 48 48 48 50 48 48 49 50 50 51 51 51 49 49 48 50 48 50 50 50 51 51 53 53 53
58 58 57 55 54 55 54 55 54 54 54 55 55 55 54 53 52 50 52 52 52 52 53 52 52 52 51 50 50 53 50 50 50 50 50 50 50 50 52 52 53 52 51 50 49 48 48 48 48 48 48 49 49 48 47 47 48 48 48 49 48 48 48 48 49 49 47 48 48 48 48 47 48 48 49 49 49 50 50 50 51 52 50 50 49 50 50 49 50 52 51 52 52 54 55 55
59 58 56 55 54 55 54 54 55 54 53 54 53 53 51 50 51 50 50 50 51 51 52 52 52 52 51 51 50 50 50 50 50 50 49 49 50 50 52 51 51 49 48 49 50 50 49 48 48 48 47 48 48 49 47 47 47 47 48 50 50 48 49 48 49 48 48 47 48 47 48 47 48 48 49 48 50 50 51 52 53 52 52 51 50 50 49 49 51 52 50 53 55 55 55 57
58 56 57 55 54 54 54 54 54 54 53 53 53 51 50 49 48 46 45 48 49 50 51 52 52 52 51 51 50 50 50 51 50 50 50 50 50 50 50 49 49 48 48 48 48 50 50 49 47 47 47 47 48 49 48 48 48 47 47 48 48 49 49 48 48 47 47 46 46 46 46 47 48 48 50 50 50 52 53 53 52 51 52 50 51 50 48 49 52 52 52 55 57 57 55 51
57 56 55 55 55 56 55 55 55 55 54 53 53 51 49 48 48 45 46 49 50 50 52 54 54 52 52 51 50 50 50 50 51 50 50 50 50 50 50 50 49 49 49 48 49 50 48 48 48 48 48 47 48 48 48 48 47 47 48 48 48 47 48 48 47 47 47 46 46 45 47 48 49 50 49 51 51 52 52 53 53 50 52 51 51 51 51 51 54 55 55 56 57 51 52 55
57 57 55 55 55 55 57 56 58 57 55 54 53 50 49 48 49 50 50 50 50 50 53 53 52 52 50 50 50 50 50 50 50 50 50 50 50 50 51 50 50 49 49 50 50 48 48 48 49 49 48 47 47 48 48 48 48 48 48 48 48 48 48 48 48 49 48 46 46 46 48 50 50 51 51 53 53 53 54 54 51 53 53 52 53 54 52 53 55 56 56 58 57 52 54 57
58 58 58 57 57 56 56 60 62 59 56 55 53 52 48 47 50 48 50 50 50 50 50 51 51 51 50 50 50 50 50 50 50 50 50 50 50 52 51 50 50 50 50 50 50 48 48 48 48 48 48 48 48 48 50 50 49 48 48 48 49 49 49 49 50 48 48 48 48 48 49 50 51 50 53 55 55 55 55 53 55 54 54 54 55 54 55 54 57 56 57 58 53 52 54 58
57 57 58 60 61 58 61 61 62 62 57 54 53 51 49 48 49 49 50 50 49 50 50 51 52 51 50 51 50 50 50 50 51 51 51 50 52 52 52 52 52 52 51 50 49 49 49 49 48 49 48 49 49 49 50 50 50 50 49 50 50 50 51 51 51 50 50 51 51 52 50 52 54 53 55 56 56 56 56 54 56 54 55 56 57 55 57 56 58 58 58 54 52 53 59 60
57 58 59 61 62 62 61 59 59 57 55 55 54 53 50 50 50 50 49 50 50 50 51 51 52 52 51 51 51 50 53 54 54 54 54 54 54 55 56 56 54 55 54 53 52 52 52 50 50 52 51 52 52 51 52 52 52 52 51 51 52 52 52 52 52 52 53 53 54 52 54 55 54 56 56 57 57 58 55 56 57 57 56 58 58 58 58 60 55 53 52 54 54 51 55 55
62 63 62 62 60 61 60 61 59 58 57 55 53 53 51 50 51 51 51 51 50 51 52 52 52 52 54 54 55 54 55 55 55 56 57 56 56 58 59 58 59 58 56 54 54 54 54 52 52 53 54 55 54 53 52 52 53 54 53 53 54 52 54 54 55 55 55 55 55 56 56 57 56 55 58 58 58 57 58 56 58 59 59 59 59 60 61 58 60 56 53 56 57 57 56 52
60 62 62 61 61 59 61 61 60 57 55 55 53 53 50 52 52 52 51 52 52 55 55 56 57 57 56 57 56 54 56 58 56 59 58 60 57 63 61 61 62 62 60 56 58 58 56 57 56 56 56 56 56 56 55 54 55 55 55 55 56 56 56 58 56 58 58 58 58 59 60 58 60 60 58 58 60 60 58 60 59 61 60 61 61 62 60 60 57 56 56 52 56 58 58 57
57 58 60 61 58 58 57 60 57 57 54 55 56 55 52 54 55 55 54 57 56 57 57 57 58 58 58 56 55 55 55 60 56 62 62 63 58 62 65 64 62 62 61 61 57 59 58 55 57 57 59 58 57 55 57 55 56 56 57 56 57 57 58 59 59 60 59 60 61 61 61 62 61 58 60 62 62 63 63 63 62 63 63 63 61 61 60 60 59 58 58 53 56 58 60 60
55 59 59 57 56 56 57 57 55 52 54 55 55 56 56 52 54 56 55 56 56 54 53 54 54 54 54 55 56 56 58 58 61 64 62 62 58 62 62 58 55 55 58 55 58 53 50 49 51 54 53 56 56 57 59 59 58 57 56 57 60 59 61 62 63 62 61 61 63 60 60 60 63 63 64 63 64 62 62 62 61 62 60 59 60 60 60 61 62 61 56 56 52 57 58 59
56 57 58 55 55 55 54 57 55 53 55 57 58 57 52 51 52 52 52 53 53 52 57 52 54 56 56 58 59 61 62 60 60 60 56 60 61 63 63 63 57 53 55 51 51 51 50 55 50 56 57 57 60 54 55 52 55 51 54 57 56 55 58 58 56 58 60 62 59 60 61 62 62 61 59 64 60 62 63 62 64 64 60 60 60 59 58 60 62 60 61 58 57 55 58 55
56 56 57 56 52 52 51 53 55 56 58 60 59 56 50 54 55 52 53 54 54 55 56 54 58 60 61 62 60 58 56 54 56 58 58 56 61 61 57 57 53 52 51 51 53 53 58 57 50 54 58 61 62 57 55 55 54 57 53 53 54 54 54 56 56 56 58 58 61 57 63 62 57 58 58 60 60 58 58 60 59 60 60 59 59 56 57 60 61 62 62 62 59 57 59 54
56 55 54 53 54 54 51 55 56 58 61 58 55 54 52 53 54 52 56 56 55 55 56 60 60 58 57 55 57 55 54 52 52 51 53 51 53 53 53 52 52 52 52 53 54 53 53 55 50 53 60 62 58 54 55 61 60 55 55 54 57 57 61 62 61 62 56 56 55 57 58 60 65 60 66 65 63 61 64 63 61 60 60 58 59 57 61 57 59 61 60 63 63 61 57 58
55 56 56 54 53 57 52 58 58 62 57 53 50 49 50 54 56 56 59 57 60 62 62 56 53 53 55 54 53 53 52 56 55 52 52 51 51 51 51 53 53 54 55 56 55 57 56 57 52 54 51 57 52 54 53 58 58 60 55 55 55 54 56 59 64 64 62 60 57 60 60 60 62 63 65 67 66 63 62 65 63 62 65 64 62 64 59 64 61 60 64 65 65 61 61 59
58 59 59 57 51 56 53 58 56 58 54 52 50 48 56 59 60 62 64 64 63 58 55 53 50 50 51 51 52 53 53 55 56 56 57 54 53 52 52 55 60 60 65 59 58 59 57 58 58 54 51 54 52 58 60 58 60 60 58 61 58 60 63 62 59 67 66 65 65 66 62 64 65 66 64 67 65 65 65 66 67 64 62 60 63 66 62 63 65 67 61 65 63 63 62 63
57 54 56 51 51 54 53 56 57 57 58 61 56 54 61 59 62 66 68 61 59 56 54 51 49 50 51 53 55 57 55 55 55 57 56 55 55 55 55 55 57 68 66 64 57 60 60 58 57 57 52 54 57 60 61 60 66 65 60 58 64 58 67 70 62 62 60 61 60 62 61 60 66 68 69 66 65 67 69 69 69 69 65 65 62 61 61 66 65 67 65 63 69 64 69 61
62 61 52 52 52 52 56 56 61 62 65 67 68 66 66 67 72 67 63 68 63 55 56 53 53 56 57 58 58 59 58 55 57 56 55 57 56 56 55 56 61 58 59 61 58 61 61 58 61 60 54 52 52 54 57 62 66 65 59 61 67 67 64 63 61 63 64 63 65 64 64 60 63 62 67 69 64 68 67 67 70 66 70 64 61 68 66 64 61 67 69 67 63 65 64 64
57 56 52 56 56 61 65 54 59 61 63 73 73 71 62 62 71 70 68 63 67 57 56 53 55 58 62 64 64 59 55 56 57 57 56 56 60 56 62 60 56 58 61 62 56 56 55 56 58 57 52 55 55 53 55 57 57 59 57 60 63 64 68 66 69 63 68 70 70 70 66 65 60 66 66 72 65 68 67 70 66 67 65 68 65 62 66 68 70 70 68 69 66 64 69 68
53 57 58 68 64 64 64 58 54 70 68 72 71 63 60 75 56 56 56 56 56 57 55 56 59 60 60 57 63 61 60 58 56 58 61 60 61 65 61 58 60 55 58 59 55 60 55 60 56 54 55 55 55 54 57 56 55 57 64 63 68 67 70 68 68 67 65 65 68 71 68 67 64 63 69 70 68 69 64 73 71 72 68 70 68 64 71 69 70 68 69 71 72 68 66 68
58 59 64 63 69 63 61 61 54 68 71 64 72 71 63 56 60 58 57 62 59 57 59 60 61 66 70 60 62 60 61 63 59 64 63 62 67 65 61 59 64 60 55 58 60 61 61 60 60 63 58 62 56 56 61 58 57 55 59 65 64 72 72 74 70 72 70 71 70 72 72 68 66 68 68 70 71 68 73 70 75 75 71 72 70 72 72 71 72 72 73 74 71 69 66 66
68 61 60 65 68 68 61 56 55 60 64 66 56 55 59 55 59 59 59 61 62 62 69 68 66 64 67 66 70 61 63 65 60 58 61 65 66 63 65 60 68 61 55 59 63 61 66 65 59 62 66 68 64 55 62 66 68 60 60 59 62 71 71 63 63 63 65 71 70 77 74 72 70 73 74 72 73 77 76 79 75 75 74 73 73 74 72 72 72 74 73 73 70 71 68 68
68 64 58 69 68 60 68 65 63 59 58 62 57 62 56 56 58 62 59 58 57 64 64 62 65 66 68 68 71 65 66 63 60 59 68 71 68 60 65 70 71 70 64 64 64 70 58 62 67 64 70 67 72 66 62 69 69 66 60 63 60 59 66 57 57 56 61 66 70 65 70 74 76 77 75 77 75 80 81 76 79 79 81 76 75 73 79 79 75 76 72 70 74 74 70 68
66 66 68 66 70 64 67 64 69 64 67 57 56 57 61 56 59 61 66 60 57 57 60 65 70 72 65 68 70 74 66 65 62 62 60 68 66 62 65 67 68 65 60 59 61 64 62 60 69 66 67 66 63 57 66 70 69 66 67 64 65 62 61 58 60 57 59 59 69 74 78 77 74 78 79 77 74 74 81 81 78 73 70 70 68 75 77 75 77 73 72 72 73 75 73 71
68 66 68 63 71 69 70 67 64 70 63 57 57 66 66 63 57 61 66 63 61 58 57 59 64 68 63 61 60 63 64 60 61 60 62 65 68 66 64 66 72 76 67 62 60 60 63 70 67 68 67 64 59 65 66 69 72 73 66 63 66 67 64 68 62 58 61 71 74 69 74 70 76 72 74 70 69 74 74 72 73 77 76 68 75 73 75 76 77 75 75 73 76 79 79 72
67 72 73 68 73 70 72 75 67 73 71 67 67 70 70 61 57 58 62 65 67 67 58 57 60 63 56 56 56 60 61 65 74 71 74 72 71 72 74 71 70 79 72 72 62 62 64 67 66 64 66 62 55 64 68 74 75 64 68 66 71 69 71 69 64 59 59 67 67 72 65 65 65 69 68 64 69 67 68 65 77 74 70 70 72 79 71 81 79 79 82 81 79 76 75 71
71 70 72 68 76 72 73 75 71 71 73 66 68 62 62 57 61 58 67 67 67 66 62 56 60 63 56 67 57 64 73 67 75 73 81 70 70 82 77 82 73 85 83 77 69 60 63 65 69 68 60 58 56 58 69 75 73 68 69 69 72 72 74 72 70 59 57 59 60 67 60 60 60 61 60 67 71 65 69 70 66 65 70 74 74 72 75 70 69 70 74 81 79 82 72 72
76 74 74 72 72 71 68 72 69 67 67 64 62 60 61 70 72 73 58 58 67 67 67 64 61 49 61 78 56 72 76 66 72 77 83 83 76 80 76 67 79 86 76 71 71 62 66 69 67 71 63 58 61 55 65 65 74 77 76 73 71 71 66 62 64 61 59 59 59 60 58 57 58 58 64 61 62 61 65 69 73 74 72 79 77 73 71 68 67 68 79 80 77 77 76 78
76 75 78 74 76 75 72 69 65 67 63 62 66 68 74 76 73 60 66 65 60 76 76 78 68 67 80 67 56 60 88 81 80 85 86 74 80 77 71 72 81 71 75 71 65 61 64 62 67 63 60 64 67 56 66 72 72 70 71 73 69 63 68 74 63 59 62 66 59 59 59 64 61 61 62 69 70 68 72 77 77 75 69 72 73 79 73 75 77 83 74 73 77 81 80 84
76 80 80 76 75 74 70 72 66 64 73 79 79 66 70 71 72 75 77 71 63 78 83 76 76 81 79 79 67 60 87 77 80 83 81 74 81 76 73 76 73 65 66 62 63 60 69 65 65 62 63 71 71 64 61 65 64 68 66 64 63 62 60 62 60 62 66 62 62 63 66 65 53 65 60 68 80 74 76 69 73 70 70 74 76 81 81 79 85 90 75 72 73 85 77 85
82 86 84 77 74 76 78 70 68 81 81 82 73 75 75 70 76 69 73 72 66 83 84 73 66 78 81 84 71 65 89 90 91 89 87 81 86 82 80 81 73 71 63 68 64 64 70 68 72 65 65 65 63 61 62 67 62 61 68 67 63 68 66 61 67 67 70 66 67 63 62 69 64 69 62 66 65 64 74 76 78 76 72 74 74 78 95 72 72 86 74 80 84 81 80 89
84 81 76 76 81 75 78 77 71 86 83 76 73 72 82 76 77 77 74 75 65 76 79 74 69 85 89 87 69 64 64 81 86 92 88 78 85 81 83 75 73 66 65 68 68 64 66 71 74 66 67 68 63 69 63 68 71 69 64 63 64 67 73 76 71 73 74 74 83 69 66 70 61 67 65 77 69 65 73 76 75 71 74 83 79 78 86 75 71 77 78 85 89 88 85 86
76 77 76 74 73 74 74 76 68 75 73 84 73 80 84 77 76 81 79 84 73 76 79 86 78 81 87 94 88 68 74 76 78 80 80 73 77 86 83 84 75 67 66 70 66 66 68 67 67 65 66 68 67 68 70 64 64 78 76 71 66 80 72 79 72 74 85 86 75 69 74 66 69 67 69 70 70 72 74 77 86 72 71 90 84 76 90 73 75 77 79 79 93 84 87 96
80 74 72 75 75 79 79 75 81 83 77 80 79 86 81 79 81 79 83 88 72 86 95 94 88 81 89 90 87 75 82 74 87 90 80 76 80 90 78 74 70 68 71 70 69 73 70 73 70 67 65 70 69 74 73 74 68 67 72 68 69 78 74 76 71 67 70 80 79 77 73 66 67 67 68 70 70 81 79 81 93 74 76 88 86 84 84 76 77 79 85 81 80 94 94 88
78 77 78 84 89 86 86 75 77 88 86 75 86 81 86 86 82 74 81 76 77 84 85 80 88 84 86 83 93 82 84 81 82 80 80 81 84 83 80 73 73 68 77 73 76 73 76 70 76 70 65 70 74 74 74 70 71 73 82 73 74 82 80 85 83 73 70 72 73 77 76 69 69 68 74 79 70 83 90 86 80 70 72 90 78 88 91 79 81 82 92 86 85 94 92 85
77 82 90 79 86 84 86 84 85 85 88 82 80 90 84 89 82 76 81 85 74 83 87 84 79 92 87 92 93 92 85 84 74 75 71 82 81 79 80 81 79 77 72 73 76 74 78 79 73 71 72 79 75 81 81 80 71 71 72 76 77 78 86 86 79 77 74 69 71 75 77 70 66 79 84 83 71 71 84 87 87 72 74 83 79 89 89 81 86 81 90 95 95 94 94 97
77 88 83 77 85 83 87 87 87 86 89 94 90 87 84 86 86 86 81 88 76 86 86 87 89 87 88 87 87 82 81 83 82 77 68 67 70 78 73 81 84 80 77 77 78 77 81 75 75 77 71 80 79 85 88 82 72 79 79 79 81 84 89 91 89 79 73 70 74 76 72 70 69 79 81 73 79 74 74 80 73 77 75 88 77 81 84 84 98 91 89 99 96 91 97 96
90 89 88 88 79 79 84 86 93 91 92 95 90 87 87 90 91 87 86 86 83 90 91 87 90 86 80 76 76 78 76 84 81 80 73 76 63 63 68 62 62 82 81 81 78 78 81 79 75 77 74 75 82 85 88 77 74 82 79 79 86 79 81 77 74 73 74 72 77 68 67 74 74 68 74 79 79 74 76 77 74 79 74 88 81 84 76 80 94 92 82 85 94 96 94 92
83 92 83 86 81 81 85 88 94 92 93 93 84 95 95 93 95 91 89 84 73 84 84 84 88 85 84 79 82 74 75 84 82 81 79 73 70 64 77 73 61 64 71 78 83 77 76 79 77 81 80 77 79 90 85 78 81 86 80 73 70 70 70 74 75 71 78 68 66 67 72 74 69 79 68 71 77 75 79 69 72 75 72 79 77 78 75 83 94 92 86 83 97 99 96 86
