grids/precipitation/apr/RSMS_04_1883_01.asc
NCOLS 654
NROWS 866
XLLCORNER 3280414.711633467
YLLCORNER 5237500.62890625
CELLSIZE 1000
NODATA_VALUE -999
[rows 440 to 494 of 866, columns 0 to 95 of 654]
-999 -999 9 10 -999 -999 -999 -999 9 9 9 9 9 9 9 9 9 9 9 9 9 9 9 9 9 9 9 8 8 8 8 7 7 7 7 7 7 7 8 7 7 7 7 7 7 7 7 7 7 7 7 7 7 7 7 7 7 7 8 8 8 7 8 8 8 8 8 8 8 8 8 8 8 8 8 8 8 8 8 8 8 9 9 9 9 10 10 10 10 10 10 11 11 11 11 11
9 9 9 10 -999 -999 -999 10 9 9 10 9 9 9 9 9 9 9 9 9 9 9 9 9 9 9 9 9 8 8 8 8 7 8 8 8 7 8 8 8 7 7 7 7 7 7 7 7 7 7 7 8 8 7 8 7 7 7 8 8 8 8 8 8 8 8 8 8 8 8 8 8 8 8 8 8 8 8 8 8 9 9 9 9 9 9 10 11 10 10 10 10 10 11 11 10
-999 10 10 10 -999 -999 -999 10 10 10 10 10 10 10 10 9 9 10 9 10 9 9 9 9 9 9 9 9 9 8 8 8 8 8 8 8 8 8 8 8 8 8 8 8 8 8 8 8 8 8 8 9 8 8 8 8 8 8 8 8 8 8 8 8 8 8 8 8 8 9 9 9 8 8 8 8 8 9 9 9 9 9 9 9 9 10 10 10 10 10 10 11 10 10 11 10
-999 10 10 10 10 -999 -999 11 11 11 11 11 11 11 10 10 10 10 10 10 10 10 9 9 9 9 9 9 9 9 9 9 9 9 9 9 9 9 8 8 9 8 8 8 8 8 8 8 9 8 8 10 8 8 8 9 8 8 8 9 9 8 8 8 8 8 8 9 9 9 9 9 9 9 9 9 9 9 9 9 9 9 9 10 10 10 11 11 11 10 11 11 11 11 11 11
10 10 10 10 10 10 10 11 11 11 11 11 11 11 11 10 10 10 10 10 10 10 10 9 9 9 9 9 9 10 9 9 9 9 9 9 9 9 9 9 9 9 9 9 9 9 8 8 8 8 9 9 9 8 9 9 9 9 9 9 9 8 8 8 8 8 8 9 9 9 9 9 9 9 9 9 9 9 9 9 9 9 9 10 10 10 11 11 10 11 11 11 11 11 11 12
-999 10 10 10 10 10 11 11 11 11 11 11 11 11 11 11 11 11 11 11 10 10 10 10 9 9 10 10 9 9 10 10 9 9 9 9 9 9 9 9 9 9 9 9 9 9 9 9 8 8 8 9 8 8 9 9 8 8 9 9 9 8 8 8 8 8 8 9 9 9 9 9 9 9 9 9 9 9 9 9 9 9 9 10 10 10 11 11 10 11 11 12 11 11 12 12
-999 -999 11 11 11 11 11 11 11 11 12 12 11 12 12 11 12 12 12 11 11 11 11 10 10 10 10 10 10 10 11 10 10 10 10 10 10 10 10 10 10 10 10 10 10 9 9 9 9 9 9 9 9 9 9 9 9 9 9 9 9 9 9 9 9 9 9 9 9 9 9 9 9 9 9 10 9 9 9 9 9 10 10 10 10 11 11 11 11 11 11 11 11 12 12 13
-999 -999 11 11 11 11 12 12 12 12 12 12 12 12 13 13 13 12 12 12 12 11 11 11 11 11 10 11 11 11 11 11 11 10 10 10 10 10 10 10 10 10 10 10 10 10 9 9 9 9 9 9 9 9 9 9 9 9 9 10 10 10 9 9 9 9 9 9 9 9 9 9 9 9 10 10 10 10 9 9 9 9 10 10 10 11 11 11 11 11 12 12 12 12 12 13
-999 -999 11 11 11 11 12 12 12 12 12 13 12 12 13 13 13 13 13 12 12 12 12 11 11 11 11 11 11 11 11 11 11 11 10 10 10 10 10 10 10 10 10 10 10 10 10 9 9 10 9 9 9 9 9 9 9 9 10 10 10 10 9 9 9 9 9 9 9 9 9 9 9 9 10 10 10 10 9 9 9 9 10 10 12 11 11 11 12 12 12 12 12 12 12 12
-999 -999 -999 11 11 12 12 12 12 12 12 12 12 13 13 13 13 13 13 12 12 12 12 12 11 11 11 11 11 11 12 11 11 11 11 10 10 10 10 10 10 10 10 10 10 10 10 9 9 9 10 10 9 9 10 9 9 10 10 10 10 10 10 9 9 9 9 9 9 9 9 9 10 9 10 10 10 10 10 9 9 9 10 10 10 11 11 11 11 12 12 11 12 12 12 12
-999 -999 -999 -999 -999 -999 -999 -999 -999 12 12 12 13 13 13 13 13 14 13 13 13 13 12 12 12 12 11 11 11 11 12 12 11 11 11 10 10 10 11 10 10 10 10 10 10 10 10 10 10 9 10 10 10 10 10 10 10 10 10 10 10 10 10 10 10 10 10 10 9 9 9 9 9 10 10 10 10 10 10 10 10 10 10 10 10 10 10 10 11 11 11 12 12 12 12 13
-999 -999 -999 -999 -999 -999 -999 -999 -999 12 12 12 13 13 13 13 13 13 14 14 14 13 13 13 13 12 12 11 11 11 11 11 11 11 11 11 11 10 11 11 11 10 10 10 10 10 10 10 10 10 10 10 10 10 10 10 10 10 10 10 10 10 10 9 9 9 10 10 10 10 9 9 9 9 10 10 10 10 10 10 10 10 10 10 10 11 10 10 11 11 12 12 13 12 13 12
-999 -999 -999 -999 -999 -999 -999 -999 13 13 13 13 13 13 13 14 13 14 14 14 14 13 13 13 13 13 12 11 11 11 11 11 11 11 11 11 11 11 10 11 11 11 11 10 10 10 10 10 10 10 10 10 10 10 10 10 10 11 10 10 10 10 10 10 9 9 9 10 10 10 9 9 10 10 9 10 10 10 10 10 10 10 10 10 10 11 10 10 10 11 11 12 12 13 12 13
-999 -999 -999 -999 -999 -999 -999 -999 -999 13 13 13 13 13 13 14 13 14 14 14 14 14 13 13 13 13 12 12 11 11 11 11 11 11 11 11 11 11 11 11 11 10 10 11 10 10 10 10 10 10 10 10 10 10 11 11 11 11 11 10 10 10 10 10 9 9 9 9 10 10 10 9 9 9 9 10 10 10 10 10 10 10 10 10 10 11 11 10 10 11 11 12 12 12 12 12
-999 -999 -999 -999 -999 -999 -999 -999 -999 13 13 14 14 13 14 13 14 14 14 14 14 14 14 13 13 13 12 12 12 11 11 11 11 11 11 11 11 11 11 11 11 11 10 10 11 11 11 11 10 10 10 10 10 11 11 11 10 11 12 11 12 10 10 10 9 9 9 9 9 10 10 10 10 9 10 10 10 10 10 10 10 10 10 10 10 11 11 11 11 11 11 12 12 12 12 13
-999 -999 -999 -999 -999 -999 -999 -999 -999 -999 -999 14 14 14 14 13 14 15 15 14 14 14 14 14 13 13 12 12 12 12 11 11 11 11 11 11 11 11 11 11 11 11 11 11 11 10 11 11 11 11 10 10 10 10 10 10 11 11 11 11 10 10 10 10 10 10 9 9 9 9 10 10 10 10 10 10 10 10 10 10 10 10 10 10 10 11 11 11 11 11 12 12 12 12 12 13
-999 -999 -999 -999 -999 -999 -999 -999 -999 -999 -999 -999 14 14 14 14 14 14 14 14 14 14 14 13 13 13 13 12 12 12 12 11 11 11 11 11 11 11 12 11 11 11 11 11 11 11 11 11 11 11 10 10 10 10 10 10 10 11 11 11 10 10 10 10 10 10 10 9 9 9 10 10 10 10 10 10 10 10 10 10 10 10 10 10 10 11 11 11 11 11 11 12 12 11 12 13
-999 -999 -999 -999 -999 -999 -999 -999 -999 -999 -999 -999 -999 -999 15 14 14 14 15 14 14 14 14 14 13 13 13 13 12 12 12 12 11 11 12 11 11 11 11 11 11 12 11 12 11 11 11 11 11 11 10 10 10 10 10 10 10 10 11 11 10 10 10 10 10 10 10 9 9 9 9 10 10 10 10 10 10 10 10 10 10 10 10 10 10 10 11 11 11 11 11 11 11 13 13 12
-999 -999 -999 -999 -999 -999 -999 -999 -999 -999 -999 -999 -999 -999 14 15 15 15 15 15 15 15 15 14 14 14 13 13 13 13 13 12 12 12 12 12 12 12 12 12 11 11 12 12 12 12 12 11 11 11 11 11 11 10 11 10 10 10 11 11 11 11 11 11 10 10 10 10 10 9 10 10 9 10 10 10 10 10 10 10 10 10 11 11 10 11 11 11 11 12 12 12 11 12 13 14
-999 -999 -999 -999 -999 -999 -999 -999 -999 -999 -999 -999 -999 -999 15 15 15 16 15 16 16 15 15 14 14 14 14 14 14 13 13 13 13 12 12 12 12 12 12 12 12 12 12 12 12 12 12 12 11 11 11 11 11 11 11 11 10 10 10 10 10 11 11 11 10 10 9 9 9 10 10 10 10 10 10 10 10 10 10 10 10 10 10 10 10 10 11 11 11 12 12 12 12 12 12 13
-999 -999 -999 -999 -999 -999 -999 -999 -999 -999 -999 -999 -999 -999 15 15 15 15 16 16 16 16 15 14 14 14 14 14 14 14 13 13 13 13 12 12 12 12 12 12 12 12 12 12 12 12 12 12 11 11 11 11 11 11 11 10 10 10 10 10 10 10 10 10 10 10 10 9 9 9 10 10 10 10 9 10 10 10 10 10 10 10 10 10 10 10 10 11 11 11 12 12 12 12 13 13
-999 -999 -999 -999 -999 -999 -999 -999 -999 -999 -999 -999 -999 -999 -999 15 15 15 16 16 16 16 15 15 14 15 14 14 14 14 14 14 13 13 12 12 12 12 12 12 12 12 12 12 12 12 12 12 12 12 11 11 11 11 11 11 10 10 10 10 10 10 10 10 10 10 10 10 9 9 10 10 10 10 10 9 10 10 10 10 10 10 10 10 10 10 10 10 11 11 11 11 11 12 12 13
-999 -999 -999 -999 -999 -999 -999 -999 -999 -999 -999 -999 -999 -999 -999 15 15 15 15 16 15 16 15 15 15 15 15 15 14 14 14 14 14 14 13 13 13 12 12 12 12 12 13 13 12 12 12 12 12 11 11 11 11 11 10 10 10 10 10 10 11 10 10 10 10 10 10 10 10 9 10 10 10 10 10 10 10 10 10 10 10 10 10 10 10 10 10 10 10 10 11 11 11 12 12 12
-999 -999 -999 -999 -999 -999 -999 -999 -999 -999 -999 -999 -999 -999 15 15 15 15 15 15 15 16 16 15 15 15 15 15 15 15 15 15 15 14 13 13 13 13 12 12 12 13 13 13 13 13 12 12 12 12 11 11 11 11 10 10 10 10 10 10 10 11 10 10 10 10 10 10 10 10 10 10 10 10 10 10 10 10 10 10 10 10 10 10 10 10 10 10 10 10 10 10 10 11 12 12
-999 -999 -999 -999 -999 -999 -999 -999 -999 -999 -999 16 15 15 15 16 16 16 16 16 16 16 16 16 15 15 15 15 15 15 15 15 15 15 14 13 13 13 12 12 12 13 12 13 13 13 13 12 12 12 12 11 11 11 11 10 10 10 10 10 10 10 10 10 10 10 10 10 10 10 10 10 10 10 10 10 10 10 10 10 10 10 10 10 10 10 10 10 10 10 10 10 10 10 11 12
-999 -999 -999 -999 -999 -999 -999 -999 -999 -999 16 16 16 16 16 15 16 16 16 16 16 16 16 16 16 15 15 15 15 15 15 15 15 14 14 14 13 13 12 12 12 13 13 13 13 13 13 13 12 12 12 12 11 11 10 10 10 10 10 10 10 10 10 10 10 10 10 10 10 10 10 10 10 10 10 10 10 10 10 10 10 10 10 10 10 10 10 10 10 10 10 10 10 10 11 11
-999 -999 -999 -999 -999 -999 -999 -999 -999 -999 16 16 16 16 16 15 16 16 16 16 16 16 17 16 16 15 15 15 15 15 15 15 15 14 14 14 14 14 13 13 12 12 12 12 13 13 13 13 12 12 12 12 11 11 10 10 10 9 9 10 10 10 10 10 10 10 10 10 10 10 10 10 9 10 10 10 10 10 10 10 10 10 10 10 10 10 10 10 10 10 10 10 10 11 10 11
-999 -999 -999 -999 -999 -999 -999 -999 -999 -999 16 16 16 16 16 15 15 16 16 16 17 17 17 17 17 16 16 15 16 15 14 14 14 14 14 14 14 14 13 13 13 13 12 12 12 13 13 12 12 12 12 12 12 11 10 10 10 9 9 9 9 9 10 10 10 10 10 10 10 10 10 9 9 9 10 10 10 10 10 9 10 10 10 10 10 10 10 10 10 10 10 10 10 10 10 11
-999 -999 -999 -999 -999 -999 -999 -999 -999 -999 16 16 16 16 16 16 16 16 16 17 17 17 17 17 17 16 15 15 15 15 15 15 14 14 15 15 14 14 13 13 13 13 13 12 12 12 12 12 12 12 12 12 12 12 11 10 9 9 9 9 9 9 9 10 10 10 10 10 10 10 10 9 9 9 10 10 10 10 9 9 9 9 10 10 10 10 10 10 10 10 10 11 10 10 11 11
-999 -999 -999 -999 -999 -999 -999 16 16 16 17 17 16 16 16 16 16 16 17 17 16 16 17 17 17 16 17 16 15 15 15 15 15 15 15 15 14 14 14 13 13 13 12 13 12 12 12 12 12 12 12 12 12 11 11 10 10 9 9 9 9 9 9 9 10 10 10 10 10 10 10 9 9 9 9 10 10 10 9 9 9 9 10 10 10 10 10 10 10 10 10 10 10 10 10 11
-999 -999 -999 -999 -999 -999 16 17 17 17 17 16 16 16 16 15 16 17 17 17 16 17 17 16 17 17 17 16 16 16 17 16 16 16 16 15 15 14 14 14 13 13 13 13 13 13 13 13 12 12 12 12 12 11 11 10 10 10 10 10 10 9 9 10 10 10 10 10 10 10 10 10 9 9 9 9 10 9 9 9 9 9 9 9 9 9 10 10 10 9 10 10 10 10 10 10
-999 -999 -999 -999 -999 -999 -999 16 18 18 17 17 16 17 16 16 16 16 17 17 17 17 17 17 18 18 18 17 17 18 18 17 17 18 16 16 15 15 14 14 14 13 14 14 14 13 13 13 13 13 12 12 12 11 11 11 11 10 10 10 10 10 10 10 10 10 10 11 10 11 10 10 10 10 9 9 9 9 9 9 9 9 9 9 9 9 9 9 9 9 9 9 9 9 10 10
-999 -999 -999 -999 -999 -999 -999 -999 -999 18 17 17 17 17 16 16 16 17 17 17 18 17 17 17 19 18 18 18 18 18 18 18 18 18 17 16 16 15 15 14 14 14 14 14 14 14 14 13 13 13 13 12 12 12 12 11 11 11 10 10 10 10 10 10 10 10 10 11 11 11 10 10 10 10 9 9 9 9 9 9 9 9 9 9 9 9 9 9 9 9 9 9 9 9 9 10
-999 -999 -999 -999 -999 -999 -999 -999 -999 17 18 17 17 17 17 17 17 17 18 17 18 17 18 18 18 19 19 19 18 18 18 19 18 18 17 16 16 15 15 14 14 14 14 14 14 14 14 13 13 13 13 12 12 12 12 11 11 11 11 10 10 10 10 10 10 10 10 10 11 11 10 10 10 10 9 9 9 9 9 9 9 9 9 9 9 9 8 9 9 9 9 9 9 9 9 10
-999 -999 -999 -999 -999 -999 -999 -999 -999 18 18 18 17 17 17 17 17 18 18 18 18 18 19 19 18 20 20 19 18 19 18 19 19 20 18 18 16 16 16 15 15 15 15 15 15 14 14 14 14 13 13 12 12 12 12 12 12 11 11 11 11 10 10 10 10 10 10 10 11 11 11 11 10 9 9 9 9 9 9 9 9 9 9 9 8 8 8 8 8 8 8 8 9 9 9 9
-999 -999 -999 -999 -999 -999 -999 -999 -999 19 18 18 18 17 18 18 18 18 18 19 19 18 19 19 19 19 19 20 20 20 19 19 20 20 20 19 18 18 16 16 15 15 15 15 16 15 14 14 14 13 13 12 12 12 12 12 12 12 11 11 11 11 11 11 11 11 10 10 11 11 10 11 10 10 10 9 9 9 9 8 8 8 8 8 8 8 8 8 8 8 8 8 8 9 9 10
-999 -999 -999 -999 -999 -999 -999 -999 -999 -999 19 19 19 18 19 18 18 18 19 19 19 19 19 20 19 20 20 20 20 20 20 19 19 20 21 21 19 18 17 16 15 15 15 16 16 15 15 14 14 14 13 12 12 12 12 12 12 12 12 12 12 11 11 11 11 11 10 10 11 11 10 10 10 10 10 10 9 9 9 8 9 8 8 8 8 8 8 8 8 8 7 8 9 9 9 10
-999 -999 -999 -999 -999 -999 -999 -999 -999 -999 18 19 20 19 19 18 18 19 19 19 19 20 20 20 20 20 19 19 21 20 20 19 20 20 21 20 20 18 18 17 16 16 15 16 16 16 15 15 14 14 13 13 12 12 13 12 12 12 12 12 12 11 12 11 11 11 11 10 10 11 10 10 10 10 10 10 10 10 9 9 8 9 8 8 8 8 8 8 8 8 8 9 9 9 9 10
-999 -999 -999 -999 -999 -999 -999 -999 -999 -999 18 19 19 20 20 20 19 19 20 20 20 20 21 20 21 20 21 21 21 21 20 21 21 21 21 22 21 21 19 17 18 17 16 16 16 16 16 15 15 14 14 13 12 12 12 12 13 12 12 12 12 12 12 12 11 11 11 10 11 10 10 11 10 10 10 10 10 10 10 9 9 8 8 8 8 8 8 8 8 8 8 9 9 9 9 9
-999 -999 -999 -999 -999 -999 -999 -999 -999 -999 -999 -999 -999 -999 -999 -999 20 20 20 21 20 20 21 21 22 21 22 21 22 21 21 21 21 22 22 21 21 19 18 17 17 17 17 17 16 17 16 16 15 15 14 13 13 12 12 12 13 13 12 12 12 12 12 12 12 11 11 11 11 11 10 10 10 10 10 10 11 10 10 9 8 8 8 8 8 8 8 8 8 9 9 9 9 9 10 10
-999 -999 -999 -999 -999 -999 -999 -999 -999 -999 -999 -999 -999 -999 -999 -999 -999 20 20 22 21 21 22 22 21 23 22 22 22 22 23 21 22 22 23 23 22 20 18 18 18 19 18 17 17 17 16 16 15 15 14 14 13 13 12 12 13 13 12 12 12 12 12 12 12 12 11 11 11 11 10 10 10 10 10 10 11 11 10 9 9 9 8 8 8 8 8 8 8 8 9 9 9 9 10 10
-999 -999 -999 -999 -999 -999 -999 -999 -999 -999 -999 -999 -999 -999 -999 -999 -999 22 22 22 22 22 23 23 22 23 22 22 23 23 23 21 23 23 23 22 23 20 18 21 20 19 19 18 17 17 17 16 15 15 14 13 13 13 12 13 13 13 13 12 12 12 12 12 12 12 11 11 11 11 10 10 10 10 10 10 11 10 10 10 9 9 8 8 8 8 8 8 8 8 9 9 9 9 10 10
-999 -999 -999 -999 -999 -999 -999 -999 -999 -999 -999 -999 -999 -999 -999 -999 -999 -999 23 23 23 25 24 25 25 24 23 24 25 25 25 23 24 24 22 23 22 22 22 18 18 20 19 18 18 17 17 16 15 15 14 13 12 12 13 12 13 13 13 13 12 12 12 12 12 12 12 11 11 11 11 10 10 10 10 10 10 10 10 9 9 9 9 9 9 9 8 8 8 8 8 8 10 10 10 10
-999 -999 -999 -999 -999 -999 -999 -999 -999 -999 -999 -999 -999 -999 -999 -999 -999 -999 23 25 25 25 25 26 26 25 25 25 25 26 26 24 26 25 24 23 21 22 21 20 19 19 20 19 19 18 17 16 15 15 14 14 13 13 13 12 13 13 13 13 13 13 12 12 12 12 12 11 11 11 11 10 10 10 10 10 10 10 10 9 9 9 9 9 9 9 8 8 8 8 8 9 10 10 10 10
-999 -999 -999 -999 -999 -999 -999 -999 -999 -999 -999 -999 -999 -999 -999 -999 -999 -999 -999 25 26 26 28 27 26 27 28 26 27 27 27 26 26 24 25 24 23 21 21 20 18 20 19 20 19 19 17 16 16 17 15 14 14 14 13 13 13 13 13 13 13 13 12 12 12 12 12 11 11 11 11 10 10 10 10 10 10 10 10 9 9 9 9 9 10 10 9 8 8 8 8 9 11 10 11 11
-999 -999 -999 -999 -999 -999 -999 -999 -999 -999 -999 -999 -999 -999 -999 -999 -999 -999 -999 26 27 28 28 26 27 29 30 29 29 29 29 28 26 24 24 25 24 23 22 22 20 18 19 20 19 18 18 17 16 16 15 15 14 14 14 13 13 13 13 13 13 13 12 12 12 12 12 12 11 11 11 11 10 10 10 10 10 10 9 9 9 9 9 9 10 10 9 9 8 8 9 9 9 11 11 12
-999 -999 -999 -999 -999 -999 -999 -999 -999 -999 -999 -999 -999 -999 -999 -999 -999 -999 -999 -999 27 27 27 28 29 30 31 33 32 31 30 29 27 29 26 26 26 24 23 23 20 19 19 21 19 20 19 18 17 17 16 15 15 14 14 14 14 14 13 13 13 13 13 12 12 12 12 12 11 11 11 11 11 10 10 10 10 10 10 9 9 9 10 9 10 10 10 9 9 9 9 9 10 10 11 12
-999 -999 -999 -999 -999 -999 -999 -999 -999 -999 -999 -999 -999 -999 -999 -999 -999 -999 -999 -999 28 27 28 29 31 30 31 33 32 32 30 31 30 29 28 26 25 25 24 23 22 19 19 21 22 20 19 19 19 17 16 16 16 15 15 15 15 14 14 14 14 13 13 12 12 12 12 12 12 11 11 11 11 10 10 10 10 10 10 9 9 9 9 9 9 9 10 9 9 9 9 9 9 9 11 12
-999 -999 -999 -999 -999 -999 -999 -999 -999 -999 -999 -999 -999 -999 -999 -999 -999 -999 -999 -999 28 28 29 31 32 28 32 33 33 31 32 32 31 29 27 24 23 22 22 22 21 21 22 22 22 21 20 20 19 19 18 16 16 16 16 15 15 15 14 14 13 13 13 12 12 12 12 12 12 12 11 11 11 11 10 10 10 10 10 9 9 9 10 9 9 9 9 9 10 9 9 9 9 9 10 11
-999 -999 -999 -999 -999 -999 -999 -999 -999 -999 -999 -999 -999 -999 -999 -999 -999 -999 -999 -999 29 -999 -999 -999 -999 -999 33 33 32 32 32 32 30 30 27 24 23 23 23 20 21 21 21 22 21 21 20 20 20 18 18 18 16 16 16 16 15 15 14 14 14 13 13 13 12 12 12 12 12 12 11 11 11 11 10 10 10 10 10 9 9 10 10 9 9 9 9 9 10 10 10 9 9 9 10 10
-999 -999 -999 -999 -999 -999 -999 -999 -999 -999 -999 -999 -999 -999 -999 -999 -999 -999 -999 -999 -999 -999 -999 -999 -999 -999 33 32 33 33 33 33 31 29 26 24 24 25 25 25 22 23 22 22 22 22 21 21 20 19 19 17 17 17 17 16 15 15 14 15 15 14 14 14 13 12 12 12 12 11 11 11 11 11 10 10 10 10 10 10 9 9 10 10 10 10 10 10 10 10 9 10 10 9 10 10
-999 -999 -999 -999 -999 -999 -999 -999 -999 -999 -999 -999 -999 -999 -999 -999 -999 -999 -999 -999 -999 -999 -999 -999 -999 -999 33 34 33 33 33 32 29 29 27 25 27 27 26 26 26 24 22 24 24 22 23 22 21 20 19 18 18 17 17 16 16 15 15 16 16 15 15 14 14 13 13 12 12 12 12 11 11 11 10 10 10 10 10 10 10 10 10 10 10 10 10 10 10 10 10 11 10 10 10 10
-999 -999 -999 -999 -999 -999 -999 -999 -999 -999 -999 -999 -999 -999 -999 -999 -999 -999 -999 -999 -999 -999 -999 -999 -999 34 34 34 34 34 34 33 32 30 26 25 25 26 26 26 26 25 24 23 24 24 23 22 22 20 20 20 19 18 17 17 16 16 16 16 16 16 15 14 14 14 14 12 12 12 12 12 11 11 11 11 11 10 10 10 10 10 10 10 10 10 10 11 11 10 11 11 10 9 10 11
-999 -999 -999 -999 -999 -999 -999 -999 -999 -999 -999 -999 -999 -999 -999 -999 -999 -999 -999 -999 -999 -999 -999 35 34 34 35 34 34 34 34 33 31 29 27 25 27 26 24 24 25 26 26 26 24 24 23 22 21 21 20 19 18 18 18 17 16 17 16 15 15 15 15 14 14 15 14 13 12 12 13 13 12 12 12 11 11 11 11 11 10 10 10 11 10 10 11 11 11 11 11 10 10 9 10 11
-999 -999 -999 -999 -999 -999 -999 -999 -999 -999 -999 -999 -999 -999 -999 -999 -999 -999 -999 -999 -999 -999 -999 37 35 35 35 35 34 34 34 31 29 29 27 30 29 28 26 25 26 26 26 27 25 24 24 22 22 21 20 19 19 19 18 17 17 17 17 16 16 16 15 15 14 15 15 14 13 13 13 13 13 12 12 12 12 12 11 11 11 11 11 11 11 11 11 11 11 11 11 10 10 9 10 11
