grids/precipitation/apr/RSMS_04_1881_01.asc
NCOLS 654
NROWS 866
XLLCORNER 3280414.711633467
YLLCORNER 5237500.62890625
CELLSIZE 1000
NODATA_VALUE -999
[rows 424 to 476 of 866, columns 0 to 95 of 654]
-999 -999 -999 -999 -999 -999 -999 -999 -999 -999 -999 -999 -999 -999 28 29 29 29 29 29 29 29 29 29 29 28 28 28 27 28 28 27 27 27 27 27 27 27 27 27 26 26 25 25 25 25 26 26 26 26 26 26 26 26 26 26 26 26 26 26 25 25 26 27 27 27 27 29 29 29 29 29 29 30 33 33 32 32 34 36 36 37 40 39 39 42 42 45 43 46 46 44 46 44 46 45
-999 -999 -999 -999 -999 -999 -999 -999 -999 -999 -999 -999 -999 -999 -999 29 29 29 29 29 29 29 28 29 29 28 28 28 28 28 28 28 27 27 27 27 27 27 27 27 27 26 26 26 25 25 25 26 26 26 26 26 26 26 26 26 26 26 26 26 26 26 26 26 27 27 28 28 29 29 31 31 30 31 32 33 34 34 35 36 36 36 37 40 42 42 40 43 44 44 44 44 45 45 45 44
-999 -999 -999 -999 -999 -999 -999 -999 -999 -999 -999 -999 -999 -999 -999 29 29 29 29 29 29 29 29 29 29 28 28 28 28 28 28 28 28 28 28 28 27 27 28 28 27 26 26 26 26 26 26 26 26 27 27 27 26 26 26 26 26 26 27 26 26 26 26 26 27 27 28 28 28 29 29 30 31 31 31 32 32 33 35 36 37 37 40 41 42 43 43 42 43 44 44 42 45 45 45 45
-999 -999 -999 -999 -999 -999 -999 -999 -999 -999 -999 -999 -999 -999 -999 29 29 29 29 29 29 29 29 29 29 28 28 27 27 28 28 28 28 28 28 27 27 27 27 26 26 26 25 25 26 26 26 26 26 26 27 27 27 27 27 27 27 27 27 27 26 26 26 26 27 27 28 28 28 29 29 30 30 30 31 31 32 33 35 37 38 39 40 41 41 43 42 42 44 45 44 42 45 44 42 46
-999 -999 -999 -999 -999 -999 -999 -999 -999 -999 -999 -999 -999 -999 -999 27 29 -999 -999 29 29 30 29 29 29 29 28 28 28 28 28 28 28 28 28 28 28 28 27 26 26 25 26 26 26 26 27 26 26 26 27 27 27 27 27 27 27 27 27 27 27 27 26 27 27 27 27 28 28 28 29 30 30 31 31 31 32 33 35 36 37 37 38 40 41 42 40 41 42 43 42 45 44 44 44 45
-999 -999 -999 -999 -999 -999 -999 -999 -999 -999 -999 -999 -999 -999 -999 -999 -999 -999 -999 -999 -999 29 30 29 29 29 29 29 28 28 28 28 28 28 28 28 28 28 28 27 26 25 26 26 26 26 27 27 26 27 27 27 27 27 27 27 27 27 27 27 27 27 27 27 27 27 27 28 28 28 29 30 30 31 31 32 32 33 34 36 37 37 37 40 40 41 39 37 42 40 43 48 49 48 50 48
-999 -999 -999 -999 -999 -999 -999 -999 -999 -999 -999 -999 -999 -999 -999 -999 -999 -999 -999 -999 -999 29 30 30 30 29 29 29 28 28 28 28 28 28 28 28 28 28 28 26 26 26 26 26 26 27 27 27 27 27 27 27 27 27 28 27 28 27 27 27 27 27 27 27 28 27 28 28 29 29 29 30 31 31 31 32 32 33 34 36 37 37 38 38 40 40 40 39 39 43 44 46 49 49 50 50
-999 -999 -999 -999 -999 -999 -999 -999 -999 -999 -999 -999 -999 -999 -999 -999 -999 -999 -999 -999 28 28 28 29 29 29 29 29 28 27 27 27 28 27 28 29 29 28 28 28 27 26 26 27 28 27 27 27 27 27 27 28 28 28 28 28 28 28 28 28 28 28 28 28 28 28 28 28 28 29 29 30 31 32 32 32 33 32 34 35 36 37 37 38 38 41 40 41 41 43 45 46 47 50 51 48
-999 -999 -999 -999 -999 -999 -999 -999 -999 -999 -999 -999 -999 -999 -999 -999 -999 28 28 28 29 30 30 28 29 29 29 29 28 28 27 27 28 28 28 29 29 28 28 27 27 27 28 28 28 28 28 27 28 27 28 28 28 28 28 28 28 28 28 28 28 28 28 28 28 28 28 28 28 28 29 31 31 31 32 32 33 33 34 35 36 37 37 38 38 40 41 43 41 44 43 46 46 48 46 46
-999 -999 -999 -999 -999 -999 -999 -999 -999 -999 -999 -999 -999 -999 -999 -999 28 28 28 28 28 28 30 30 29 29 29 29 29 28 28 28 28 28 28 29 28 28 28 28 28 28 28 29 29 28 28 28 28 27 29 29 29 28 28 28 28 29 29 29 28 29 29 28 28 28 28 28 28 28 29 30 31 31 32 32 32 33 34 35 36 35 36 38 38 37 39 41 41 42 41 43 47 45 46 48
-999 -999 -999 -999 -999 -999 -999 -999 -999 -999 -999 -999 -999 -999 -999 28 28 28 28 28 30 30 30 30 30 30 29 29 29 29 29 29 29 28 28 28 28 29 28 28 28 29 29 29 29 29 29 29 29 29 29 29 29 29 29 29 29 29 29 29 29 29 29 29 29 28 28 28 28 29 29 30 30 31 31 32 32 33 33 35 36 36 37 36 39 36 38 40 41 41 43 45 47 47 49 48
-999 -999 -999 -999 -999 -999 -999 -999 -999 -999 -999 -999 -999 28 29 28 28 28 29 28 29 30 30 30 30 30 30 28 28 29 29 28 28 28 29 29 29 28 28 29 29 29 29 29 29 29 29 29 29 29 29 28 29 29 28 29 29 29 29 29 29 29 29 29 29 28 28 28 28 29 29 30 30 31 31 31 32 32 33 35 35 35 37 39 39 40 39 40 42 41 42 45 45 47 48 46
-999 -999 -999 -999 -999 -999 -999 -999 -999 -999 -999 -999 -999 28 28 28 28 28 28 28 29 30 30 30 30 30 30 29 29 28 28 28 28 28 28 29 29 28 28 29 30 30 29 29 29 29 29 29 29 29 29 29 29 28 28 29 29 29 29 30 29 29 29 29 29 29 28 28 28 28 29 30 30 31 31 31 32 32 33 33 33 35 36 36 38 38 43 44 45 43 42 44 45 46 46 46
-999 -999 -999 -999 -999 -999 -999 -999 -999 -999 -999 27 27 27 29 29 29 29 28 28 29 30 30 31 29 30 29 29 29 28 28 27 27 27 28 28 29 29 29 29 29 30 30 29 29 29 29 29 30 29 29 29 29 29 29 29 30 30 30 30 29 29 29 29 29 29 29 28 28 29 29 30 30 30 31 31 32 32 32 33 34 36 36 38 39 40 42 43 43 43 43 44 45 45 43 45
-999 -999 -999 -999 -999 -999 -999 -999 -999 28 27 28 28 28 28 29 29 28 28 28 29 29 31 29 31 30 29 29 28 28 28 27 28 27 28 28 29 29 29 30 29 30 30 29 29 30 30 30 29 29 29 28 29 29 29 29 29 30 30 30 29 29 29 29 29 29 29 29 29 29 30 30 30 30 31 31 31 32 33 32 33 35 35 37 38 39 41 42 42 42 43 43 43 45 45 46
-999 -999 -999 28 -999 -999 -999 -999 -999 29 28 29 29 28 29 28 28 28 29 29 29 29 29 31 32 31 29 29 29 28 27 27 27 28 28 28 28 29 29 29 29 29 30 30 29 29 29 29 29 28 28 29 29 30 29 29 29 29 30 30 29 29 29 29 29 29 29 29 29 29 30 30 30 31 31 31 32 32 33 34 32 34 35 36 37 37 40 41 42 43 44 42 43 45 46 46
-999 -999 28 29 -999 -999 -999 -999 29 29 29 29 29 29 29 28 28 28 28 29 29 29 29 31 31 30 30 29 29 29 28 28 27 27 28 28 28 28 29 29 29 29 30 29 30 30 30 28 28 29 29 29 29 29 29 29 29 29 30 30 30 29 29 29 29 29 29 29 29 29 30 30 30 30 31 31 32 32 33 33 33 34 35 36 37 39 40 41 41 43 43 44 44 44 46 44
28 28 28 29 -999 -999 -999 30 30 29 30 30 29 29 29 29 29 29 29 29 29 29 30 29 29 31 31 30 29 29 28 28 28 28 28 29 28 29 29 30 30 30 30 30 30 30 30 29 29 29 29 33 33 29 30 30 29 29 30 30 30 29 30 29 29 29 29 29 29 30 30 30 30 30 30 31 31 32 32 33 34 34 35 36 37 37 40 41 42 41 42 43 42 45 44 43
-999 29 29 29 -999 -999 -999 31 31 31 31 31 30 30 30 30 29 30 30 30 29 30 30 30 30 30 29 31 31 29 29 29 29 29 29 29 29 30 30 30 30 30 31 31 30 31 30 30 30 28 30 32 30 29 29 30 30 30 30 30 30 30 30 30 30 30 30 30 30 30 30 31 31 31 31 31 31 32 32 32 33 34 35 36 37 38 40 40 41 39 39 42 41 44 45 43
-999 29 29 30 30 -999 -999 31 33 33 32 32 33 32 31 31 31 31 31 31 32 31 31 30 31 30 30 30 30 31 31 31 31 30 30 30 31 30 30 31 31 31 31 31 31 31 31 31 32 29 29 34 30 30 30 31 30 30 30 31 31 30 30 30 30 30 30 30 30 30 30 31 31 31 31 31 31 32 32 33 34 34 35 36 38 38 41 42 42 38 42 44 44 43 44 44
30 30 30 30 30 30 31 32 32 33 33 33 33 33 33 32 31 32 31 32 32 32 31 30 31 31 30 30 30 31 30 32 31 31 31 31 31 31 31 31 31 31 32 32 31 31 30 30 29 30 31 31 31 30 31 31 31 31 31 31 31 30 30 30 30 30 30 30 30 30 30 31 31 31 31 31 31 31 32 32 34 34 35 36 38 38 40 41 38 40 41 43 45 43 43 46
-999 30 30 30 30 31 31 32 32 33 33 33 33 33 34 33 33 33 33 34 32 32 33 32 31 31 31 32 30 30 32 32 31 31 31 31 31 31 32 31 31 31 32 32 32 31 30 30 29 29 29 31 30 30 31 31 30 30 31 31 31 30 30 30 30 30 30 30 30 30 31 31 31 31 31 32 31 31 32 32 34 34 35 36 38 39 39 40 38 40 43 44 42 44 46 46
-999 -999 31 32 32 32 32 33 34 34 34 34 34 35 35 35 35 35 35 34 34 33 34 33 32 32 32 32 32 33 33 33 33 32 32 32 32 32 32 32 32 32 32 32 31 31 31 30 29 30 31 32 32 31 32 31 31 31 32 32 31 31 31 30 30 30 30 30 31 31 31 31 31 31 31 32 32 32 32 32 34 34 35 35 36 39 40 40 40 42 42 40 43 43 46 47
-999 -999 32 31 32 32 33 34 34 34 34 36 36 36 37 38 37 37 36 36 35 34 35 34 34 33 32 33 34 34 34 34 34 33 32 32 32 32 32 32 32 32 32 32 32 32 31 31 30 31 31 32 32 31 31 31 31 31 32 32 32 32 31 30 30 30 30 30 30 31 31 32 32 32 32 32 32 32 32 32 33 34 35 36 36 38 38 38 38 40 43 44 44 44 46 47
-999 -999 32 32 32 32 34 34 34 34 36 37 36 36 38 39 39 39 38 37 36 36 36 34 34 34 33 33 34 35 35 33 34 33 32 32 32 32 32 32 32 32 32 32 32 32 32 31 30 31 32 32 31 31 31 31 31 31 32 32 31 32 31 30 30 30 30 30 30 30 31 32 32 32 32 32 32 32 31 32 33 34 34 36 42 38 38 40 42 42 43 43 42 43 43 45
-999 -999 -999 33 32 33 34 34 33 35 35 36 36 37 39 39 39 39 39 38 37 36 37 36 35 34 34 33 33 33 35 35 33 33 33 32 31 32 32 32 32 32 32 32 32 32 32 31 31 31 32 32 31 31 31 31 31 32 31 32 32 32 31 31 30 30 30 30 30 31 31 32 32 32 32 32 32 32 32 32 33 34 35 36 37 38 38 39 40 42 42 40 43 43 44 45
-999 -999 -999 -999 -999 -999 -999 -999 -999 35 37 37 37 37 39 39 39 40 39 38 39 39 37 36 36 35 34 34 33 34 35 35 34 33 33 33 32 32 33 32 32 32 32 32 32 32 32 32 31 30 31 31 31 31 32 32 31 32 32 32 32 33 31 31 31 31 31 31 31 31 32 31 32 32 32 32 32 32 32 32 34 34 35 35 37 37 37 37 39 40 39 41 43 44 43 45
-999 -999 -999 -999 -999 -999 -999 -999 -999 35 37 37 39 38 39 39 39 39 41 41 40 38 38 38 37 36 34 35 34 33 35 35 33 34 33 33 33 33 33 33 33 32 33 32 32 32 32 32 31 31 31 31 32 31 31 32 32 32 33 33 32 32 32 30 31 31 31 31 31 32 32 32 32 32 32 32 32 32 32 33 34 35 35 36 36 37 37 36 39 40 41 42 45 44 45 44
-999 -999 -999 -999 -999 -999 -999 -999 37 37 37 38 39 39 40 40 39 41 41 41 41 39 38 37 37 37 35 34 34 34 33 34 35 34 33 33 33 33 33 33 33 33 33 32 32 32 31 31 31 31 31 31 32 32 32 32 32 33 33 34 34 32 31 31 31 31 31 31 31 31 31 32 33 33 32 32 32 32 34 34 35 35 35 36 36 37 37 36 37 38 40 43 43 45 43 46
-999 -999 -999 -999 -999 -999 -999 -999 -999 37 39 39 39 39 40 41 39 40 41 41 41 40 39 38 38 37 36 35 35 34 33 33 35 35 33 33 33 33 33 33 33 32 32 32 32 32 32 31 31 31 31 31 31 32 34 33 34 34 34 33 33 31 32 31 31 31 31 31 31 31 31 32 32 32 32 32 32 32 34 34 34 34 35 36 36 37 37 37 37 38 40 43 43 42 43 44
-999 -999 -999 -999 -999 -999 -999 -999 -999 39 39 40 40 40 41 39 41 41 41 41 41 41 40 38 37 37 36 36 36 33 33 33 34 34 34 33 33 33 33 33 32 32 32 32 32 32 32 32 32 31 32 31 31 32 32 33 33 33 37 34 36 32 32 31 31 31 31 31 31 31 32 31 32 32 33 33 33 33 33 34 34 34 36 36 36 37 37 38 37 39 40 43 44 44 44 44
-999 -999 -999 -999 -999 -999 -999 -999 -999 -999 -999 41 41 41 41 39 41 43 42 42 41 40 40 39 39 37 36 36 36 35 34 33 33 33 34 34 34 34 33 33 33 32 33 33 33 32 32 32 32 32 32 31 31 31 31 31 32 33 35 36 33 32 32 32 31 31 31 31 31 31 32 32 32 33 33 33 33 34 34 34 34 35 36 37 37 37 37 38 38 38 40 41 41 42 41 46
-999 -999 -999 -999 -999 -999 -999 -999 -999 -999 -999 -999 42 41 41 41 41 41 42 42 41 41 41 39 39 38 37 36 36 36 34 33 33 33 34 34 34 34 34 33 33 33 33 33 33 33 33 32 32 32 31 31 31 31 31 31 31 32 34 34 33 33 32 32 31 31 31 31 31 31 32 32 32 32 33 33 33 33 34 35 35 35 35 37 37 37 37 37 38 38 40 42 42 39 41 44
-999 -999 -999 -999 -999 -999 -999 -999 -999 -999 -999 -999 -999 -999 42 43 42 43 43 43 41 41 41 40 39 39 38 37 36 36 36 34 34 34 33 33 33 33 33 33 33 34 33 34 33 33 33 33 32 32 32 31 31 31 31 31 31 31 34 34 33 33 33 32 32 31 31 31 31 31 32 32 32 32 33 33 33 34 34 34 35 35 36 36 37 37 38 38 38 39 40 40 38 45 44 42
-999 -999 -999 -999 -999 -999 -999 -999 -999 -999 -999 -999 -999 -999 42 43 42 43 43 42 42 41 42 40 40 40 39 38 37 36 37 36 34 34 34 33 33 33 33 34 34 33 34 34 34 33 33 33 32 32 32 32 31 31 31 31 31 31 32 32 32 32 33 32 32 31 31 31 31 31 32 32 32 32 32 32 33 34 34 34 35 35 36 36 37 37 37 37 38 39 40 41 38 41 43 46
-999 -999 -999 -999 -999 -999 -999 -999 -999 -999 -999 -999 -999 -999 44 44 43 44 44 44 44 42 42 40 40 40 39 39 39 39 37 36 36 34 34 34 34 34 34 34 34 34 35 34 34 34 33 33 33 32 32 32 32 32 32 31 30 30 31 32 32 33 32 33 32 31 30 30 30 31 31 32 32 32 33 33 33 33 34 35 35 35 35 35 35 36 37 37 38 40 40 40 40 41 41 44
-999 -999 -999 -999 -999 -999 -999 -999 -999 -999 -999 -999 -999 -999 43 44 44 44 45 44 45 44 42 40 40 40 40 40 39 39 37 37 36 36 34 34 34 35 34 34 34 34 35 35 35 34 34 33 33 33 32 32 32 32 31 30 30 30 30 30 32 32 32 32 32 31 31 30 30 30 32 32 32 32 32 33 33 33 34 35 35 35 35 35 35 35 36 37 37 38 40 40 40 42 44 44
-999 -999 -999 -999 -999 -999 -999 -999 -999 -999 -999 -999 -999 -999 -999 44 44 44 45 45 44 44 42 42 40 41 40 40 39 39 39 38 37 37 35 35 34 35 34 34 34 34 35 35 35 35 34 34 33 33 33 32 32 31 31 31 30 30 30 31 32 32 32 32 32 31 31 31 30 30 31 32 32 33 33 33 33 33 34 34 35 35 35 35 35 35 36 36 37 37 38 39 39 42 42 43
-999 -999 -999 -999 -999 -999 -999 -999 -999 -999 -999 -999 -999 -999 -999 43 43 44 44 45 44 44 43 42 42 41 41 41 40 40 39 39 39 38 37 36 36 35 35 34 34 34 35 35 35 35 35 34 33 33 32 32 32 31 31 31 31 30 30 30 32 32 33 32 33 31 32 32 32 31 32 32 32 33 33 33 33 33 34 34 35 34 35 35 35 35 36 36 37 37 38 37 38 42 40 43
-999 -999 -999 -999 -999 -999 -999 -999 -999 -999 -999 -999 -999 -999 43 43 44 43 45 44 44 44 44 42 42 42 41 41 40 40 40 40 40 39 37 36 36 36 35 34 34 35 35 36 35 35 35 33 33 33 32 32 32 31 31 30 30 30 30 30 31 32 31 32 32 31 33 32 32 33 32 32 32 33 33 33 33 34 33 34 34 35 35 35 35 35 35 36 36 36 36 37 36 38 41 40
-999 -999 -999 -999 -999 -999 -999 -999 -999 -999 -999 44 43 43 44 45 45 45 45 45 45 45 44 43 42 42 42 41 40 40 40 40 40 39 37 36 36 36 35 34 34 35 34 35 35 35 35 34 33 33 32 32 32 32 30 30 30 30 29 30 30 31 30 32 32 32 32 33 32 32 33 33 32 33 33 33 33 33 34 34 34 34 35 35 35 35 36 36 36 36 36 37 36 37 39 41
-999 -999 -999 -999 -999 -999 -999 -999 -999 -999 45 44 44 45 45 42 45 45 46 46 45 45 45 44 43 42 42 42 41 41 41 40 40 39 38 37 37 37 35 35 34 35 35 34 35 36 35 34 34 33 32 32 31 30 30 29 30 29 30 30 30 30 31 31 32 32 31 32 32 33 33 32 32 33 33 33 34 33 33 34 34 35 35 36 35 35 35 36 36 36 35 37 37 36 39 38
-999 -999 -999 -999 -999 -999 -999 -999 -999 -999 46 46 44 45 45 44 45 46 46 46 45 45 46 44 45 43 42 42 41 41 41 40 40 38 38 38 37 37 36 34 34 34 34 34 34 35 34 34 34 33 32 32 31 31 29 29 28 28 28 29 30 29 30 31 30 31 31 31 32 33 33 33 31 32 33 33 33 33 33 34 35 35 36 35 36 35 35 35 35 35 36 36 37 38 36 40
-999 -999 -999 -999 -999 -999 -999 -999 -999 -999 46 46 46 46 45 44 44 46 46 46 47 47 47 47 46 45 43 42 43 40 39 38 38 39 39 38 38 37 36 35 34 33 34 33 34 34 34 34 33 33 32 31 31 31 29 28 28 28 27 28 28 28 29 30 30 31 31 32 32 32 33 32 31 32 33 33 33 33 34 34 35 35 35 35 36 35 35 35 36 36 36 36 37 35 36 38
-999 -999 -999 -999 -999 -999 -999 -999 -999 -999 46 46 46 47 47 47 46 46 47 47 47 47 47 47 47 44 43 42 42 42 40 39 39 39 39 39 38 38 36 35 34 34 33 33 33 33 34 34 33 33 32 31 31 31 29 28 28 28 26 27 28 28 28 30 30 30 31 31 32 31 31 31 31 31 33 33 33 33 33 34 34 34 35 36 36 36 35 35 36 36 37 38 38 36 39 38
-999 -999 -999 -999 -999 -999 -999 46 46 46 48 48 47 46 46 45 45 47 49 47 46 46 48 47 46 45 46 43 41 41 40 40 41 40 39 39 38 38 36 35 34 34 32 34 33 33 33 34 34 33 33 31 31 30 29 29 28 28 27 27 28 28 29 29 30 30 31 31 31 32 33 31 31 31 32 33 33 33 33 34 34 34 35 35 35 35 35 35 35 36 37 36 36 36 36 38
-999 -999 -999 -999 -999 -999 44 47 47 49 49 47 45 45 45 44 45 48 49 48 46 47 47 45 46 47 46 45 44 44 44 43 44 43 43 39 39 37 36 35 34 34 33 34 34 34 33 34 33 33 33 32 32 30 30 29 29 28 28 28 28 29 29 29 30 30 31 31 32 33 33 32 31 32 32 32 33 32 33 33 33 34 35 35 35 35 36 36 35 35 36 36 36 37 37 37
-999 -999 -999 -999 -999 -999 -999 45 49 49 49 49 47 48 47 46 46 47 48 49 48 48 47 47 49 49 48 45 47 47 46 45 44 46 42 40 39 39 37 35 35 34 34 34 34 34 33 33 33 33 33 32 31 31 30 29 29 29 29 29 29 29 29 29 29 30 31 33 32 33 32 32 32 32 32 32 33 33 33 33 33 34 34 34 35 35 35 35 35 34 36 36 36 36 38 37
-999 -999 -999 -999 -999 -999 -999 -999 -999 49 47 49 48 48 47 48 48 48 48 49 49 48 47 47 51 50 50 48 47 48 48 46 46 47 43 41 40 39 37 36 35 35 34 34 34 34 34 33 33 33 33 32 31 32 31 30 30 29 29 30 29 29 29 29 29 30 32 33 33 33 33 34 32 32 32 33 32 32 33 34 33 34 34 35 35 35 35 34 34 34 34 36 36 36 36 36
-999 -999 -999 -999 -999 -999 -999 -999 -999 48 49 49 48 48 49 48 48 49 50 49 50 48 49 49 49 52 52 50 48 48 46 50 47 48 45 42 41 39 38 36 36 35 34 35 35 34 34 33 33 33 33 32 31 32 31 31 30 31 30 30 29 29 29 30 29 30 31 32 33 34 34 34 32 32 33 33 32 32 32 33 33 33 34 34 35 33 33 34 34 34 34 35 36 36 36 36
-999 -999 -999 -999 -999 -999 -999 -999 -999 50 52 50 49 49 49 49 49 50 51 52 52 50 51 50 50 52 51 50 49 49 46 49 49 49 45 44 42 40 39 39 37 36 36 36 36 35 34 34 34 33 33 32 32 32 32 31 31 31 31 31 31 30 31 30 31 31 31 32 33 34 35 35 33 33 33 33 33 33 33 32 33 33 33 33 33 34 33 34 34 34 34 34 35 35 36 36
-999 -999 -999 -999 -999 -999 -999 -999 -999 53 52 52 51 49 50 50 50 51 52 52 51 50 50 50 50 50 50 51 51 51 48 48 49 51 50 47 44 43 40 39 38 37 36 37 37 36 35 34 34 34 33 32 32 32 32 32 32 32 32 31 32 31 31 31 31 31 31 32 34 34 34 36 35 34 34 33 33 33 33 32 32 32 32 32 33 32 32 33 34 33 32 33 34 35 36 38
-999 -999 -999 -999 -999 -999 -999 -999 -999 -999 54 55 53 51 54 52 52 52 52 52 51 51 52 52 51 53 53 51 52 51 50 48 48 49 52 51 48 44 41 39 38 38 36 37 37 36 36 35 34 34 33 32 32 32 32 32 32 32 32 33 33 32 31 31 31 31 31 32 33 34 34 36 36 36 36 35 33 33 33 32 33 32 32 32 32 32 32 34 34 33 32 34 36 36 38 41
