grids/precipitation/apr/RSMS_04_1881_01.asc
NCOLS 654
NROWS 866
XLLCORNER 3280414.711633467
YLLCORNER 5237500.62890625
CELLSIZE 1000
NODATA_VALUE -999
[rows 530 to 582 of 866, columns 288 to 383 of 654]
27 27 26 26 26 26 25 26 22 21 22 23 24 23 22 22 22 22 25 25 26 26 27 25 26 27 27 27 28 27 27 25 26 26 25 26 26 26 26 26 26 27 28 28 28 30 30 30 29 30 30 32 32 31 31 31 32 34 34 34 33 35 36 36 37 35 37 36 36 35 35 34 34 34 34 35 35 36 38 37 37 38 36 37 37 38 37 38 38 38 40 41 41 46 46 45
27 26 25 25 25 26 24 20 20 21 23 25 26 25 24 23 24 24 24 26 26 26 25 25 25 26 25 26 26 25 25 26 25 29 26 26 26 26 27 28 28 26 27 29 30 30 30 31 31 31 31 32 32 31 31 31 31 32 34 34 32 34 35 35 35 35 37 39 38 40 37 35 35 35 38 37 37 37 38 38 39 38 37 38 38 40 41 38 38 38 40 40 40 46 42 44
29 26 24 24 24 25 25 20 22 24 25 26 26 24 23 23 23 25 26 26 25 26 25 25 25 24 26 27 26 25 25 26 26 28 29 28 27 26 28 28 28 28 27 29 29 30 30 30 30 30 31 30 30 31 32 31 31 32 34 34 32 34 35 37 36 34 36 38 38 38 38 35 37 40 39 38 38 38 37 39 38 37 38 40 40 40 41 40 38 38 39 40 40 46 45 47
28 26 23 25 23 24 23 21 20 23 24 25 26 24 24 22 23 25 26 26 25 25 24 25 25 25 25 26 26 26 26 26 26 26 30 32 29 28 29 28 29 27 27 30 30 30 31 30 30 30 29 29 29 31 32 32 31 30 34 32 34 32 35 35 35 34 38 37 38 39 38 36 37 40 37 37 36 36 37 38 38 38 38 39 40 39 42 44 39 40 40 40 40 46 47 46
27 26 24 23 22 21 23 20 21 23 24 25 24 24 26 26 23 24 25 24 25 24 23 24 24 25 26 26 27 27 28 28 27 28 31 32 31 32 31 29 29 28 30 29 30 30 30 30 30 30 31 30 30 30 31 31 31 32 32 32 34 34 35 35 36 35 35 37 38 39 38 36 35 37 40 38 37 36 36 38 37 38 38 39 40 40 41 41 40 44 44 40 46 46 48 46
26 26 25 24 25 24 23 20 20 20 22 23 24 24 24 25 23 24 24 24 23 23 24 25 25 25 26 27 28 28 28 28 28 30 32 32 32 32 31 30 32 31 29 29 29 31 30 31 31 33 30 32 32 31 32 33 32 34 34 33 33 35 35 34 33 35 37 38 37 38 38 37 35 36 38 37 35 36 36 38 38 36 37 38 40 40 41 44 42 40 42 45 46 46 47 48
25 25 25 24 24 25 23 21 21 22 23 22 25 25 25 25 23 24 24 24 22 25 25 26 25 26 27 27 28 28 29 29 29 31 33 32 33 31 30 30 31 30 30 30 30 32 32 34 32 32 32 33 32 31 33 34 34 34 34 35 33 33 33 33 36 34 37 38 36 37 37 36 35 36 35 35 36 36 36 36 36 36 36 38 38 40 40 42 40 39 42 44 44 44 44 46
24 25 25 24 24 24 23 20 21 20 21 21 21 23 24 25 23 24 25 23 24 24 25 25 25 27 27 27 27 28 27 28 28 32 32 34 31 30 30 30 29 30 30 31 30 31 32 34 32 32 34 32 32 32 32 34 33 34 35 35 33 32 32 34 34 37 37 38 37 39 37 36 35 36 37 37 38 36 36 36 36 36 37 37 38 39 39 40 40 38 40 40 41 40 41 41
24 24 24 24 25 25 23 21 21 23 22 21 23 25 25 25 23 23 24 23 25 26 26 26 26 27 27 28 29 27 26 27 28 29 28 33 30 30 30 29 30 30 31 30 30 32 32 34 32 34 33 34 33 34 34 34 35 34 36 35 34 34 32 33 36 35 37 37 36 37 36 36 34 36 37 36 36 36 36 35 35 36 37 38 38 38 38 37 38 38 39 40 39 39 39 40
24 24 24 24 24 24 23 21 20 21 21 23 23 24 24 24 23 22 24 24 24 25 25 26 27 27 27 27 27 26 26 28 28 29 29 31 35 33 30 30 30 31 30 31 31 34 32 33 33 34 33 38 38 36 37 36 35 35 35 34 35 34 32 33 35 38 37 36 36 36 34 34 36 35 35 35 38 37 36 35 36 39 36 36 38 38 37 37 36 37 40 39 37 37 39 41
23 25 24 25 24 23 22 20 20 21 23 23 23 23 24 23 23 23 23 24 25 24 26 26 27 27 28 27 26 27 27 28 28 28 29 32 34 34 33 31 31 31 31 31 33 32 32 33 33 32 34 35 34 35 36 38 35 35 34 33 34 33 33 34 38 38 37 35 35 35 33 34 35 35 36 37 36 35 34 36 36 36 36 37 37 37 38 37 36 36 37 37 38 39 40 41
25 25 25 25 24 24 23 21 20 23 21 23 22 24 24 24 23 23 24 24 25 27 25 25 26 26 26 27 26 27 27 27 27 28 28 29 30 31 35 32 32 31 31 30 32 31 33 35 34 34 33 34 33 34 34 39 40 38 36 35 33 33 33 33 36 38 36 36 35 34 33 35 36 36 36 37 37 37 34 36 36 35 35 36 36 36 37 37 36 36 36 38 41 41 40 43
25 25 23 25 24 24 24 21 20 21 21 23 22 23 24 24 24 25 25 24 26 26 25 27 28 28 28 27 27 27 28 27 28 28 28 29 29 29 30 35 36 32 31 30 31 33 34 35 35 35 35 35 38 35 34 37 38 40 37 35 35 33 33 32 33 37 35 33 33 31 32 33 36 36 38 35 35 37 35 34 34 35 35 35 37 36 36 36 36 37 37 42 41 41 41 43
24 25 25 23 24 23 21 22 21 21 22 22 24 24 24 24 24 24 25 25 26 27 26 26 27 28 29 28 29 28 28 26 27 28 29 29 30 30 29 36 37 32 31 31 32 33 34 35 35 35 37 34 35 34 33 33 34 39 36 34 33 33 32 33 33 33 34 31 31 31 32 33 36 37 36 34 34 35 34 34 34 34 34 34 35 35 36 36 36 38 38 41 43 42 43 42
23 25 23 21 21 23 22 20 25 21 23 23 23 23 23 24 23 25 25 26 27 26 26 28 27 27 28 29 28 28 29 29 28 28 29 30 30 30 30 31 30 31 32 32 31 31 34 34 34 33 35 33 33 33 34 33 35 35 40 35 34 34 32 33 31 33 34 29 29 31 33 34 36 40 36 35 33 33 34 35 36 38 38 37 35 36 36 37 39 36 37 39 39 39 41 42
23 23 22 23 21 22 25 24 24 23 23 23 23 23 23 24 25 25 26 26 27 27 27 29 28 28 29 29 29 30 29 29 29 29 29 29 30 31 30 31 30 30 31 34 32 34 34 32 32 32 32 35 35 34 32 32 33 35 40 39 38 37 36 31 31 31 31 28 31 29 30 34 36 38 36 34 33 33 35 35 36 42 38 36 37 37 38 38 38 37 37 37 37 39 39 39
22 22 22 23 23 24 23 25 25 25 24 24 23 23 24 23 26 26 27 28 29 28 29 28 29 29 30 30 30 30 31 29 31 31 31 30 30 32 31 31 31 31 31 33 35 35 35 36 33 34 35 36 35 35 33 32 35 33 34 34 38 38 33 33 33 30 30 28 29 29 32 32 34 34 36 34 34 34 35 39 36 36 36 41 39 36 37 40 39 38 41 39 37 38 39 41
23 23 24 26 26 22 24 25 24 25 24 25 24 24 23 25 26 26 27 28 28 28 30 30 29 29 30 30 31 31 30 31 31 31 31 32 32 31 31 32 32 31 31 32 35 36 35 35 35 36 36 36 36 35 34 33 33 33 33 34 38 36 33 33 33 31 30 29 30 30 31 33 34 33 34 34 34 34 36 39 42 38 36 40 39 38 37 40 39 38 38 39 40 40 39 39
24 27 25 25 26 25 26 23 25 26 25 25 24 24 24 24 25 27 27 28 26 29 29 29 30 31 30 31 31 30 30 31 30 30 30 32 33 32 32 32 31 31 31 33 35 37 37 37 35 36 36 35 35 35 34 34 35 34 32 33 38 36 35 33 32 31 32 33 31 30 34 33 32 33 33 34 34 36 39 42 43 38 37 36 37 38 38 39 38 39 41 41 40 41 39 40
24 25 25 25 26 25 25 25 25 26 25 25 24 24 24 25 25 26 27 27 27 28 27 30 30 31 30 31 31 31 31 31 31 32 31 31 32 31 31 32 31 31 32 33 36 37 36 37 37 37 37 36 35 34 36 36 37 35 34 32 35 35 36 38 33 31 33 33 33 33 34 32 32 32 33 33 34 38 41 43 40 40 38 37 37 38 39 39 41 46 50 46 41 43 45 43
26 27 27 25 24 25 24 24 24 26 26 25 25 24 25 25 27 27 27 28 27 27 30 30 30 30 31 29 31 32 31 31 31 31 31 30 31 31 31 31 31 31 32 32 35 39 40 40 38 37 41 38 38 40 40 37 35 33 33 33 34 34 35 37 34 32 33 34 34 34 34 33 32 32 34 34 37 42 42 40 41 42 43 41 42 42 42 43 46 47 47 46 42 43 45 46
28 27 26 25 24 24 24 25 26 26 27 26 25 25 26 25 27 27 27 27 28 28 29 30 31 31 30 32 33 32 31 31 31 32 32 30 29 29 31 31 31 31 31 32 35 40 40 39 39 38 39 38 39 37 36 36 36 36 36 34 34 38 38 35 33 33 33 36 36 36 34 32 34 34 35 34 36 38 38 37 39 40 47 46 47 46 46 46 43 47 47 46 43 44 46 45
28 28 27 25 24 25 24 25 27 27 26 26 26 24 26 26 26 27 27 28 27 28 29 29 30 29 29 33 31 32 32 31 31 32 33 32 31 29 31 31 31 31 31 32 33 37 37 42 40 40 42 42 41 37 38 40 36 35 34 34 34 35 37 38 34 33 34 37 35 34 34 33 34 34 34 37 40 39 37 41 42 41 47 47 48 47 46 47 45 44 46 43 48 45 46 45
28 27 26 26 26 25 25 26 27 26 26 25 26 25 25 25 26 27 26 28 26 28 30 28 30 30 30 31 32 30 30 31 31 32 32 34 32 31 31 32 31 31 32 32 33 35 39 37 40 40 42 41 42 42 40 42 38 36 35 39 34 34 37 38 34 34 38 38 36 34 35 33 34 34 35 36 39 44 41 39 39 44 46 47 46 47 48 44 46 48 43 48 48 49 49 50
29 27 28 27 27 27 25 27 28 27 25 25 25 26 25 25 26 26 26 27 27 28 29 29 30 27 32 31 30 31 31 31 32 31 34 34 33 32 32 32 31 31 31 33 35 33 35 38 40 39 40 42 40 41 40 40 36 36 36 35 34 35 35 37 36 34 36 38 37 37 36 34 34 36 38 39 45 46 46 43 41 43 48 48 47 47 46 46 45 48 46 48 47 45 48 48
29 27 27 29 29 27 26 27 28 26 25 25 25 25 25 25 26 26 26 26 27 27 29 29 30 29 28 30 31 32 32 32 34 33 30 31 32 32 32 32 31 31 32 33 35 34 35 37 38 38 39 40 40 40 39 40 41 40 38 36 35 34 35 39 37 36 36 35 37 37 34 34 36 36 37 39 39 44 46 47 42 47 48 48 46 46 47 46 46 43 47 42 48 48 47 48
28 29 29 29 29 28 27 28 27 26 25 25 25 25 25 25 25 26 26 26 27 27 26 26 26 29 30 31 32 31 32 34 35 33 33 31 34 32 33 32 32 32 31 32 33 32 35 38 37 36 36 38 38 38 38 38 37 41 37 36 36 34 36 37 40 37 34 36 37 35 34 34 36 37 36 37 38 42 44 48 47 48 48 48 49 48 47 48 46 45 43 47 48 47 47 47
27 29 29 28 29 27 28 27 27 25 26 25 25 25 25 25 25 26 26 26 26 26 26 27 27 26 30 31 31 33 32 33 33 34 34 33 32 31 32 31 32 32 32 32 33 32 37 38 37 36 34 35 36 38 38 36 36 36 36 36 36 36 36 36 36 37 36 37 36 34 34 37 36 38 37 37 39 44 48 48 46 43 47 47 46 47 48 45 45 44 46 46 47 47 46 47
28 28 27 28 28 26 29 28 28 28 26 26 26 26 25 25 26 26 26 26 26 26 27 27 29 27 28 29 31 31 31 31 31 32 32 32 33 31 31 31 32 31 31 32 35 32 35 36 36 36 36 36 36 38 37 37 38 38 38 37 38 39 38 37 40 37 36 36 35 35 35 37 38 37 38 37 42 47 49 43 45 41 47 48 46 46 47 46 46 44 47 48 47 47 47 46
28 27 28 28 27 29 29 28 28 27 26 25 26 25 25 26 26 26 26 26 27 27 27 27 28 28 27 28 29 30 29 31 31 32 32 32 32 31 32 31 31 31 31 31 32 32 32 35 36 36 35 34 36 35 36 38 37 42 42 44 41 38 38 38 42 38 36 36 35 35 35 37 37 37 38 39 39 43 42 43 41 47 48 48 47 46 46 46 45 45 45 46 46 46 46 46
27 28 28 27 27 30 30 29 28 27 26 27 26 26 27 26 25 25 26 26 27 27 27 27 28 28 29 27 27 28 28 29 29 29 30 31 31 31 32 32 32 31 32 31 31 32 32 36 35 35 34 36 33 35 36 38 37 38 38 38 38 40 38 38 40 38 36 35 35 35 37 37 37 38 39 39 39 39 39 40 45 46 48 48 48 47 46 46 46 45 45 45 46 46 46 46
27 29 28 29 29 29 29 29 27 27 27 27 26 26 27 26 26 26 26 26 27 27 27 28 28 28 29 29 28 29 31 29 29 30 31 31 31 32 32 33 32 32 32 32 31 31 32 35 35 36 36 36 33 34 35 37 36 38 38 38 39 40 38 36 39 38 36 35 35 38 37 37 38 40 40 38 38 39 39 43 42 48 49 48 47 48 47 46 47 46 45 45 45 45 45 45
28 28 29 30 29 29 29 29 29 28 28 27 27 27 27 26 26 26 27 27 27 27 27 27 28 29 29 29 29 29 31 30 32 32 32 33 32 33 35 33 33 33 32 32 32 31 31 31 33 35 37 34 34 37 38 37 38 36 37 40 39 40 38 36 36 36 36 35 35 37 39 38 39 39 39 39 39 39 39 41 43 48 49 49 47 48 48 48 47 48 46 45 45 45 45 45
31 29 29 30 30 30 29 30 28 28 28 28 28 28 28 27 27 27 27 27 28 28 28 28 28 29 29 30 30 30 30 32 32 32 33 35 34 35 34 35 35 34 34 33 33 33 33 33 33 33 33 32 34 37 37 34 38 38 36 38 38 38 37 36 36 35 35 36 36 37 38 39 39 38 39 37 38 39 39 41 43 43 48 49 51 48 49 49 48 49 48 46 45 45 45 45
31 28 31 31 30 29 29 28 29 28 28 28 28 28 29 28 27 27 27 28 28 28 28 28 28 28 30 31 31 31 31 32 32 33 33 34 35 36 36 36 35 35 34 33 34 36 36 34 35 33 32 32 33 32 33 35 37 37 37 35 36 35 37 37 35 35 35 36 35 37 37 37 38 37 38 39 38 39 40 42 48 49 50 50 50 50 50 49 49 48 48 46 44 45 44 45
28 28 29 30 29 29 30 28 28 28 29 29 29 30 29 28 27 27 27 28 28 28 28 28 28 29 30 31 31 31 32 33 32 33 34 35 36 36 36 37 37 37 35 34 36 36 38 35 38 35 35 37 36 36 34 34 36 37 37 36 37 36 41 37 35 35 35 35 36 37 37 37 37 37 37 37 39 41 46 44 49 48 50 50 50 51 52 52 49 48 48 46 45 45 45 43
29 31 29 29 29 29 29 28 29 30 29 29 29 30 29 29 27 27 27 27 28 27 28 28 29 29 30 31 32 31 33 33 33 34 36 37 37 37 37 38 43 38 36 34 39 42 41 38 36 36 36 36 36 34 34 33 34 35 36 37 36 36 36 37 37 35 35 35 38 37 37 37 37 39 37 39 40 41 41 45 47 49 49 49 51 53 54 50 49 48 48 47 45 44 45 44
33 32 32 31 30 30 29 30 29 30 30 30 30 30 30 29 28 28 28 28 28 28 28 28 29 29 29 31 32 33 33 33 34 35 36 39 40 42 40 41 40 38 37 39 39 38 41 40 39 38 36 38 36 36 36 34 33 33 34 34 34 34 35 36 36 34 35 35 36 37 37 37 37 37 39 39 42 50 48 47 50 50 50 51 50 50 53 50 48 48 48 48 45 45 43 43
34 33 32 31 31 30 31 30 30 30 31 31 32 31 30 30 28 29 29 29 28 28 28 29 29 29 29 31 31 33 33 34 34 35 36 41 44 44 43 41 40 40 40 40 40 39 38 40 41 39 39 38 36 36 37 33 33 33 33 33 33 33 35 37 36 33 35 35 35 35 36 36 36 39 39 41 44 50 52 51 50 50 51 50 50 50 50 49 49 48 48 45 46 45 45 42
33 33 33 33 32 31 30 30 30 31 32 32 32 32 32 30 28 29 30 30 28 28 29 29 29 29 31 31 31 32 33 34 35 36 36 39 41 44 44 44 40 42 44 44 40 40 42 39 38 38 38 37 38 38 35 37 33 33 33 32 33 33 33 33 33 33 35 35 35 36 36 36 38 38 41 42 43 45 46 45 47 51 51 50 49 50 50 49 48 48 48 48 46 45 44 44
33 33 33 33 32 31 31 30 30 30 31 32 32 32 32 32 28 30 30 29 29 28 29 29 30 30 31 31 32 32 33 34 35 36 36 40 40 44 44 40 43 40 40 42 42 42 41 40 40 37 37 36 37 37 37 35 35 34 33 35 34 33 33 33 34 34 35 35 35 36 36 38 37 38 41 42 43 45 48 48 52 53 50 49 48 49 50 48 48 48 47 45 47 46 44 44
33 34 34 33 33 32 32 30 31 30 31 31 30 31 31 28 29 29 29 29 29 29 28 29 31 30 31 31 31 33 33 34 36 36 40 38 40 44 44 40 43 38 40 40 40 41 42 41 40 39 37 37 37 37 35 36 38 37 37 35 35 35 35 35 33 33 33 34 34 35 36 37 39 38 39 39 41 44 48 53 55 53 51 50 50 48 50 50 50 48 48 47 48 48 45 45
35 33 35 33 33 33 31 30 29 30 31 32 32 32 32 31 29 29 29 29 29 28 29 30 30 31 31 31 31 32 34 34 36 36 38 40 40 40 44 41 42 40 39 39 39 40 41 42 40 39 39 38 39 37 36 35 37 36 37 37 35 34 35 36 35 35 34 34 34 34 35 36 39 39 39 41 41 45 48 52 53 52 53 49 47 46 51 50 50 50 48 47 48 48 48 46
33 34 36 33 33 32 31 30 30 29 31 31 32 33 33 32 30 31 31 31 29 29 29 31 31 31 31 31 31 33 34 34 36 38 38 40 39 39 42 40 39 40 38 38 38 40 38 40 38 36 37 39 39 39 37 36 35 35 35 37 36 35 36 35 36 37 36 35 34 35 35 36 37 39 39 39 41 45 49 50 53 50 50 49 49 53 50 47 51 50 50 47 48 48 48 47
32 34 35 34 33 32 31 31 30 30 30 31 31 33 33 31 29 31 32 30 30 30 30 32 32 32 32 32 33 34 34 34 37 42 41 41 41 40 40 39 38 38 37 37 37 38 38 38 38 36 38 39 39 39 39 37 37 36 35 36 36 37 37 36 36 38 38 36 34 34 34 36 36 36 37 39 40 41 41 41 43 52 53 52 49 47 50 51 53 53 51 49 46 48 48 48
33 34 35 34 33 31 31 31 31 31 31 33 33 33 30 30 32 32 31 31 31 30 31 31 32 33 32 34 35 36 36 37 38 40 40 45 46 45 44 44 44 41 42 40 40 38 36 36 37 38 38 37 37 37 37 37 37 37 35 35 35 35 35 36 37 36 36 37 36 35 36 36 37 37 38 36 37 36 38 41 45 47 51 51 49 55 52 51 53 53 51 50 48 47 49 47
35 33 34 33 33 32 32 31 31 31 31 32 32 33 30 30 30 30 29 29 30 29 31 34 33 33 34 34 35 35 36 36 37 38 38 40 44 45 45 44 45 43 42 40 38 38 38 37 35 35 37 37 35 36 36 36 36 36 37 35 35 37 35 35 36 36 36 36 37 36 37 37 37 37 37 35 37 36 39 46 50 51 53 54 50 55 53 54 48 50 50 50 49 47 47 47
34 33 33 33 32 31 32 31 31 31 31 32 32 32 32 32 30 29 31 29 29 31 33 33 33 34 34 34 34 35 35 36 37 36 44 44 42 45 44 44 43 43 42 41 40 40 38 38 37 37 35 35 36 35 34 35 35 35 37 37 37 37 37 36 36 35 35 36 36 39 37 36 36 36 36 36 34 36 45 48 50 47 50 51 53 55 53 51 52 50 51 51 49 48 45 48
31 33 32 32 32 32 32 32 32 32 31 31 32 31 34 31 29 32 30 31 31 32 32 33 34 35 35 35 36 36 37 37 37 37 39 41 45 45 47 44 44 43 42 41 39 39 39 39 37 37 37 37 37 37 36 35 35 34 33 36 36 36 36 36 37 36 36 36 35 36 37 36 36 35 36 36 36 37 38 48 45 48 50 53 53 54 53 53 51 48 48 49 48 48 47 47
32 31 32 33 34 34 32 31 32 31 31 31 33 32 32 31 32 33 33 32 32 32 32 34 35 35 35 37 37 37 36 37 37 37 38 40 43 44 44 44 41 41 41 40 39 37 39 39 39 40 39 39 35 37 35 35 35 34 33 35 35 35 35 36 35 35 37 40 40 39 36 36 35 35 34 35 37 37 40 41 44 42 50 52 48 53 51 50 49 45 50 49 50 49 49 43
32 34 33 33 32 34 32 33 33 32 31 32 32 32 32 34 30 32 32 32 32 32 34 34 35 35 36 37 37 37 37 37 38 38 39 42 44 44 44 44 41 42 38 37 39 37 37 39 37 38 38 38 36 35 35 34 33 33 33 35 34 34 34 34 34 34 36 36 36 35 35 35 35 35 34 35 37 37 38 39 42 40 48 49 50 53 53 50 45 42 50 48 48 47 49 46
32 32 33 34 33 33 33 33 33 32 32 32 32 33 32 34 32 30 30 31 32 32 33 33 34 35 35 37 38 38 37 38 38 39 41 44 44 44 44 43 42 42 40 39 36 36 35 36 36 36 37 35 35 35 35 35 36 34 36 35 34 34 34 34 34 34 34 34 35 35 36 38 36 34 35 35 36 37 39 38 39 39 45 48 45 50 49 50 50 41 48 45 41 48 49 49
32 32 33 32 31 33 33 33 32 34 33 33 32 32 31 34 33 33 32 32 32 32 33 33 34 36 37 39 40 39 37 39 39 40 43 46 46 46 43 43 41 41 39 37 39 38 37 37 37 35 35 35 37 36 37 37 38 36 36 36 34 34 36 36 35 35 36 36 38 38 38 36 36 35 35 35 36 37 37 40 40 41 42 42 45 50 48 44 49 41 46 43 46 41 45 50
