grids/precipitation/apr/RSMS_04_1883_01.asc
NCOLS 654
NROWS 866
XLLCORNER 3280414.711633467
YLLCORNER 5237500.62890625
CELLSIZE 1000
NODATA_VALUE -999
[rows 660 to 714 of 866, columns 288 to 383 of 654]
22 21 22 21 21 21 20 20 19 19 18 19 20 20 19 20 20 20 19 18 18 18 16 16 15 15 15 16 16 15 15 15 15 15 15 15 15 16 16 17 18 18 18 17 17 16 16 17 17 17 17 17 16 16 16 16 16 16 15 15 16 16 16 15 15 16 15 16 15 14 15 15 15 15 15 15 15 15 15 16 16 16 17 18 18 18 18 17 17 17 17 17 17 17 18 18
22 21 21 21 21 21 20 20 20 19 19 19 20 20 19 19 20 19 19 18 18 17 17 16 16 15 15 16 15 15 15 15 15 15 15 15 15 15 17 18 18 17 17 17 18 16 16 17 16 16 17 17 17 16 16 16 16 16 16 15 15 15 16 15 15 15 15 15 16 15 15 15 15 15 15 15 14 15 16 15 16 16 17 17 18 18 17 17 18 18 18 20 17 17 19 18
22 21 21 21 21 21 21 20 20 19 19 19 19 20 20 19 19 18 19 18 18 17 17 17 16 16 15 15 15 15 15 15 14 15 15 15 15 15 16 16 17 17 17 17 17 17 16 16 16 16 16 17 17 17 16 16 17 16 16 15 14 15 15 15 15 16 16 16 16 16 15 15 15 15 15 14 14 15 15 15 16 16 18 16 17 19 18 17 18 21 19 19 17 18 18 18
22 22 22 21 21 21 20 20 20 20 20 19 20 20 20 19 18 19 18 18 17 18 16 15 15 16 15 14 14 14 15 14 14 15 15 16 15 15 16 17 17 16 17 16 17 16 16 16 17 16 16 17 17 17 17 16 16 16 16 15 15 15 14 14 15 15 15 15 15 15 15 15 15 15 14 14 14 15 16 15 15 15 16 17 18 18 19 18 18 20 22 21 20 21 19 18
23 22 23 22 21 22 22 20 20 20 20 20 19 19 18 18 19 19 18 18 18 17 17 16 15 15 15 14 14 14 14 14 15 15 15 16 15 15 16 16 16 16 17 17 16 16 16 16 16 16 16 16 17 17 16 16 16 17 17 15 15 15 14 14 14 15 15 15 14 14 15 15 15 14 14 13 14 15 15 15 15 16 19 19 18 18 18 18 19 19 21 22 22 21 22 20
22 23 23 22 21 22 21 20 20 20 20 19 19 20 19 19 19 19 18 18 17 17 16 15 16 15 14 14 14 14 14 14 15 15 15 15 16 15 15 15 16 19 20 19 17 17 17 17 16 16 16 16 17 17 17 17 16 16 16 15 15 15 14 14 14 14 14 14 14 14 15 15 15 14 13 14 15 14 14 17 16 16 19 18 19 17 17 18 19 19 20 21 21 21 21 21
21 23 23 22 23 21 21 22 21 20 20 20 21 20 20 20 19 18 18 18 17 16 16 16 15 14 14 13 13 13 13 13 14 15 15 15 15 15 16 15 15 16 17 18 17 17 17 16 17 16 16 16 17 17 16 16 16 16 17 16 16 15 15 14 14 15 14 14 14 13 14 14 14 13 12 13 13 13 14 17 18 18 19 18 18 18 17 17 18 19 20 20 20 20 21 20
22 24 24 24 23 23 22 21 22 21 20 20 20 20 20 20 18 19 18 18 17 17 17 16 15 15 14 14 14 13 13 14 15 14 15 16 15 15 16 15 15 15 16 16 17 17 16 16 16 16 17 17 16 17 17 16 17 19 17 16 17 16 15 14 14 14 13 14 13 14 15 14 13 13 13 12 12 13 17 15 17 18 18 18 18 18 18 17 18 18 19 20 20 20 20 20
24 25 24 23 23 23 22 22 22 21 20 20 21 21 20 19 19 19 18 18 17 17 16 15 15 15 15 14 14 14 13 14 14 15 15 16 15 15 16 16 17 16 15 16 16 16 15 15 15 17 17 16 17 17 17 17 18 19 20 18 19 19 16 14 14 14 13 13 13 14 15 14 13 13 12 12 12 13 14 18 17 17 18 18 18 18 18 18 17 17 18 20 20 19 20 20
23 24 24 24 23 24 23 22 22 22 21 20 21 21 20 20 19 19 18 18 17 16 16 16 15 15 15 14 14 14 15 14 14 14 14 15 15 15 16 16 17 17 16 16 16 16 16 16 15 15 17 16 16 16 15 16 18 18 18 19 17 16 15 14 14 14 13 13 13 13 14 13 13 12 12 12 12 14 16 17 17 17 17 18 18 18 18 18 18 19 19 19 19 19 20 19
26 24 25 24 23 23 23 21 22 21 21 21 20 20 20 21 20 19 19 18 18 17 17 16 16 15 15 15 14 15 14 14 15 14 15 16 16 17 17 17 17 16 17 17 17 17 16 16 15 15 16 15 16 15 15 15 18 17 17 20 20 18 15 15 15 14 13 14 13 14 14 13 13 12 12 12 13 14 17 17 17 17 17 18 18 18 19 18 18 18 18 18 18 19 19 20
24 25 25 24 24 23 23 22 21 22 22 21 21 21 21 20 21 19 19 19 20 18 17 17 16 16 16 15 15 15 15 15 15 15 15 17 17 16 18 18 18 17 17 18 18 18 17 16 15 15 15 16 15 15 15 15 16 17 17 19 20 19 17 18 17 14 14 13 14 14 13 14 13 12 13 16 15 15 17 17 18 17 17 18 18 18 18 18 19 19 19 18 16 17 19 19
26 26 25 24 25 25 23 22 22 21 22 21 21 22 21 20 20 20 19 18 19 18 18 17 16 16 16 15 16 16 15 15 15 16 16 17 17 17 17 19 19 18 18 18 18 17 17 16 17 16 15 16 15 15 14 14 17 16 17 18 20 20 19 18 19 18 15 14 13 13 13 13 13 13 12 14 15 15 16 17 17 17 17 18 18 18 19 19 19 19 18 18 18 17 19 17
26 26 26 23 24 24 23 24 22 22 21 21 21 21 21 21 20 21 20 19 18 18 18 17 17 16 16 16 16 16 15 16 15 16 16 17 18 18 19 18 17 17 17 17 17 17 17 16 16 16 15 14 15 15 14 13 15 17 16 19 20 20 19 18 19 18 17 16 15 13 13 13 13 13 13 14 15 16 16 16 16 17 16 18 18 19 18 19 19 19 19 18 19 18 19 19
25 26 26 26 24 24 24 23 23 23 22 21 21 21 21 21 20 22 21 20 19 19 18 18 18 18 18 18 18 18 18 16 16 17 17 17 17 18 18 19 18 18 17 18 18 17 17 17 16 16 15 15 15 15 14 16 16 16 16 18 20 19 19 18 17 18 17 15 14 14 13 13 13 14 13 15 16 16 16 16 16 16 18 18 19 19 19 19 19 18 19 18 19 19 19 19
26 26 24 25 25 24 24 23 23 22 22 22 21 21 21 21 21 22 21 20 19 19 19 18 18 18 18 18 18 18 17 18 18 18 17 17 17 17 17 19 18 18 18 17 18 17 17 18 17 17 15 15 16 16 17 17 17 17 16 19 20 19 20 18 18 15 16 17 15 15 15 14 13 15 14 16 16 15 15 16 17 19 18 19 20 19 20 20 19 18 18 18 19 19 19 19
25 25 25 25 24 24 25 25 23 23 22 22 21 21 21 21 22 22 21 20 19 20 19 18 18 18 18 18 18 17 18 18 18 18 18 17 18 17 17 17 17 18 17 18 18 17 17 17 17 17 15 17 17 17 16 16 17 17 18 20 20 20 20 18 18 18 17 16 15 17 17 14 14 13 14 15 18 17 17 18 18 18 18 19 20 20 19 19 19 19 18 19 19 19 19 20
26 25 26 25 25 25 24 24 23 24 22 21 22 21 21 22 22 22 21 21 19 20 18 19 18 18 19 18 18 18 17 18 18 18 18 18 17 17 17 17 18 18 17 17 17 16 17 17 17 16 17 16 18 18 17 16 18 19 18 21 19 20 20 18 18 19 17 16 17 16 16 14 13 14 17 17 17 18 18 18 18 18 19 20 20 20 19 19 19 19 18 19 19 19 19 20
26 25 26 26 26 24 26 24 24 23 23 23 21 21 21 22 22 22 21 20 20 19 19 19 18 19 19 18 18 18 18 18 18 18 19 18 18 18 17 17 18 17 16 16 17 16 16 16 16 17 17 18 18 18 17 18 18 17 21 21 21 20 21 19 19 18 19 18 17 16 17 15 14 14 16 17 17 18 18 18 18 19 20 20 20 20 19 19 19 19 19 19 20 20 20 20
26 26 25 26 26 26 24 26 26 24 23 24 22 22 21 23 22 22 21 20 20 19 19 19 19 19 19 19 19 18 18 18 19 18 18 19 18 17 17 18 18 17 17 16 17 16 16 17 16 16 17 17 17 17 16 18 19 18 20 22 22 22 22 21 21 19 18 18 17 15 14 14 16 14 14 16 16 16 18 18 19 20 20 20 20 19 20 19 20 20 20 20 21 21 21 19
27 26 26 26 26 26 25 25 26 25 24 22 23 23 22 21 22 22 21 20 20 20 20 19 20 20 20 19 18 18 19 18 18 18 19 18 18 17 18 18 17 17 17 16 16 16 16 16 16 16 16 16 16 17 17 18 18 18 22 22 23 23 22 20 20 19 19 17 17 17 17 17 15 16 16 15 15 18 18 19 20 20 20 20 20 20 20 20 20 20 20 21 21 20 19 19
27 27 26 26 26 24 24 27 25 25 25 25 23 23 22 22 21 22 22 20 20 20 20 20 20 20 20 19 19 19 18 18 18 18 19 18 17 18 18 17 18 17 17 17 16 16 16 16 16 16 16 16 17 17 17 17 17 18 21 23 22 22 21 20 19 18 17 18 18 18 18 17 17 19 17 16 15 15 19 20 20 20 19 20 20 20 20 20 21 21 22 22 21 22 22 20
26 26 28 27 24 24 26 27 26 25 26 25 25 25 24 22 22 22 21 21 21 20 20 21 21 21 22 20 20 19 19 19 19 19 19 19 19 18 18 17 17 17 17 17 16 17 16 16 16 16 16 16 16 17 17 17 18 19 21 22 22 21 21 19 19 20 18 18 19 18 17 18 18 19 20 19 18 17 21 21 20 20 20 20 20 21 22 22 22 22 23 23 23 23 22 22
25 25 26 27 26 25 25 27 27 24 26 25 25 24 24 23 24 23 22 22 22 21 22 22 21 21 21 21 20 20 20 19 19 20 20 19 19 18 17 18 18 18 17 17 17 16 16 16 16 16 16 16 16 16 17 17 19 18 19 22 22 21 20 21 21 20 18 19 18 17 17 18 19 20 20 21 19 18 20 20 19 20 20 20 21 21 17 18 23 23 19 19 21 23 23 21
26 25 24 25 25 26 26 25 26 27 25 25 25 24 24 24 24 23 22 22 24 23 23 22 22 23 23 21 21 20 20 19 20 21 20 19 19 18 18 18 17 17 17 17 17 17 17 16 16 16 16 16 17 17 17 17 18 20 20 20 22 21 21 20 19 19 19 19 20 18 18 19 20 20 22 23 22 17 19 20 18 18 19 20 21 17 20 21 18 22 19 22 19 21 21 20
28 28 26 26 24 24 24 24 24 24 24 24 23 25 25 25 24 23 23 22 24 23 24 22 24 26 23 22 20 21 20 20 20 21 20 19 19 18 18 18 18 18 18 17 17 18 17 17 16 16 16 16 17 17 17 17 18 20 20 20 21 22 21 20 20 19 20 20 20 20 21 21 21 21 23 24 22 23 23 19 18 20 19 18 21 18 22 23 21 18 19 23 20 19 19 18
29 28 28 26 26 25 26 27 27 24 26 25 24 25 25 25 26 25 24 23 25 24 24 23 26 26 24 24 23 21 21 20 22 21 20 20 19 19 18 18 18 17 18 18 18 18 18 17 17 17 17 16 17 17 17 18 18 19 20 21 22 21 21 20 20 20 21 21 22 21 21 21 20 21 23 24 24 25 25 24 22 23 22 18 18 17 22 23 24 22 21 23 23 22 19 23
30 28 26 25 26 27 27 27 27 26 26 25 25 25 27 28 31 28 26 25 24 23 23 23 23 25 25 23 25 24 22 23 24 23 22 20 19 19 18 18 18 17 17 18 18 17 18 18 18 18 17 17 17 17 17 18 18 18 19 21 21 21 21 21 21 22 22 21 21 20 20 21 22 21 22 21 22 26 24 25 25 26 24 19 20 21 20 22 21 21 21 20 22 21 21 21
30 29 26 28 28 28 28 28 28 27 27 27 25 27 27 32 32 32 29 28 26 27 25 23 27 27 25 24 23 22 22 22 22 23 22 20 19 19 18 18 18 18 18 18 18 18 18 18 18 18 18 17 17 18 17 18 18 18 21 21 20 21 22 21 21 21 22 22 22 22 22 22 21 21 23 21 24 22 26 26 25 25 24 20 20 22 23 23 22 20 21 21 20 21 21 21
28 28 28 28 28 28 29 28 27 27 27 27 26 28 30 33 33 32 31 30 28 28 28 28 27 27 27 23 26 28 23 22 21 23 23 21 20 19 18 18 18 18 19 19 18 18 18 18 18 18 18 18 18 18 18 17 18 18 20 21 21 21 21 21 21 22 22 21 21 21 22 23 21 22 23 25 25 23 26 25 24 22 20 20 22 23 22 22 21 21 21 21 21 21 21 22
27 28 28 29 28 28 29 28 29 27 27 26 26 27 30 35 33 31 31 31 31 28 28 28 28 27 28 27 26 27 26 25 22 21 21 21 20 19 19 18 19 19 19 19 19 18 19 19 19 19 19 18 18 17 17 17 19 19 20 20 21 21 21 22 22 21 22 21 21 21 21 21 21 22 23 23 25 24 25 23 23 23 19 21 21 20 21 22 22 19 21 21 21 22 22 22
30 30 29 29 30 30 29 29 28 27 27 26 27 27 29 35 35 33 31 31 32 31 30 28 28 28 28 28 28 28 28 28 27 23 21 20 20 20 19 19 19 20 19 19 19 19 19 20 20 19 20 19 18 17 17 17 18 19 20 22 22 21 22 21 21 22 22 23 23 22 21 22 21 22 22 22 23 22 22 20 19 23 21 19 17 17 22 22 20 19 20 21 22 22 21 21
30 30 28 28 29 29 29 29 28 28 27 27 27 27 31 34 34 33 32 31 31 32 30 28 28 29 28 28 28 27 28 27 26 26 23 23 21 21 20 19 19 19 19 19 19 19 20 20 20 20 20 18 18 17 20 19 18 20 21 22 22 21 22 22 22 21 22 22 22 23 23 23 21 21 22 21 21 19 19 22 22 21 22 22 17 18 17 19 18 19 20 22 21 22 21 21
29 28 28 28 28 29 29 28 28 28 29 29 29 28 31 31 32 33 32 31 30 30 29 28 28 30 29 27 27 28 28 27 26 27 27 24 23 21 22 21 19 21 20 19 19 20 20 21 20 20 21 20 18 19 19 19 19 18 21 23 22 22 22 23 22 21 20 21 22 22 23 23 22 23 22 21 21 20 20 19 22 22 22 21 21 21 19 16 18 18 21 20 19 21 23 22
29 29 28 29 29 29 29 30 30 32 34 34 35 33 30 31 31 33 33 32 30 29 29 29 28 29 29 27 29 27 27 27 27 26 27 26 24 23 22 21 22 21 22 20 20 20 20 20 20 20 19 18 20 21 20 19 20 19 20 22 21 22 23 23 22 22 22 23 21 22 22 22 22 22 21 21 20 19 18 17 20 21 20 23 21 18 18 18 18 17 20 19 20 20 20 21
28 29 30 30 31 32 30 33 34 35 35 33 36 34 30 35 34 35 33 32 30 29 29 30 29 29 28 28 29 29 28 27 27 27 27 26 25 24 24 21 20 21 20 20 20 20 20 20 20 20 20 19 20 19 17 17 20 20 21 22 21 22 22 23 23 23 22 22 21 21 20 21 21 21 20 22 21 19 18 21 21 20 20 19 19 21 19 21 20 19 20 21 21 20 20 20
30 33 37 33 35 32 33 31 34 34 34 37 32 36 29 36 35 34 32 32 30 30 30 29 29 29 27 28 28 27 27 27 26 26 26 27 27 26 24 22 22 22 20 23 20 20 20 24 20 20 20 20 20 19 22 17 20 21 21 21 21 22 23 22 24 24 24 23 23 22 21 21 21 21 19 19 19 20 22 21 21 20 22 21 20 24 25 23 21 21 22 23 21 21 21 21
30 35 34 36 35 36 36 36 35 36 37 36 31 30 31 33 34 34 32 32 30 30 29 30 29 30 28 27 27 27 27 26 26 27 27 26 26 26 26 23 23 23 22 22 20 20 20 23 21 21 21 21 21 23 23 21 20 19 20 20 22 22 23 23 23 22 24 25 24 24 24 24 23 22 21 20 19 19 18 19 17 20 19 20 22 25 27 25 23 23 23 22 23 23 23 21
38 40 39 40 38 37 38 38 39 36 36 37 30 38 35 35 34 34 33 32 32 30 30 29 29 28 29 26 27 27 28 26 25 27 26 26 25 25 24 24 25 26 24 24 22 22 22 23 23 24 23 22 23 25 25 23 21 19 19 20 21 22 23 23 22 24 25 25 24 23 24 25 25 23 21 20 22 21 21 21 20 18 19 20 23 24 25 26 25 25 24 24 24 24 23 22
38 39 39 40 38 39 38 38 39 39 36 35 31 37 36 35 34 33 32 32 32 30 30 29 30 28 27 27 27 26 27 27 25 26 26 26 25 25 24 24 24 25 24 25 23 24 23 22 25 25 24 24 20 24 23 22 22 21 20 20 24 23 22 22 24 24 25 26 25 25 22 24 27 25 24 23 23 22 21 22 22 20 20 20 22 23 23 24 26 26 24 24 22 24 23 22
41 40 38 40 38 38 38 38 38 37 37 37 31 34 34 34 34 34 32 32 30 29 30 30 28 28 27 27 25 27 27 26 26 26 24 25 25 25 25 24 25 25 24 24 24 24 23 23 23 24 24 23 23 23 23 23 22 21 20 21 23 24 21 24 24 24 26 25 22 24 22 23 25 25 23 21 21 21 21 20 20 20 20 21 21 23 21 24 26 25 24 22 22 22 22 21
39 39 39 38 39 39 39 38 38 38 35 36 31 32 34 34 34 34 33 31 31 30 30 30 27 28 28 27 27 27 26 25 26 26 26 25 26 25 25 23 23 23 24 24 23 24 24 23 21 22 23 22 22 23 24 24 23 23 21 21 22 23 23 24 23 23 25 22 21 24 22 21 22 22 22 20 20 20 20 20 19 20 21 21 21 22 22 22 22 23 24 23 23 22 22 22
39 38 38 38 39 39 39 38 38 38 37 36 32 30 32 32 32 32 33 32 31 30 30 29 29 29 28 28 27 25 25 25 25 26 26 25 24 24 24 23 24 23 23 23 23 24 23 22 22 21 23 22 21 24 24 25 23 22 21 22 21 21 22 24 23 24 25 24 26 21 21 21 21 21 21 21 21 20 21 20 20 21 21 21 22 23 26 23 24 26 25 24 23 23 22 22
41 38 39 39 40 38 37 37 37 37 37 37 34 34 31 29 29 32 32 31 31 32 30 29 29 31 29 29 30 29 27 23 24 25 25 25 24 24 24 24 23 24 24 24 24 24 21 22 22 20 21 23 21 24 24 25 25 23 21 21 22 22 22 25 23 23 24 23 21 21 21 22 22 21 22 21 21 21 21 21 21 21 21 22 23 24 24 25 24 25 23 23 22 22 22 22
40 39 39 39 39 37 36 36 36 37 36 34 34 34 34 30 29 32 32 30 31 32 31 30 31 31 30 30 28 26 29 26 23 23 26 25 24 24 24 24 24 24 25 24 25 24 23 22 21 20 21 23 21 23 23 24 25 25 26 24 23 22 23 22 21 21 21 21 21 21 22 22 22 22 22 21 21 22 21 21 21 21 23 22 24 23 25 26 25 24 24 22 22 22 22 22
41 39 38 40 39 37 36 36 35 35 36 34 34 34 33 31 28 31 29 30 30 31 30 29 31 30 29 27 29 26 26 25 23 26 26 24 24 25 24 25 24 25 26 25 25 25 24 23 22 21 20 19 20 21 22 23 25 25 26 24 22 22 22 22 21 22 22 21 21 22 22 22 22 22 22 22 21 22 21 21 21 22 23 24 23 25 25 26 25 23 23 22 22 22 22 22
39 38 39 37 39 37 36 35 34 33 33 33 34 34 33 32 30 28 31 30 30 29 29 29 30 30 29 29 26 25 24 24 25 26 25 25 26 25 26 25 26 26 26 25 26 25 25 24 24 21 18 20 22 23 21 22 23 25 25 22 22 22 22 22 22 22 22 21 21 22 22 23 22 22 23 23 23 22 22 22 23 23 24 24 26 25 24 24 24 23 23 22 22 23 22 22
39 38 37 37 39 37 36 33 34 32 30 30 34 34 32 31 31 29 28 29 31 29 31 30 30 30 28 28 29 28 25 24 26 25 24 26 26 26 26 25 26 25 25 26 23 25 24 23 24 22 21 24 22 23 22 22 22 22 22 22 22 22 22 22 22 22 22 22 22 23 22 23 23 23 23 23 23 23 22 22 25 25 24 26 26 26 26 25 24 23 22 23 22 22 22 22
38 39 37 37 38 37 35 34 34 31 31 29 31 31 32 30 29 31 31 32 32 31 30 31 29 30 29 28 26 28 27 25 25 26 25 25 25 25 24 24 26 24 24 25 21 23 23 23 25 24 21 23 22 24 24 22 22 22 22 22 22 22 22 22 23 23 22 22 22 23 23 23 23 23 23 23 23 23 23 23 25 26 25 26 26 26 26 24 23 22 23 22 22 22 22 23
37 38 37 36 37 37 36 34 33 30 30 30 29 29 30 28 29 28 30 30 31 31 30 29 29 28 28 27 27 27 26 27 24 26 23 24 24 25 24 26 25 23 24 26 22 23 22 22 26 23 21 23 22 22 22 22 21 22 22 22 22 22 22 23 23 23 22 22 22 23 23 23 23 23 24 23 23 24 23 24 26 25 26 27 26 28 27 24 24 23 23 22 22 22 22 23
37 36 35 35 33 32 33 32 33 31 31 33 33 34 31 31 28 29 29 29 30 31 30 29 29 29 28 28 27 26 25 25 25 24 24 24 26 24 25 25 23 23 24 26 26 24 23 23 25 23 22 24 25 22 21 22 22 22 22 22 22 22 22 22 22 22 22 23 23 23 23 23 24 24 24 23 23 25 23 23 25 26 27 27 28 28 25 24 24 23 23 22 22 22 22 22
36 37 36 33 33 33 34 32 33 32 32 33 30 30 29 32 30 29 31 31 30 29 29 29 29 27 26 26 27 26 25 25 25 25 24 27 24 24 23 25 24 23 24 27 25 24 23 23 24 23 23 23 23 23 23 23 23 23 22 23 23 23 23 23 23 23 23 23 23 23 23 24 24 24 23 23 24 26 25 24 25 23 24 27 27 28 25 23 23 23 23 22 22 22 22 23
38 36 35 34 34 32 32 32 32 33 33 32 31 29 31 31 29 28 29 30 30 29 30 28 28 28 27 26 26 26 25 25 25 25 25 25 24 24 23 25 24 24 25 27 26 23 23 24 24 24 23 23 23 23 23 23 23 23 23 23 23 23 24 24 24 24 24 23 23 23 23 25 25 25 24 23 24 24 26 25 27 25 25 28 27 26 25 24 23 23 23 22 21 22 23 23
36 36 36 35 33 31 33 31 31 31 31 31 30 30 31 30 29 27 30 26 26 27 26 27 27 28 28 26 26 27 26 26 25 26 25 26 25 24 24 26 24 24 24 26 24 23 24 24 24 25 24 23 23 23 23 23 23 23 23 23 23 23 25 25 24 24 24 24 24 24 24 24 25 25 25 24 24 26 25 24 25 27 26 26 27 28 25 24 23 24 23 22 22 22 23 24
36 35 34 35 32 32 32 31 31 29 31 31 29 30 29 29 26 26 28 26 26 27 27 27 27 28 28 27 27 26 27 27 27 26 26 26 26 24 24 25 24 24 25 24 24 24 25 24 25 25 24 24 24 24 24 24 24 24 24 24 25 25 26 26 25 24 24 24 24 24 24 25 25 26 26 24 26 26 25 26 27 28 28 26 27 27 26 25 24 24 24 23 23 24 24 24
