grids/precipitation/apr/RSMS_04_1883_01.asc
NCOLS 654
NROWS 866
XLLCORNER 3280414.711633467
YLLCORNER 5237500.62890625
CELLSIZE 1000
NODATA_VALUE -999
[rows 495 to 549 of 866, columns 0 to 95 of 654]
-999 -999 -999 -999 -999 -999 -999 -999 -999 -999 -999 -999 -999 -999 -999 -999 -999 -999 -999 -999 -999 37 37 36 38 37 35 34 35 34 33 30 30 28 31 31 31 29 27 26 25 24 25 24 25 24 23 23 23 22 21 20 20 19 18 17 18 17 17 17 17 16 15 15 15 15 14 14 15 14 13 13 13 12 13 13 12 12 12 12 11 11 11 11 11 11 11 11 11 11 11 11 10 9 10 12
-999 -999 -999 -999 -999 -999 -999 -999 -999 -999 -999 -999 -999 -999 -999 -999 -999 -999 -999 -999 36 36 37 36 37 38 34 34 34 34 30 32 31 30 30 30 31 31 29 27 26 25 24 23 24 25 24 23 22 22 23 21 21 19 18 18 18 19 18 17 17 16 17 16 16 15 15 15 15 15 14 13 13 14 13 13 12 12 12 12 12 12 11 11 12 12 11 11 10 11 11 10 11 10 10 11
-999 -999 -999 -999 -999 -999 -999 -999 -999 -999 -999 -999 -999 -999 -999 -999 -999 -999 -999 36 35 36 38 37 35 34 35 32 31 30 31 31 32 29 32 31 31 31 29 28 26 26 25 26 24 24 24 23 23 23 24 22 22 20 19 19 19 19 18 17 16 16 17 16 16 16 15 15 15 15 14 14 13 14 13 13 12 12 12 12 12 12 12 11 11 11 11 10 10 11 11 11 10 10 10 10
-999 -999 -999 -999 -999 -999 -999 -999 -999 -999 -999 -999 -999 -999 -999 -999 -999 -999 -999 35 36 36 37 37 38 37 36 36 34 33 34 32 33 31 33 32 31 31 30 29 27 25 27 27 25 24 24 24 23 24 22 23 21 20 20 20 18 17 19 17 17 16 16 16 17 17 16 15 15 15 14 14 14 13 13 14 13 13 12 12 12 12 12 12 11 11 11 10 10 10 10 10 11 11 10 10
-999 -999 -999 -999 -999 -999 -999 -999 -999 -999 -999 -999 -999 -999 -999 -999 -999 -999 -999 -999 38 38 38 37 39 38 37 35 36 34 35 34 34 34 33 33 33 31 30 28 29 27 27 26 26 25 25 24 25 24 24 22 21 21 21 19 19 18 17 18 16 17 17 16 17 17 16 16 15 15 14 14 15 14 13 13 13 13 13 13 13 13 13 12 12 11 11 11 11 11 10 10 10 10 10 11
-999 -999 -999 -999 -999 -999 -999 -999 -999 -999 -999 -999 -999 -999 -999 -999 -999 -999 -999 -999 38 38 39 39 38 39 38 37 37 37 36 36 35 34 34 33 32 32 31 30 28 28 28 27 26 26 26 25 25 24 24 22 22 21 22 20 19 19 20 17 17 18 18 18 18 18 17 16 16 16 15 14 15 15 14 13 13 13 13 13 13 13 13 13 11 11 11 10 10 10 10 10 10 10 11 11
-999 -999 -999 -999 -999 -999 -999 -999 -999 -999 -999 -999 -999 -999 -999 -999 -999 -999 -999 -999 -999 39 41 40 39 39 39 38 38 38 38 36 36 36 34 32 31 31 29 29 29 30 29 28 26 26 25 25 25 25 24 24 23 22 22 20 20 20 19 17 17 17 18 18 18 18 17 16 15 16 14 15 15 14 14 13 13 13 13 13 13 13 13 11 11 11 11 11 11 11 11 12 10 11 11 10
-999 -999 -999 -999 -999 -999 -999 -999 -999 -999 -999 -999 -999 -999 -999 -999 -999 -999 -999 -999 -999 -999 42 41 40 40 40 39 40 39 39 38 37 36 35 34 33 33 30 29 29 30 29 28 28 27 26 26 25 25 24 24 23 22 22 20 20 20 19 19 17 17 17 18 18 18 17 16 15 15 15 15 16 14 14 14 13 14 14 14 11 13 13 12 12 12 12 13 11 12 12 11 11 11 12 11
-999 -999 -999 -999 -999 -999 -999 -999 -999 -999 -999 -999 -999 -999 -999 -999 -999 -999 -999 -999 -999 -999 41 41 -999 -999 41 40 40 40 40 40 39 38 35 34 34 33 31 29 31 30 29 29 28 28 27 26 27 26 24 24 24 23 22 21 21 20 20 20 19 18 17 18 18 18 17 16 16 16 14 15 15 14 12 13 13 13 12 13 12 14 14 14 13 13 13 14 13 13 12 13 12 12 11 12
-999 -999 -999 -999 -999 -999 -999 -999 -999 -999 -999 -999 -999 -999 -999 -999 -999 -999 -999 -999 -999 -999 -999 -999 -999 -999 -999 40 41 41 42 41 40 37 36 34 34 34 32 31 31 31 30 29 29 28 28 26 26 26 25 24 24 24 22 21 21 21 20 20 18 18 17 17 18 18 17 17 16 15 16 15 15 15 15 14 12 12 12 12 13 16 14 15 14 13 14 13 14 13 13 13 12 12 12 12
-999 -999 -999 -999 -999 -999 -999 -999 -999 -999 -999 -999 -999 -999 -999 -999 -999 -999 -999 -999 -999 -999 -999 -999 -999 -999 -999 -999 -999 -999 41 39 37 39 38 36 34 32 31 31 32 31 31 30 29 29 28 28 27 27 25 24 24 23 23 22 22 20 20 19 19 20 18 18 18 18 17 17 17 16 16 16 16 16 15 16 14 15 17 15 14 15 16 14 15 13 15 14 14 13 13 13 13 13 12 12
-999 -999 -999 -999 -999 -999 -999 -999 -999 -999 -999 -999 -999 -999 -999 -999 -999 -999 -999 -999 -999 -999 -999 -999 -999 -999 -999 -999 -999 -999 -999 40 40 39 38 37 34 33 34 31 32 32 32 31 30 29 28 28 28 26 26 25 24 23 23 22 21 21 20 20 20 19 20 19 19 17 17 17 17 16 15 16 16 16 15 13 13 15 17 16 16 14 15 16 15 15 15 14 14 14 13 13 13 12 12 12
-999 -999 -999 -999 -999 -999 -999 -999 -999 -999 -999 -999 -999 -999 -999 -999 -999 -999 -999 -999 -999 -999 -999 -999 -999 -999 -999 -999 -999 -999 -999 40 40 39 37 37 34 35 33 32 31 32 32 31 32 30 29 29 29 28 26 25 24 24 23 22 21 21 20 20 20 20 19 18 18 17 17 16 16 15 15 14 16 16 14 15 15 15 15 15 16 14 16 14 15 15 15 14 14 14 13 13 13 12 11 11
-999 -999 -999 -999 -999 -999 -999 -999 -999 -999 -999 -999 -999 -999 -999 -999 -999 -999 -999 -999 -999 -999 -999 -999 -999 -999 -999 -999 -999 -999 -999 40 40 38 37 37 35 38 34 32 31 31 31 31 31 31 30 29 29 27 26 25 25 24 23 22 22 21 20 20 20 20 18 18 17 17 17 15 16 16 15 14 15 14 14 16 14 17 16 14 14 15 16 15 14 15 15 16 15 14 14 14 14 13 12 12
-999 -999 -999 -999 -999 -999 -999 -999 -999 -999 -999 -999 -999 -999 -999 -999 -999 -999 -999 -999 -999 -999 -999 -999 -999 -999 -999 -999 -999 -999 -999 -999 39 40 38 38 35 37 35 33 33 32 32 30 31 31 32 30 29 27 26 25 25 24 23 22 21 20 20 20 20 20 18 18 17 17 16 15 15 17 15 15 14 14 16 16 14 17 15 16 17 16 16 15 16 16 17 16 15 14 14 14 14 13 13 12
-999 -999 -999 -999 -999 -999 -999 -999 -999 -999 -999 -999 -999 -999 -999 -999 -999 -999 -999 -999 -999 -999 -999 -999 -999 -999 -999 -999 -999 -999 -999 -999 -999 39 39 37 38 37 36 34 34 32 32 32 31 32 32 30 28 27 27 26 25 24 23 21 21 20 20 20 20 20 20 18 17 17 16 15 16 13 16 16 16 13 15 16 15 16 16 17 17 15 16 15 18 17 17 16 14 14 13 13 13 12 12 12
-999 -999 -999 -999 -999 -999 -999 -999 -999 -999 -999 -999 -999 -999 -999 -999 -999 -999 -999 -999 -999 -999 -999 -999 -999 -999 -999 -999 -999 -999 -999 -999 -999 40 39 37 37 37 36 34 32 33 33 32 31 32 31 29 29 28 27 26 25 24 23 21 21 20 20 20 20 20 19 18 18 17 17 16 14 15 15 14 14 15 15 15 17 16 15 15 18 17 17 18 18 18 17 16 15 15 14 14 13 13 12 12
-999 -999 -999 -999 -999 -999 -999 -999 -999 -999 -999 -999 -999 -999 -999 -999 -999 -999 -999 -999 -999 -999 -999 -999 -999 -999 -999 -999 -999 -999 -999 -999 -999 40 38 37 38 37 36 35 34 33 32 32 31 31 30 30 30 29 27 26 25 24 22 20 20 20 20 19 20 18 19 17 17 16 15 14 16 16 14 15 14 16 16 15 15 17 17 15 16 16 16 18 18 17 17 15 15 14 13 14 13 13 13 12
-999 -999 -999 -999 -999 -999 -999 -999 -999 -999 -999 -999 -999 -999 -999 -999 -999 -999 -999 -999 -999 -999 -999 -999 -999 -999 -999 -999 -999 -999 -999 -999 -999 40 39 38 38 37 37 36 36 33 33 32 31 31 30 30 29 28 26 26 24 23 21 20 20 19 19 19 20 20 19 17 17 16 15 15 16 17 16 14 14 14 16 16 17 16 15 14 16 18 19 18 18 17 17 16 16 15 15 15 14 13 13 13
-999 -999 -999 -999 -999 -999 -999 -999 -999 -999 -999 -999 -999 -999 -999 -999 -999 -999 -999 -999 -999 -999 -999 -999 -999 -999 -999 -999 -999 -999 -999 -999 -999 39 37 37 37 37 35 35 34 33 33 32 32 31 31 30 28 28 26 24 24 23 21 19 20 18 18 18 19 19 19 18 19 15 16 16 16 17 16 16 13 15 15 17 16 15 16 16 17 18 18 18 18 17 16 17 17 16 15 14 14 13 13 14
-999 -999 -999 -999 -999 -999 -999 -999 -999 -999 -999 -999 -999 -999 -999 -999 -999 -999 -999 -999 -999 -999 -999 -999 -999 -999 -999 -999 -999 -999 -999 -999 39 37 37 37 36 36 36 34 34 33 33 32 32 30 30 29 27 27 25 25 23 21 20 18 18 17 17 17 17 18 17 17 16 14 15 15 17 17 16 15 13 14 15 14 16 16 14 15 17 17 17 17 19 18 17 16 16 17 16 15 15 14 14 13
-999 -999 -999 -999 -999 -999 -999 -999 -999 -999 -999 -999 -999 -999 -999 -999 -999 -999 -999 -999 -999 -999 -999 -999 -999 -999 -999 -999 -999 -999 -999 -999 38 37 35 36 36 36 34 33 34 34 32 32 31 30 30 29 28 27 25 24 23 22 20 19 17 17 16 17 17 18 16 15 14 14 14 16 16 16 14 15 16 15 16 14 15 15 14 16 16 16 16 17 19 18 17 16 16 17 16 16 15 14 13 13
-999 -999 -999 -999 -999 -999 -999 -999 -999 -999 -999 -999 -999 -999 -999 -999 -999 -999 -999 -999 -999 -999 -999 -999 -999 -999 -999 -999 -999 -999 -999 39 36 35 35 35 36 34 34 34 34 32 32 32 31 29 30 29 28 27 25 23 22 22 21 19 18 17 16 17 17 17 16 15 15 13 14 15 15 15 15 14 15 15 15 15 15 16 16 15 17 17 17 18 17 17 16 15 17 15 15 15 16 14 13 13
-999 -999 -999 -999 -999 -999 -999 -999 -999 -999 -999 -999 -999 -999 -999 -999 -999 -999 -999 -999 -999 -999 -999 -999 -999 -999 -999 -999 -999 -999 -999 -999 35 35 35 34 33 33 32 34 34 31 30 32 30 28 28 28 28 26 25 24 23 22 20 18 18 17 17 16 17 15 16 14 16 14 14 15 15 15 15 14 14 14 14 15 14 16 18 17 17 18 18 18 17 16 18 16 15 15 15 16 15 13 13 13
-999 -999 -999 -999 -999 -999 -999 -999 -999 -999 -999 -999 -999 -999 -999 -999 -999 -999 -999 -999 -999 -999 -999 -999 -999 -999 -999 -999 -999 -999 -999 -999 33 33 34 32 33 33 32 31 31 31 30 31 29 28 28 27 26 26 24 24 22 22 20 20 18 18 18 17 16 16 14 15 17 15 14 14 15 16 16 15 15 16 14 14 16 17 17 16 16 16 16 17 16 17 15 15 16 14 15 15 15 14 13 12
-999 -999 -999 -999 -999 -999 -999 -999 -999 -999 -999 -999 -999 -999 -999 -999 -999 -999 -999 -999 -999 -999 -999 -999 -999 -999 -999 -999 -999 -999 -999 -999 33 32 33 33 32 33 33 31 31 31 29 28 28 28 27 27 26 25 24 23 22 22 21 19 19 19 17 17 16 16 16 16 16 15 14 15 16 15 15 15 16 16 15 15 16 15 16 17 17 17 15 16 16 17 17 16 16 16 13 12 13 14 13 12
-999 -999 -999 -999 -999 -999 -999 -999 -999 -999 -999 -999 -999 -999 -999 -999 -999 -999 -999 -999 -999 -999 -999 -999 -999 -999 -999 -999 -999 -999 -999 -999 -999 -999 33 33 32 32 32 32 31 29 30 27 29 28 26 25 26 25 24 22 22 21 20 20 20 18 18 17 17 17 17 15 16 16 16 16 16 17 16 17 16 16 16 16 15 16 16 16 16 16 15 17 15 14 14 16 14 14 16 14 14 13 12 12
-999 -999 -999 -999 -999 -999 -999 -999 -999 -999 -999 -999 -999 -999 -999 -999 -999 -999 -999 -999 -999 -999 -999 -999 -999 -999 -999 -999 -999 -999 -999 -999 -999 -999 33 34 32 31 32 32 30 30 30 28 28 27 28 25 25 24 24 23 22 21 21 20 19 19 18 17 17 17 17 17 16 14 16 16 17 16 17 17 17 17 17 17 16 15 15 16 15 15 15 15 16 15 14 14 13 13 14 14 13 13 11 11
-999 -999 -999 -999 -999 -999 -999 -999 -999 -999 -999 -999 -999 -999 -999 -999 -999 -999 -999 -999 -999 -999 -999 -999 -999 -999 -999 -999 -999 -999 -999 -999 -999 -999 33 34 33 32 32 32 30 30 28 28 26 27 26 25 24 24 24 22 21 21 21 20 20 19 18 18 17 18 17 17 17 16 16 16 16 17 17 17 17 17 16 16 16 16 15 15 15 15 14 16 16 15 15 15 16 14 13 13 13 12 11 11
-999 -999 -999 -999 -999 -999 -999 -999 -999 -999 -999 -999 -999 -999 -999 -999 -999 -999 -999 -999 -999 -999 -999 -999 -999 -999 -999 30 30 -999 -999 -999 -999 31 32 33 33 34 31 32 30 30 28 27 26 27 26 25 25 23 23 22 21 21 21 20 20 19 18 18 18 18 17 18 17 17 15 15 15 16 15 16 16 16 16 16 16 15 15 15 15 15 16 15 15 15 15 15 15 15 14 13 12 12 12 11
-999 -999 -999 -999 -999 -999 -999 -999 -999 -999 -999 -999 -999 -999 -999 -999 -999 -999 -999 -999 -999 -999 -999 -999 -999 -999 -999 29 29 29 29 30 31 32 33 33 34 32 32 31 30 29 28 27 27 27 27 25 25 23 22 21 21 20 20 21 19 18 18 19 18 18 17 17 17 16 16 16 15 15 15 16 17 16 16 16 16 16 16 15 16 15 15 15 14 14 14 15 14 16 14 13 11 11 12 12
-999 -999 -999 -999 -999 -999 -999 -999 -999 -999 -999 -999 -999 -999 -999 -999 -999 -999 -999 -999 -999 -999 -999 -999 -999 -999 -999 29 29 31 30 30 31 32 34 34 32 32 31 30 30 28 27 28 27 27 26 25 24 23 21 21 21 20 20 20 19 18 19 19 18 17 18 17 17 17 16 17 15 16 15 16 17 16 16 16 16 17 16 16 15 15 15 14 15 14 14 14 13 14 14 13 13 12 12 12
-999 -999 -999 -999 -999 -999 -999 -999 -999 -999 -999 -999 -999 -999 -999 -999 -999 -999 -999 -999 -999 -999 -999 -999 -999 -999 29 30 29 30 30 30 31 31 33 34 31 30 30 29 27 28 28 27 27 26 26 25 24 24 21 21 21 20 20 19 19 19 20 19 19 18 18 18 17 17 17 17 17 17 15 16 16 17 17 16 17 16 16 16 15 15 15 15 14 14 13 13 13 14 14 13 12 12 13 12
-999 -999 -999 -999 -999 -999 -999 -999 -999 -999 -999 -999 -999 -999 -999 -999 -999 -999 -999 -999 -999 -999 -999 -999 -999 -999 28 30 30 30 30 30 31 32 32 31 30 30 29 28 28 28 28 27 27 27 25 24 25 24 21 20 20 20 20 19 19 20 19 19 19 18 18 18 18 17 17 17 17 17 16 16 16 17 17 16 16 16 16 15 15 15 14 14 14 14 12 12 13 12 13 13 13 12 13 13
-999 -999 -999 -999 -999 -999 -999 -999 -999 -999 -999 -999 -999 -999 -999 -999 -999 -999 -999 -999 -999 -999 -999 -999 -999 27 28 28 30 29 30 30 32 31 30 30 30 28 28 28 28 28 28 27 27 25 24 25 25 23 22 20 20 19 20 19 19 20 19 19 18 19 19 18 18 17 17 17 17 18 17 16 17 17 16 16 16 15 15 15 15 15 14 13 13 14 12 14 13 12 12 13 13 13 13 13
-999 -999 -999 -999 -999 -999 -999 -999 -999 -999 -999 -999 -999 -999 -999 -999 -999 -999 -999 -999 -999 25 24 26 25 27 28 27 28 28 29 29 30 29 28 28 28 28 28 26 27 27 27 27 25 25 24 24 23 23 22 20 20 20 20 20 20 21 20 20 19 19 19 18 19 18 18 17 17 17 17 17 17 18 17 16 16 16 15 15 15 14 14 16 15 13 13 14 13 12 12 13 13 13 13 13
-999 -999 -999 -999 -999 -999 -999 -999 -999 -999 -999 -999 -999 -999 -999 -999 -999 -999 -999 -999 22 23 24 25 25 25 27 26 26 28 29 30 27 28 27 26 27 27 25 27 27 27 28 26 24 25 23 24 23 23 22 21 19 19 20 20 21 21 21 21 19 19 18 19 19 18 17 17 17 17 18 17 16 16 17 15 15 15 15 14 14 14 15 15 14 13 14 14 13 14 11 12 12 13 13 12
-999 -999 -999 -999 -999 -999 -999 -999 -999 -999 -999 -999 -999 -999 -999 -999 -999 -999 -999 -999 23 23 24 25 25 25 25 25 26 27 27 26 27 26 26 26 27 27 26 24 26 27 26 26 26 24 22 23 23 24 22 21 20 20 20 19 20 20 20 20 20 20 19 18 18 18 17 17 17 17 17 16 16 16 16 15 15 15 14 15 14 15 14 14 15 14 14 15 14 14 13 12 12 11 12 11
-999 -999 -999 -999 -999 -999 -999 -999 -999 -999 -999 -999 -999 -999 -999 -999 -999 -999 23 23 23 23 23 24 24 24 24 25 27 27 26 26 26 25 25 25 27 25 25 26 25 26 26 25 24 23 22 23 24 21 22 21 21 20 19 19 20 20 20 21 20 20 19 17 18 17 17 17 17 17 17 16 16 16 16 15 15 15 15 14 15 15 14 15 15 14 14 14 14 14 13 13 13 13 14 12
-999 -999 -999 -999 -999 -999 -999 -999 -999 -999 -999 -999 -999 -999 -999 -999 -999 21 22 23 22 23 23 24 24 24 24 25 26 26 26 24 25 24 24 26 25 24 25 25 25 24 24 24 24 24 23 23 23 21 22 21 20 21 19 20 20 20 20 20 21 20 19 18 17 17 17 16 17 17 17 16 16 16 16 16 15 15 15 15 15 16 16 16 15 15 14 15 14 14 14 13 13 13 13 12
-999 -999 -999 -999 -999 -999 -999 -999 -999 -999 -999 -999 -999 -999 -999 -999 -999 21 21 22 22 22 23 23 24 23 24 25 24 24 25 23 24 23 25 23 23 23 24 23 24 24 24 24 23 22 23 22 21 21 20 20 21 21 19 21 20 21 21 20 21 20 19 18 17 17 17 17 17 18 17 16 16 15 15 16 16 15 15 16 15 16 15 15 16 15 14 15 15 15 14 13 13 13 13 12
-999 -999 -999 -999 -999 -999 -999 -999 -999 -999 -999 -999 -999 -999 -999 -999 -999 22 22 21 21 23 24 24 24 23 24 24 24 24 24 23 24 23 24 23 23 24 23 24 24 24 24 24 23 23 23 22 22 21 21 20 20 21 20 19 20 21 21 21 20 19 20 18 18 17 18 17 17 17 16 16 15 15 16 15 15 15 16 15 14 16 15 16 16 15 15 14 14 14 15 14 13 13 12 11
-999 -999 -999 -999 -999 -999 -999 -999 -999 -999 -999 -999 -999 -999 -999 23 22 23 23 23 23 22 23 24 23 23 24 23 24 23 23 24 24 24 23 22 24 23 23 23 23 24 23 23 24 25 23 22 22 22 21 21 21 21 21 21 20 22 21 21 20 19 18 18 17 17 18 17 17 16 17 16 16 15 16 15 15 15 16 15 15 15 15 15 15 16 15 15 14 14 14 14 13 13 13 11
-999 -999 -999 -999 -999 -999 -999 -999 -999 -999 -999 -999 -999 -999 23 23 22 23 23 24 22 23 23 23 23 24 22 22 23 23 22 22 22 22 22 22 23 23 23 22 23 23 23 23 24 23 23 22 22 22 21 21 21 21 22 21 21 20 21 20 20 19 18 19 17 17 17 16 17 16 17 16 15 15 15 15 17 15 16 16 15 15 15 15 15 15 16 15 15 15 14 14 13 13 13 12
-999 -999 -999 -999 -999 -999 -999 -999 -999 -999 -999 -999 -999 -999 23 22 22 23 23 24 24 24 24 23 23 22 23 22 22 22 22 21 22 23 23 23 23 22 22 23 23 23 23 24 23 23 22 21 21 21 21 20 21 21 20 21 22 20 20 20 20 20 19 18 19 17 17 17 17 17 16 16 16 16 15 16 16 16 16 15 16 16 15 15 16 16 15 15 15 15 14 14 14 14 12 11
-999 -999 -999 -999 -999 -999 -999 -999 -999 -999 -999 -999 -999 23 23 21 23 24 24 24 24 24 24 24 25 24 22 22 22 22 22 23 23 23 23 24 23 22 22 22 23 23 22 23 24 23 22 21 22 21 20 20 20 21 22 21 22 21 20 19 19 19 19 19 17 18 18 17 16 16 17 17 16 16 15 16 16 17 17 16 16 16 16 15 13 16 15 15 15 14 15 14 14 14 13 13
-999 -999 -999 -999 -999 -999 -999 -999 -999 -999 -999 -999 -999 22 23 22 22 23 25 24 24 24 25 25 24 23 23 22 22 22 22 23 23 23 24 23 23 23 22 23 23 23 23 23 22 22 22 23 22 20 20 21 21 21 21 22 21 21 21 19 18 20 19 18 17 19 17 16 16 16 17 17 16 15 16 16 17 17 16 16 16 17 17 16 15 13 15 14 15 14 14 14 14 13 12 13
-999 -999 -999 -999 -999 -999 -999 -999 -999 -999 -999 -999 -999 23 22 22 22 23 25 24 24 24 24 25 25 23 23 22 22 21 22 22 23 23 23 23 22 23 22 22 22 22 23 23 23 22 23 21 21 19 22 22 21 22 22 23 22 21 21 19 20 20 19 18 18 17 18 17 16 16 17 17 16 16 15 16 16 15 16 16 16 17 17 16 16 15 13 14 14 14 14 13 12 11 11 11
-999 -999 -999 -999 -999 -999 -999 -999 -999 -999 -999 -999 -999 23 23 22 23 24 24 23 24 24 24 24 24 23 22 22 22 21 22 22 23 23 23 22 21 21 21 21 23 22 22 22 22 22 21 21 19 20 20 20 22 22 22 20 20 20 20 20 20 19 20 18 18 18 18 17 17 17 16 17 17 16 15 15 15 15 16 16 17 16 16 15 15 15 15 13 15 12 11 12 14 14 14 13
-999 -999 -999 -999 -999 -999 -999 -999 -999 -999 -999 -999 -999 22 22 24 24 24 24 24 24 24 24 23 24 24 23 23 22 21 21 23 22 22 23 22 22 21 22 23 21 22 21 22 22 23 22 22 20 20 21 20 21 23 21 20 20 20 20 19 20 19 19 17 19 19 18 17 17 17 17 16 16 16 15 15 15 16 15 16 16 16 16 15 15 15 15 13 14 12 14 14 15 15 15 14
-999 -999 -999 -999 -999 -999 -999 -999 -999 -999 -999 -999 -999 23 23 24 24 25 24 25 24 24 24 24 24 23 23 22 22 21 21 23 23 24 23 21 21 22 22 22 21 22 22 22 23 22 21 20 21 21 21 22 22 21 21 20 20 20 19 19 20 20 18 17 18 18 18 18 17 17 17 17 16 17 16 15 15 15 15 15 16 15 15 15 15 15 15 14 12 12 13 12 12 12 14 14
-999 -999 -999 -999 -999 -999 -999 -999 -999 -999 -999 -999 -999 23 23 24 23 24 25 25 24 24 25 26 25 25 24 23 22 21 22 23 23 22 23 22 22 21 22 21 21 21 22 22 21 21 21 19 20 21 22 22 21 21 20 20 20 20 19 20 19 18 18 18 18 18 18 18 17 17 17 16 17 16 16 15 15 15 15 15 14 15 14 14 14 14 15 14 13 13 15 14 12 14 15 13
-999 -999 -999 -999 -999 -999 -999 -999 -999 -999 -999 -999 -999 23 23 24 24 24 25 25 25 24 26 26 27 26 24 23 23 21 22 22 22 22 24 23 22 21 21 20 20 21 21 21 21 22 22 19 19 20 22 21 21 21 21 20 20 20 20 20 20 19 18 19 19 19 19 18 18 17 17 17 16 16 16 15 16 15 15 15 14 13 12 12 15 15 15 15 15 15 14 15 12 15 15 13
-999 -999 -999 -999 -999 -999 -999 -999 -999 -999 -999 -999 -999 23 24 25 25 25 23 26 24 26 26 27 27 27 25 23 22 21 22 21 23 22 23 23 22 22 20 21 20 20 20 22 22 22 22 19 20 19 21 21 20 21 21 20 20 20 19 19 20 19 18 18 19 19 18 18 18 18 17 17 16 16 16 15 15 15 14 15 14 13 14 12 13 13 13 15 15 15 15 14 12 15 14 14
-999 -999 -999 -999 -999 -999 -999 -999 -999 -999 -999 -999 -999 24 25 25 25 26 25 24 24 26 27 27 27 27 26 24 22 22 21 22 22 23 22 23 23 21 19 21 20 21 21 21 21 20 21 19 20 20 20 21 20 20 20 19 20 20 18 19 18 19 18 19 19 19 19 18 17 18 17 16 16 16 16 15 15 15 13 15 14 14 13 15 14 13 14 15 15 14 12 12 12 13 14 13
