grids/precipitation/apr/RSMS_04_1883_01.asc
NCOLS 654
NROWS 866
XLLCORNER 3280414.711633467
YLLCORNER 5237500.62890625
CELLSIZE 1000
NODATA_VALUE -999
[rows 770 to 824 of 866, columns 288 to 383 of 654]
37 36 38 37 39 38 39 39 40 39 39 36 37 35 36 36 40 39 37 36 37 36 38 36 37 36 38 38 39 37 39 39 39 38 37 37 37 36 36 36 35 35 36 36 37 38 40 40 42 41 40 40 41 41 40 39 40 40 40 40 40 40 41 41 41 41 41 41 41 40 42 41 42 41 41 40 40 41 42 42 42 42 43 42 44 46 45 44 45 43 44 45 49 48 47 48
38 37 39 39 39 39 40 40 41 41 39 38 37 37 37 37 38 39 38 38 37 38 38 37 38 38 37 39 40 37 40 40 39 39 38 37 37 37 36 36 37 36 36 37 37 37 38 41 41 42 41 40 41 40 39 39 40 40 40 40 40 40 41 41 41 41 41 41 41 41 42 43 42 42 41 41 42 42 41 42 42 43 42 42 42 43 44 43 44 42 43 45 48 47 47 50
38 38 38 40 40 40 38 40 41 41 41 39 37 37 37 37 37 39 38 38 38 38 39 39 38 38 37 38 40 39 40 41 39 41 39 38 37 37 37 37 37 37 37 39 37 38 38 39 41 40 40 41 41 40 40 39 40 40 39 39 40 40 41 42 42 42 41 41 41 41 41 43 43 42 42 42 41 41 42 43 43 43 43 42 42 43 43 42 42 42 42 44 45 46 47 48
38 37 38 41 41 40 39 38 40 40 40 39 37 37 37 38 37 38 38 38 38 40 41 40 38 38 39 37 41 39 39 41 39 40 41 39 37 37 37 38 38 37 38 39 40 39 38 38 38 39 40 40 40 40 40 39 40 40 40 40 40 40 40 42 42 42 41 41 41 41 42 43 43 42 42 43 41 42 42 43 43 43 42 41 41 42 43 43 42 42 42 43 44 45 47 46
39 38 39 41 41 40 40 39 39 41 41 38 38 38 39 37 38 38 39 38 39 42 42 40 40 39 39 39 38 41 40 41 40 39 41 39 38 38 38 39 39 38 38 38 40 40 39 39 39 39 40 41 41 40 40 40 40 40 40 40 40 40 41 42 42 42 42 41 42 42 42 41 43 43 43 43 42 43 43 43 43 45 44 43 42 41 42 44 42 42 42 43 43 45 46 46
39 38 39 41 41 40 40 40 39 41 40 39 39 38 38 39 39 39 39 39 39 42 43 42 42 40 39 39 40 40 40 41 41 41 41 40 39 38 39 39 39 40 39 39 40 40 42 40 39 39 39 40 42 41 40 40 40 41 40 40 40 40 40 41 41 41 41 42 42 42 42 41 43 43 43 44 43 43 43 43 44 43 45 45 43 42 42 42 42 41 41 41 43 44 45 43
40 39 39 41 41 40 40 41 41 39 41 39 39 39 39 39 39 39 39 39 39 43 42 42 42 41 40 40 39 40 41 41 42 43 41 40 39 39 39 41 40 40 40 40 40 41 42 41 40 39 39 40 40 40 41 40 40 41 40 41 40 41 40 41 41 41 43 42 42 42 42 41 43 43 43 43 43 43 45 45 45 44 45 44 44 42 42 42 42 41 41 43 44 41 43 43
40 39 39 40 41 40 41 40 41 40 40 39 39 39 39 39 39 39 39 41 39 41 43 43 42 42 41 39 40 41 42 41 41 42 42 41 40 39 40 41 40 41 40 41 41 42 42 41 40 39 39 40 40 40 41 41 41 41 41 41 40 40 40 41 41 41 43 41 42 42 42 41 44 44 44 45 44 44 45 46 45 45 43 45 44 44 43 43 41 41 41 43 45 40 42 44
41 39 40 40 41 41 41 41 41 40 41 41 39 40 40 39 39 40 40 41 40 43 43 43 42 41 41 41 40 41 42 40 41 42 43 42 40 40 40 41 40 43 41 41 41 43 43 42 41 40 40 40 41 40 41 41 41 41 41 41 41 41 41 41 40 41 42 42 42 43 42 42 45 45 45 44 45 45 46 47 45 45 45 46 45 44 45 43 41 41 41 43 45 43 43 43
40 41 40 39 42 41 41 41 42 41 41 41 40 40 40 40 40 40 40 42 41 44 44 44 42 41 41 42 41 41 41 41 41 42 43 41 40 40 40 41 41 43 41 41 41 43 43 42 41 40 40 40 41 41 41 41 42 42 42 41 41 41 40 41 41 41 42 42 43 43 43 43 46 46 45 44 45 45 45 46 46 45 43 46 45 45 44 42 41 41 41 44 45 44 43 39
40 41 40 40 42 41 42 42 42 40 42 42 41 41 40 40 40 40 41 41 41 44 45 44 43 42 42 41 42 43 41 40 41 41 43 41 40 41 41 41 41 41 42 41 41 41 43 43 42 41 41 41 41 41 41 41 42 42 42 42 42 41 41 42 42 42 43 42 43 43 44 44 46 46 45 45 45 45 46 46 45 45 45 46 44 44 43 42 41 41 41 42 44 42 40 39
41 41 40 39 42 41 43 42 42 41 42 42 41 41 40 40 40 40 41 43 42 44 45 44 42 42 42 42 42 42 41 40 41 41 43 41 41 40 41 42 42 42 42 42 41 41 44 44 42 41 41 41 41 41 41 42 42 42 42 42 42 42 41 42 42 42 43 43 43 43 44 44 46 46 46 45 45 45 46 47 45 45 45 46 47 44 43 42 41 40 40 41 43 42 40 44
41 41 40 40 41 42 42 43 41 43 43 42 42 41 41 41 41 42 43 43 43 45 43 43 42 42 42 42 41 41 41 40 40 41 42 42 41 41 42 42 44 42 42 42 42 42 44 43 44 41 41 42 42 41 42 42 42 42 42 42 42 42 43 43 42 42 45 44 44 44 44 43 43 46 46 46 47 48 47 48 46 44 44 45 45 43 42 40 39 39 39 40 41 40 40 46
42 40 39 42 43 43 43 43 43 44 44 42 41 41 41 41 42 42 42 43 43 43 43 42 43 42 42 42 41 41 40 39 39 39 40 41 42 41 42 43 44 42 42 42 42 42 43 43 43 42 41 42 42 42 42 41 42 42 42 42 42 42 42 43 43 44 45 45 44 44 43 43 42 46 46 46 47 48 46 47 46 44 44 43 43 42 41 39 38 38 39 40 39 39 42 47
42 41 40 44 44 45 45 44 44 45 44 43 41 41 41 41 42 42 43 43 43 43 44 43 43 42 42 43 41 41 40 39 38 39 40 42 42 43 43 44 45 43 43 43 42 43 42 43 44 43 41 42 42 42 41 42 42 42 42 42 42 43 42 43 43 44 45 46 45 44 44 43 45 46 47 47 48 47 46 45 45 43 43 43 42 42 41 38 38 38 39 39 39 40 43 48
42 42 42 44 43 44 45 45 45 43 45 42 41 41 41 43 43 43 43 43 43 43 45 43 43 43 42 43 42 45 41 39 39 40 41 42 44 44 44 45 45 45 44 43 43 45 43 45 43 41 42 42 42 42 42 43 42 41 41 42 42 42 42 43 43 44 46 46 44 44 44 44 45 46 47 47 48 47 46 46 45 43 44 42 42 41 39 38 37 37 39 38 39 42 49 47
43 42 42 44 45 43 46 46 45 44 45 45 42 42 42 42 43 44 43 43 44 43 45 44 44 44 43 43 43 45 42 42 41 42 42 43 43 45 44 47 46 46 47 44 45 46 43 44 43 42 43 42 42 41 41 43 41 41 41 42 42 41 43 43 44 44 46 45 44 44 45 44 48 48 47 47 48 48 48 47 46 44 44 43 43 42 41 39 39 38 38 38 42 42 46 48
44 42 42 45 46 44 46 45 45 44 45 45 43 42 42 43 43 43 43 43 44 44 44 45 45 44 44 44 45 47 45 43 43 43 43 44 45 46 45 49 48 47 46 46 47 47 44 43 43 42 42 42 41 41 41 43 41 41 40 41 41 41 42 44 44 44 44 45 45 45 45 45 47 47 47 48 48 48 48 47 47 45 46 45 45 44 42 41 39 39 38 38 42 42 45 47
44 43 44 45 45 45 46 46 46 45 46 45 43 43 43 44 44 44 45 45 44 44 44 45 45 45 45 45 46 48 46 45 44 44 44 45 46 46 47 50 49 48 46 47 48 48 45 44 43 43 42 42 41 41 42 41 41 41 41 40 40 41 42 44 44 45 45 45 45 45 45 46 48 49 49 48 49 49 48 48 47 46 46 46 46 46 43 42 40 39 39 38 42 45 46 49
43 43 44 45 44 45 47 46 46 46 46 46 43 44 44 45 45 45 45 46 45 45 44 45 45 46 46 46 45 48 48 48 46 45 46 46 46 48 49 50 50 49 47 48 49 49 46 44 44 43 42 42 41 41 42 42 42 44 41 40 41 42 42 44 44 46 47 45 45 45 46 45 48 49 49 50 50 49 48 48 47 46 48 46 47 44 43 43 41 39 39 39 41 45 49 49
43 43 44 45 45 47 47 47 47 47 47 47 44 44 44 45 45 45 45 45 44 45 45 46 47 47 47 48 47 46 50 49 48 46 47 46 48 49 51 52 52 49 48 48 50 49 44 44 45 43 43 43 42 42 42 42 42 42 41 41 41 42 44 44 46 47 48 45 46 47 46 45 49 49 50 50 51 50 50 49 48 49 48 49 48 45 46 45 42 40 40 40 41 42 47 51
42 43 44 46 47 46 48 47 48 47 47 48 45 44 45 46 46 46 45 45 46 45 45 46 47 47 48 48 47 47 50 49 49 49 50 46 52 50 52 52 51 50 49 49 51 48 46 46 46 45 43 43 43 44 43 43 43 44 43 43 43 43 44 46 48 46 46 48 46 47 48 47 45 50 51 51 51 50 49 50 50 50 50 49 48 45 44 44 42 41 41 41 41 43 48 52
42 43 46 46 48 47 49 49 49 48 48 48 46 45 45 46 47 47 46 46 47 46 46 47 47 49 50 48 48 48 51 51 51 49 50 48 49 51 52 52 50 50 49 51 49 48 49 48 49 46 44 43 44 44 44 44 45 45 44 44 44 44 45 48 47 47 48 47 46 47 48 48 47 47 49 48 49 50 51 50 50 50 50 48 49 44 45 44 43 42 41 42 42 43 46 52
43 45 46 46 48 48 49 50 49 49 49 49 45 45 45 46 47 47 47 46 48 46 46 47 47 49 50 51 48 48 48 51 50 51 51 51 48 53 53 53 53 53 51 52 49 50 49 48 49 45 44 44 44 45 45 44 45 46 45 45 45 45 45 49 48 47 46 48 47 48 48 48 48 47 46 50 49 50 52 51 50 51 51 48 47 46 46 44 43 43 43 43 42 43 46 51
44 46 48 47 48 48 49 50 49 49 50 46 46 46 47 46 47 47 47 47 49 47 47 47 47 47 51 52 49 48 49 49 51 50 53 53 49 53 54 51 54 53 53 50 50 49 52 51 50 48 47 46 45 47 46 46 47 47 47 46 46 46 47 49 49 49 48 49 49 48 49 49 49 49 46 47 50 49 51 50 50 51 52 51 47 46 45 46 44 43 43 42 43 43 45 49
45 47 47 48 49 49 50 51 51 50 47 47 47 47 48 47 47 47 49 48 50 47 47 47 48 47 50 52 49 48 49 52 53 51 51 53 53 49 54 52 54 54 53 52 52 50 52 52 51 52 48 49 47 48 47 47 49 48 48 46 49 47 47 49 49 47 48 48 48 49 49 49 49 49 49 47 50 49 49 49 50 51 52 52 48 47 48 47 44 44 44 43 43 43 45 46
46 44 47 49 50 49 50 52 52 51 49 48 47 47 48 47 46 46 47 50 50 51 48 47 48 48 49 51 52 50 49 49 53 53 53 55 54 49 54 55 54 54 51 54 52 50 52 53 53 53 50 49 48 47 47 47 49 49 48 47 49 49 47 48 48 50 49 48 47 49 49 48 49 47 47 50 50 50 49 49 51 52 52 50 47 46 47 47 45 44 44 43 43 44 46 47
43 43 46 48 49 50 50 51 50 48 48 48 47 49 48 48 48 46 48 49 51 49 48 48 48 48 49 51 53 50 50 53 53 53 55 55 54 52 55 55 55 53 53 53 51 51 52 52 54 53 53 50 49 47 48 47 49 48 48 49 49 47 49 49 48 49 48 50 48 49 50 51 49 49 46 46 50 49 50 50 51 52 50 50 46 46 48 48 45 44 44 43 43 44 47 48
43 43 48 48 50 52 52 50 49 48 51 48 48 50 48 49 49 50 48 49 50 49 49 50 49 49 50 51 54 54 53 50 55 54 55 55 53 54 56 55 54 54 54 53 52 51 51 51 54 52 54 52 50 48 48 49 50 48 49 50 49 47 50 50 50 51 51 50 51 50 51 51 51 49 49 48 49 50 51 50 50 50 52 53 49 47 49 48 45 44 44 43 44 44 47 50
43 43 48 50 51 51 52 52 48 49 52 52 52 51 50 50 51 51 50 49 48 50 52 52 51 50 50 54 53 54 55 52 50 54 56 57 54 55 57 57 57 56 55 54 53 53 51 53 62 54 54 52 50 49 48 49 49 49 47 48 50 49 47 51 50 51 51 52 51 51 50 51 50 50 50 50 46 49 51 51 49 50 53 56 56 50 47 48 46 45 44 44 44 44 46 47
43 43 47 50 51 47 47 49 49 53 54 52 51 51 51 51 51 51 52 50 50 52 53 54 52 51 51 51 56 55 56 54 51 53 54 57 55 52 56 56 56 57 55 54 53 54 51 53 54 55 52 51 50 51 48 49 49 50 47 49 49 49 48 51 51 51 52 52 51 52 54 50 49 48 48 47 48 47 50 49 49 50 52 53 53 50 45 46 46 44 44 44 44 45 46 48
43 42 44 46 46 47 49 50 50 52 53 54 53 52 52 51 51 52 51 51 49 54 53 54 52 51 52 51 53 56 54 54 51 55 57 55 55 53 53 55 57 58 55 54 52 53 51 51 53 55 52 51 51 50 47 49 49 49 48 50 49 48 49 53 51 52 52 52 51 53 50 49 48 47 49 50 50 48 46 47 47 46 48 50 51 48 44 46 46 44 44 44 44 45 45 47
44 42 41 43 45 48 50 52 54 54 55 53 52 52 54 53 52 53 53 52 51 55 55 53 52 50 51 52 50 55 56 55 53 55 56 55 54 52 53 55 57 55 56 55 52 52 51 51 53 54 51 50 49 50 48 48 49 48 48 50 49 48 54 53 53 54 52 50 50 50 49 49 49 47 48 51 46 49 48 46 45 44 45 47 45 45 43 44 45 43 44 44 43 45 45 45
43 41 41 43 47 47 50 53 53 54 52 54 54 53 54 54 53 54 52 52 53 50 51 51 52 51 50 50 50 51 52 54 54 53 53 54 53 52 52 54 56 55 53 52 51 50 51 51 55 53 49 49 49 49 48 47 49 48 50 49 50 49 54 54 53 54 51 50 50 49 49 48 48 48 49 52 48 49 46 45 44 43 44 44 46 44 42 43 44 43 44 43 44 46 45 46
43 43 44 46 48 48 51 52 52 53 53 54 54 54 55 54 55 54 54 53 55 55 52 51 50 52 50 50 51 51 51 54 52 54 53 55 54 51 53 52 53 53 51 51 50 50 50 50 53 50 50 49 49 48 48 48 50 48 51 49 50 50 54 56 54 55 50 49 49 49 49 48 47 47 47 46 47 48 46 44 45 43 41 50 46 42 41 42 43 44 45 43 45 46 46 46
45 44 45 46 48 49 50 52 53 54 56 54 54 55 55 56 55 56 55 54 55 55 53 49 50 51 50 50 50 50 50 51 52 53 54 55 51 51 52 53 55 54 52 51 50 49 49 50 50 50 49 49 48 48 49 48 49 51 50 50 50 51 55 57 55 53 50 50 49 49 49 49 48 47 46 50 48 47 46 43 44 42 42 49 51 43 40 44 44 44 44 44 44 45 46 45
47 46 47 50 52 50 53 53 54 56 57 57 57 57 57 57 58 57 58 56 54 53 53 52 51 48 49 49 50 49 50 51 52 54 55 55 51 52 53 54 53 54 52 51 51 49 49 50 51 50 50 49 48 48 50 48 49 51 50 50 50 50 55 59 57 53 52 51 50 50 50 49 49 47 47 50 48 48 45 45 45 43 47 42 43 39 41 43 44 44 44 48 46 45 46 45
52 50 49 53 54 54 55 55 56 56 57 57 59 59 58 60 59 59 59 58 58 56 52 49 50 48 49 48 50 49 50 49 50 55 55 56 51 52 53 54 53 53 52 52 52 50 50 50 51 50 50 49 49 50 50 48 48 50 50 50 52 53 54 56 58 53 51 51 51 50 51 50 49 48 50 48 48 48 47 46 47 44 44 42 44 41 42 44 44 45 45 45 48 47 48 47
52 52 52 54 54 56 57 57 57 57 57 58 58 59 60 61 63 61 61 60 58 60 55 53 51 49 48 48 48 48 50 49 50 51 54 55 50 52 54 56 54 53 52 52 51 51 51 51 50 50 50 50 50 51 51 48 49 50 50 54 55 52 52 55 58 55 50 51 50 50 50 49 49 53 50 49 49 48 46 48 46 44 44 43 44 46 45 48 45 45 45 47 46 48 49 48
53 52 53 55 54 57 58 58 58 58 58 60 61 60 62 62 64 63 63 60 60 59 55 53 53 51 49 49 48 48 49 49 50 50 52 54 50 50 53 56 54 53 53 51 51 51 51 52 50 50 50 50 50 51 51 47 49 49 50 53 54 50 52 54 56 51 50 52 50 48 49 49 52 52 50 51 49 48 48 48 43 42 43 49 50 50 50 48 49 49 46 48 49 49 49 49
52 53 55 55 57 58 59 60 59 60 59 59 59 61 63 67 67 65 66 63 62 61 60 56 55 52 52 51 49 49 49 49 49 50 51 49 49 51 54 56 55 53 53 52 51 52 52 53 51 50 50 50 49 50 50 48 48 49 51 51 50 49 49 50 51 50 51 50 50 50 51 51 53 51 51 52 56 49 54 51 48 49 50 49 49 50 51 51 49 48 46 49 50 48 50 50
52 53 54 56 56 59 60 60 61 60 60 60 62 62 62 68 70 71 67 64 64 64 58 58 56 55 52 51 49 50 50 49 50 50 50 49 50 50 52 53 53 54 54 52 52 52 52 51 51 50 50 51 50 51 50 49 48 47 49 48 48 48 50 50 49 48 51 50 51 50 51 53 52 51 54 53 57 49 48 49 48 49 49 50 50 51 50 50 50 49 48 49 50 51 51 51
53 53 55 57 59 60 60 62 62 62 62 62 63 65 68 68 71 70 70 68 67 65 62 58 58 56 55 52 50 50 49 49 51 51 49 49 51 52 55 56 54 55 55 52 54 52 51 52 52 52 51 52 51 50 51 48 48 47 46 49 49 49 51 49 48 48 50 50 50 51 51 52 52 53 55 57 54 50 47 49 50 50 50 58 52 51 51 51 50 49 49 50 51 51 51 53
52 54 55 58 60 60 62 63 64 63 63 63 66 69 71 71 72 73 72 66 66 67 62 61 59 57 57 53 51 50 48 50 50 50 49 49 53 53 56 56 54 55 54 54 54 53 54 55 53 53 51 52 51 51 52 50 49 47 46 48 50 50 50 50 50 48 49 51 50 51 53 53 54 55 56 53 54 52 51 48 52 54 58 60 58 53 53 53 51 50 49 49 50 52 53 53
56 56 59 59 60 62 66 68 68 64 65 66 71 76 76 74 76 77 78 75 68 70 71 66 61 59 58 56 51 48 47 47 48 49 49 50 52 53 56 57 56 55 55 55 55 56 56 56 55 54 53 51 51 51 52 50 48 47 47 46 47 46 47 49 48 48 49 50 51 52 54 56 55 55 56 58 57 55 54 47 54 56 58 57 61 57 53 52 52 49 50 50 51 52 55 55
59 60 59 62 64 64 67 66 68 68 70 70 73 76 80 79 86 84 84 77 74 69 68 68 65 61 60 57 50 49 46 46 46 48 50 53 52 55 57 56 56 56 57 57 57 58 57 57 56 55 53 52 51 50 51 50 49 48 46 47 47 48 48 48 50 49 49 50 49 52 55 56 57 61 64 63 56 58 57 51 56 56 57 56 55 57 53 52 53 52 51 51 51 51 52 55
61 61 62 63 65 64 67 72 68 68 69 71 72 83 87 82 87 87 86 74 79 76 70 66 64 61 60 53 52 50 47 45 47 47 51 54 54 56 58 58 57 56 57 57 58 58 60 57 57 56 54 52 51 52 51 50 49 49 48 47 49 48 48 50 51 49 48 49 50 52 54 57 60 64 61 60 59 60 58 54 56 56 56 56 56 54 52 52 51 50 50 51 51 51 53 55
64 64 63 63 64 66 67 69 69 70 71 72 73 85 86 83 81 87 86 79 79 76 72 68 66 63 60 55 53 50 47 46 47 48 52 54 55 55 58 58 57 57 58 58 57 60 57 59 57 56 54 51 52 51 51 52 50 49 50 48 47 48 49 50 50 49 48 50 51 53 55 61 61 62 60 59 59 61 59 56 56 56 57 58 57 56 52 52 52 51 51 51 51 51 53 55
62 63 63 66 67 67 68 69 69 71 72 73 74 80 84 89 84 85 84 84 81 76 72 68 67 68 59 56 55 51 48 48 48 50 52 52 55 57 58 58 56 58 57 58 58 60 58 59 57 56 55 53 52 51 52 53 51 50 53 52 50 51 51 51 52 50 48 50 51 55 57 58 59 61 61 61 62 60 60 58 60 57 57 57 58 57 56 55 53 52 51 51 52 52 53 54
61 64 65 67 69 69 70 71 72 73 72 73 74 78 85 88 85 89 85 81 82 75 72 70 68 67 61 57 57 54 51 50 50 52 53 53 55 57 59 58 57 59 58 57 58 58 57 57 56 55 53 52 52 50 50 53 53 53 51 53 52 52 50 53 54 50 49 52 56 56 57 58 59 59 61 63 64 64 63 62 61 61 60 60 59 59 59 57 55 52 54 54 56 55 56 58
64 65 66 68 69 70 71 73 74 74 72 74 75 76 81 83 84 82 79 76 76 79 72 68 66 68 62 57 55 54 52 51 52 52 54 54 55 57 56 58 59 61 58 58 60 59 58 56 56 55 53 51 51 50 51 52 54 53 53 53 53 53 52 53 54 51 53 55 55 58 58 58 59 60 61 63 62 64 65 64 63 66 65 61 62 60 57 55 54 52 53 52 52 51 52 53
66 67 68 69 71 72 73 77 78 76 75 76 78 75 77 80 80 83 79 80 80 79 74 68 67 64 61 56 55 54 52 53 53 53 53 56 58 55 58 58 61 59 57 58 58 57 57 56 55 54 51 51 51 50 51 51 54 55 56 55 53 53 54 53 53 51 53 55 55 58 57 59 59 62 67 66 66 66 67 65 61 64 64 63 68 67 66 62 57 52 56 52 52 52 53 53
65 67 68 69 71 71 76 78 77 79 79 78 78 77 76 75 81 84 90 82 77 77 74 70 67 63 59 57 56 55 53 55 53 54 58 59 57 57 57 55 60 57 57 58 58 59 56 55 54 51 49 48 50 50 52 55 57 56 60 55 54 54 55 55 57 56 59 59 59 57 57 57 60 61 63 66 67 68 67 67 64 65 65 64 72 86 81 86 63 56 56 50 50 52 53 53
68 66 66 68 68 72 72 74 78 79 79 78 78 79 82 82 85 83 79 77 79 77 76 70 67 64 58 56 54 54 53 53 55 58 59 57 56 56 56 59 58 57 57 57 55 58 56 55 53 52 50 48 49 49 51 57 54 62 61 55 54 53 54 55 57 57 58 57 56 57 57 64 69 73 75 74 75 74 69 67 65 64 65 63 73 84 81 83 73 68 57 50 51 52 53 54
70 69 68 69 69 70 70 75 74 76 77 81 82 78 79 77 77 77 75 75 75 78 74 71 63 63 56 54 56 54 53 54 57 60 57 56 57 58 61 58 59 57 59 60 56 57 57 55 54 53 50 48 48 50 52 54 55 58 59 57 57 54 54 56 57 58 59 58 58 60 61 81 82 82 89 81 91 88 75 67 81 76 64 63 63 64 69 73 82 72 77 65 54 51 53 54
