grids/precipitation/apr/RSMS_04_1881_01.asc
NCOLS 654
NROWS 866
XLLCORNER 3280414.711633467
YLLCORNER 5237500.62890625
CELLSIZE 1000
NODATA_VALUE -999
[rows 318 to 370 of 866, columns 288 to 383 of 654]
12 12 12 12 12 12 11 11 11 11 11 11 11 11 11 10 10 10 10 10 9 9 9 9 8 8 9 9 9 9 9 8 8 8 8 7 8 7 7 7 7 7 7 7 8 8 8 8 9 9 9 9 9 9 9 9 9 9 9 8 8 8 8 8 8 8 8 9 8 8 8 8 8 9 9 9 9 9 9 9 9 9 9 9 9 9 9 9 9 9 9 9 9 9 9 9
12 12 12 12 12 12 11 11 11 11 11 11 11 11 11 10 11 10 10 10 10 9 9 9 9 9 9 9 9 9 9 8 8 8 8 7 7 8 7 7 7 7 7 7 7 8 8 9 9 9 8 8 9 9 9 9 9 9 9 9 9 9 8 8 8 8 8 8 8 8 8 8 8 8 8 8 9 8 9 9 9 9 9 9 9 9 9 9 9 9 9 9 9 9 9 9
12 12 12 12 12 12 12 11 11 11 11 11 11 11 11 11 10 10 10 10 9 9 9 9 9 9 9 9 9 9 9 8 8 8 8 7 7 8 8 7 7 7 7 7 7 8 8 8 8 8 8 8 8 8 9 9 9 9 9 9 9 9 8 8 8 8 8 8 8 8 8 8 8 8 8 8 8 8 9 9 9 9 9 9 9 9 9 9 9 9 9 9 9 9 9 9
12 12 12 12 12 12 12 11 11 11 11 11 11 11 11 10 10 10 10 10 9 9 9 9 9 9 9 9 9 9 9 9 8 8 8 8 7 7 8 8 8 7 8 8 7 8 8 8 8 8 8 8 8 8 8 8 8 9 9 9 10 9 9 9 8 8 8 8 8 8 9 9 8 8 8 8 8 8 9 9 9 9 9 9 9 9 9 9 9 9 9 9 9 9 9 9
12 12 12 12 12 12 12 11 11 11 12 11 11 11 10 10 10 10 10 10 10 10 10 9 10 10 10 10 9 9 9 9 9 9 9 9 8 8 8 8 8 8 8 9 8 8 8 8 8 8 8 8 8 8 9 9 9 9 9 10 10 10 10 9 8 8 8 8 9 9 9 9 8 8 9 8 8 9 9 9 9 9 9 9 10 9 9 9 9 9 9 9 9 9 9 9
13 13 13 12 12 12 12 12 12 12 12 12 11 11 11 11 10 10 10 9 9 9 10 10 10 10 10 10 10 10 9 9 9 9 9 9 9 8 8 8 8 9 9 10 9 8 8 8 8 8 8 8 8 8 8 9 9 9 9 9 10 10 10 10 9 8 8 8 9 9 9 9 9 9 9 9 9 9 9 10 10 9 9 9 9 9 9 9 9 9 9 9 9 9 9 9
14 14 13 12 12 13 13 12 12 12 13 12 12 12 11 10 10 10 10 9 9 9 10 10 10 10 10 10 10 10 10 9 10 10 9 10 9 9 9 9 9 9 9 10 10 10 9 8 8 8 8 8 8 8 8 9 9 9 9 9 9 9 10 10 9 8 8 9 8 8 9 9 9 9 9 9 9 9 10 10 10 10 9 9 9 9 9 9 9 9 9 9 9 9 9 9
14 15 14 14 13 13 13 13 13 12 12 12 11 11 11 10 10 10 10 10 10 10 10 10 10 10 10 10 10 10 10 10 10 10 10 10 9 9 9 9 9 9 9 10 10 10 9 9 9 9 9 8 8 8 8 9 9 9 9 8 8 9 9 9 8 8 8 8 8 9 9 9 9 9 9 9 9 9 10 10 10 10 9 9 9 9 9 9 9 9 9 9 9 9 9 9
14 14 14 13 13 13 13 13 12 12 13 12 11 11 11 11 11 11 10 11 10 10 10 10 10 10 10 10 10 10 10 10 10 10 11 10 10 9 9 10 10 10 10 10 10 10 10 10 9 9 9 9 9 8 9 9 9 9 9 9 9 8 8 8 9 8 8 8 9 9 9 9 9 9 10 9 9 9 9 10 10 10 10 9 9 10 10 10 10 9 9 9 9 9 10 9
14 14 14 13 13 13 12 12 12 12 12 12 12 11 12 12 11 11 10 11 11 11 11 11 10 10 10 11 11 11 10 10 10 11 11 11 10 10 9 9 10 10 10 10 10 10 10 10 10 10 9 9 9 9 9 9 9 9 9 9 9 9 9 9 8 8 8 9 9 9 9 9 9 9 9 9 9 9 9 9 9 10 10 10 10 10 10 10 9 9 9 9 10 9 9 9
14 14 14 13 13 13 12 12 12 12 12 12 12 12 12 11 11 11 12 11 10 11 11 11 11 11 10 11 11 11 10 10 10 10 11 11 11 10 10 10 10 10 10 10 10 10 10 9 10 10 9 9 9 9 9 9 9 9 9 9 9 9 9 8 8 8 9 9 9 9 10 9 9 9 9 9 9 9 9 9 9 10 10 10 10 10 10 10 10 9 9 9 9 9 10 10
14 14 14 14 13 13 12 12 12 12 12 12 12 12 11 12 11 11 11 11 10 11 12 12 11 11 11 11 11 11 11 11 10 10 11 12 10 10 10 10 10 10 10 11 10 10 10 10 9 10 10 9 9 9 9 9 9 9 9 9 9 8 8 8 8 9 9 9 9 9 9 9 9 9 9 9 9 9 9 9 9 10 10 10 10 10 11 10 9 9 9 10 10 9 10 10
15 15 14 14 15 14 14 14 13 13 12 12 12 13 12 12 11 11 11 11 11 11 12 12 12 12 12 11 11 11 11 11 11 11 11 12 11 11 10 10 10 11 10 10 10 10 10 10 10 9 10 9 9 9 9 9 9 9 10 9 9 9 9 9 9 9 9 9 9 9 9 9 9 9 9 8 8 9 9 9 10 10 10 10 10 10 10 10 10 10 9 9 9 10 10 10
16 16 14 15 17 16 14 13 13 13 12 12 12 13 13 13 12 12 11 11 12 11 12 12 12 12 12 11 11 11 11 11 11 11 11 12 12 11 11 11 11 10 10 11 11 11 10 10 10 10 10 9 10 10 9 9 9 9 9 9 10 9 9 9 9 9 9 9 9 9 9 9 9 9 8 8 9 9 9 10 10 10 10 10 10 10 10 10 9 9 9 9 9 9 9 9
16 16 15 15 15 17 15 14 14 12 13 12 12 12 13 13 12 12 12 12 12 12 12 12 13 12 12 11 11 11 11 11 11 12 12 12 12 12 11 11 11 11 11 10 11 10 11 10 11 10 10 10 10 10 9 9 9 9 9 9 9 9 9 9 9 9 9 9 9 9 9 9 9 9 9 9 9 9 9 9 10 10 10 10 10 10 9 9 9 9 9 9 9 9 9 9
15 16 18 17 16 15 15 15 13 12 14 13 12 13 14 14 13 13 13 12 12 12 12 13 12 12 12 12 11 11 11 11 12 12 12 12 11 11 11 11 11 11 11 11 10 11 10 10 10 10 10 10 10 10 9 9 9 9 9 9 9 9 9 10 9 9 9 9 9 9 9 9 9 9 9 9 9 9 9 9 9 10 10 9 9 9 9 9 9 9 9 9 9 9 9 9
15 17 16 16 16 15 16 15 14 13 14 14 14 13 13 14 14 13 13 13 13 13 13 13 12 12 12 12 11 12 12 12 12 12 12 11 11 12 11 11 11 11 11 11 11 11 11 11 11 11 10 10 10 10 10 9 10 9 10 10 10 10 10 10 10 9 10 9 9 9 9 9 9 9 9 9 9 9 9 9 10 9 10 9 9 9 9 9 9 9 9 9 10 9 10 9
15 16 16 16 18 16 15 15 14 14 14 15 15 14 15 16 16 14 13 13 13 13 12 12 13 12 12 13 13 12 12 13 12 12 12 12 12 12 12 12 12 12 11 11 12 11 11 12 12 12 11 11 11 10 10 10 10 10 10 11 11 11 11 10 10 10 10 10 10 10 9 9 9 9 9 9 10 10 10 10 10 10 10 10 10 10 10 10 10 10 10 10 10 10 10 10
16 16 17 15 16 15 15 14 14 14 15 15 15 15 15 17 16 15 14 13 13 13 13 13 13 14 14 14 13 13 13 13 12 13 13 12 12 12 12 12 12 12 12 12 12 12 12 13 13 13 13 11 11 10 11 11 10 10 10 11 11 11 11 11 10 10 10 10 10 10 10 9 9 9 10 10 10 10 10 10 10 10 10 10 10 10 10 10 10 10 10 10 10 10 10 10
16 16 16 17 16 15 15 15 14 15 15 15 16 16 16 16 16 16 15 14 14 14 14 13 13 14 15 16 14 14 14 13 13 13 14 13 12 13 13 13 12 13 13 13 12 12 14 13 13 14 13 12 11 11 11 11 11 11 11 11 11 11 11 11 10 10 11 10 10 10 10 9 9 10 10 10 10 10 10 10 10 10 10 10 10 10 10 10 9 9 9 9 9 9 9 10
16 17 16 16 16 16 16 15 15 15 15 15 16 16 16 16 16 16 15 15 15 16 15 14 14 14 15 15 15 15 14 14 14 14 14 13 13 13 13 13 13 13 12 13 13 12 13 13 14 14 14 14 13 11 12 11 11 11 12 11 11 11 11 11 11 11 11 10 10 10 10 10 10 10 10 10 10 11 11 10 10 10 11 11 10 10 10 10 9 9 10 10 9 10 10 10
16 17 17 17 17 16 16 16 16 16 16 16 17 17 17 17 18 16 15 17 17 17 16 15 15 15 15 15 16 16 15 15 14 15 14 14 14 14 13 13 14 13 13 12 13 13 13 14 14 14 14 14 14 12 12 12 12 12 13 13 12 11 12 11 11 11 10 11 11 10 10 11 11 11 11 11 11 11 11 11 10 10 11 11 11 11 10 10 10 10 10 10 10 10 10 10
17 17 17 19 18 18 17 17 16 16 16 17 17 18 17 17 17 17 16 16 17 18 17 16 15 15 15 16 16 17 16 15 15 15 14 15 15 14 14 14 14 14 13 13 13 13 13 12 13 14 14 14 13 12 12 12 12 13 14 13 12 12 11 11 11 11 11 11 11 11 11 11 11 11 12 12 12 11 11 11 10 10 11 11 11 11 10 10 10 9 10 10 10 10 10 10
18 17 16 18 19 19 18 17 16 17 17 17 17 19 18 18 17 17 17 17 16 17 17 16 15 16 16 16 17 18 18 16 15 15 15 15 15 15 15 14 14 14 14 14 13 13 13 12 12 13 13 13 13 12 13 12 12 12 14 13 13 12 12 12 11 11 11 11 11 11 11 12 12 12 12 12 11 11 11 10 10 10 10 11 11 11 10 10 10 10 10 10 10 10 10 10
19 17 17 17 18 19 19 18 17 17 17 18 18 20 19 19 18 17 17 17 17 18 17 17 17 17 17 17 18 17 18 18 17 16 16 16 17 16 16 15 15 14 15 14 14 15 14 14 14 14 14 14 14 14 14 13 13 13 13 14 14 13 13 12 13 12 12 12 12 12 13 12 12 12 12 12 12 11 11 10 10 10 10 10 11 11 11 10 10 10 10 10 10 10 10 10
18 16 17 18 19 19 19 18 18 18 19 20 19 19 19 20 19 18 18 19 19 19 19 18 18 17 18 18 18 19 19 19 19 17 16 16 16 17 17 16 15 15 15 15 15 15 15 14 14 14 14 14 14 14 13 13 13 14 13 14 14 14 14 13 12 13 13 12 12 13 13 13 12 12 12 12 12 11 11 11 10 10 10 10 10 10 11 10 10 10 10 10 10 10 10 10
17 17 17 20 18 19 19 19 19 18 18 20 21 21 21 19 20 20 19 19 19 20 19 19 18 18 18 19 19 19 19 18 18 17 17 16 16 16 16 15 15 16 15 15 15 16 15 15 14 14 14 14 14 14 14 13 13 13 13 13 14 14 14 13 14 13 13 13 14 12 12 12 12 12 12 12 11 11 11 10 10 10 10 10 10 11 11 11 10 10 10 10 10 10 10 10
18 18 18 18 19 19 19 18 19 19 20 20 20 20 21 20 20 20 21 21 20 21 20 19 19 19 18 18 19 19 19 18 18 18 17 17 16 16 16 16 16 16 15 16 16 16 16 15 15 15 14 14 14 14 14 14 13 13 13 13 13 13 13 13 13 13 13 12 12 12 12 11 11 11 11 11 11 11 11 10 10 10 10 10 11 11 11 11 11 11 11 10 10 10 10 10
18 17 19 19 19 19 19 18 19 19 20 20 21 22 22 21 22 23 25 26 24 23 22 20 20 20 19 19 19 19 19 19 19 19 19 18 18 18 17 17 16 16 16 16 16 16 16 16 16 15 15 15 15 15 14 14 14 13 13 13 14 13 13 12 12 12 12 12 12 11 11 11 11 11 11 11 11 11 11 11 11 10 11 11 10 10 11 11 11 11 11 11 10 10 10 10
18 18 18 20 20 19 20 19 19 19 19 20 21 20 20 22 23 25 25 31 30 27 22 21 20 20 20 20 20 20 20 20 20 20 19 19 19 19 17 17 17 17 16 17 17 17 17 17 17 15 15 15 16 15 15 14 14 14 13 13 13 13 13 13 13 12 12 12 12 12 11 11 11 11 11 11 11 11 11 11 11 11 11 11 11 11 11 11 11 11 11 11 11 11 10 10
17 18 17 20 20 20 19 19 19 19 20 19 20 20 21 23 25 25 28 29 28 26 24 21 21 20 20 20 20 20 19 21 22 21 20 20 20 20 19 18 17 17 17 17 17 17 17 17 17 16 16 16 16 16 15 14 15 14 14 13 13 13 13 13 13 13 12 12 12 12 12 11 11 11 12 12 11 11 11 11 11 11 11 11 11 11 11 11 11 11 11 11 11 11 11 10
18 17 18 19 19 21 21 19 19 19 19 19 20 20 21 22 27 29 27 28 29 28 25 24 24 23 23 24 22 20 20 20 21 21 22 21 20 20 20 18 18 18 18 17 17 17 17 17 17 16 16 16 16 16 15 15 15 14 14 14 13 13 13 13 13 12 12 12 12 12 12 12 11 12 12 12 12 11 11 11 11 11 11 10 11 11 11 11 11 11 12 12 11 11 11 11
18 17 18 18 19 20 21 22 20 19 20 20 21 20 21 24 26 29 28 27 29 27 25 26 24 24 23 25 24 22 21 23 23 23 22 23 22 21 20 20 20 19 19 19 19 18 18 18 17 17 16 16 15 15 15 15 15 15 14 14 14 14 14 13 13 12 12 12 12 12 12 12 12 12 12 12 12 11 11 11 11 11 11 11 11 11 12 12 11 12 12 12 12 11 11 10
18 18 17 17 18 19 20 22 21 19 20 20 21 21 22 25 27 28 26 26 29 28 27 27 26 26 24 26 24 24 27 27 28 23 26 24 23 22 21 21 21 21 21 21 20 19 18 19 18 17 16 16 16 16 16 16 16 15 15 14 14 14 13 13 13 13 12 12 12 12 12 12 12 12 12 12 12 11 11 11 11 11 11 11 11 11 12 12 12 12 12 12 13 12 11 11
19 18 18 18 18 18 20 22 20 19 21 20 21 21 22 24 27 30 29 27 27 29 31 28 28 28 29 28 31 26 29 29 26 25 29 28 25 23 22 22 22 23 28 26 20 20 20 19 19 18 17 16 16 16 16 16 16 16 15 14 14 14 13 13 13 13 12 12 12 12 12 12 12 12 12 12 12 11 11 11 11 11 11 11 11 11 11 12 12 12 12 12 12 12 12 11
19 19 18 19 19 19 20 22 22 20 20 20 21 21 24 25 25 28 31 28 29 31 31 32 30 29 29 27 30 28 32 31 28 28 32 30 29 26 26 26 25 29 27 22 23 22 20 20 19 19 18 17 16 17 17 16 16 16 15 15 14 14 14 13 13 13 13 12 12 12 12 12 12 12 12 12 12 12 12 11 11 11 11 11 11 11 11 11 12 12 12 12 12 12 12 12
17 17 18 17 19 20 20 21 22 20 20 20 21 22 24 28 30 30 33 32 30 32 33 33 30 34 34 32 32 30 32 33 30 29 32 32 30 31 27 27 28 30 25 26 28 27 22 22 21 20 19 18 18 17 17 17 16 16 16 15 15 14 14 13 14 13 13 13 12 12 12 12 12 12 12 12 12 12 12 12 11 11 11 12 11 11 11 11 11 12 12 12 12 12 12 12
17 19 18 18 18 18 19 21 22 20 21 21 21 22 23 27 29 32 32 28 34 33 33 33 35 35 31 36 34 32 31 31 27 32 31 33 32 31 27 31 30 28 26 30 29 27 25 27 25 21 20 19 18 17 17 17 17 16 16 16 15 14 14 14 14 14 14 13 13 12 12 13 12 12 12 12 12 12 13 12 12 11 11 11 11 11 11 11 11 11 11 11 11 11 11 12
18 19 20 19 18 18 19 20 20 21 21 21 21 22 24 26 30 33 30 30 33 33 33 33 35 36 38 35 34 34 31 31 32 33 34 34 33 31 29 32 31 31 31 30 31 28 25 30 26 23 20 20 19 18 17 17 17 17 16 16 16 15 14 13 14 14 14 13 13 13 12 12 12 12 12 12 12 12 12 12 12 12 11 11 11 11 11 11 11 11 11 11 11 11 11 11
19 18 20 20 20 19 20 20 20 21 21 22 22 22 24 26 27 32 30 35 31 35 35 35 34 36 36 33 32 32 30 29 30 32 32 34 33 33 32 34 33 34 34 31 28 26 30 28 28 27 27 22 21 20 18 18 18 19 18 17 16 16 14 14 14 13 13 13 13 14 14 14 12 13 12 13 12 12 12 12 12 12 11 11 11 11 11 11 11 11 11 11 11 11 11 11
17 18 21 21 21 22 21 21 20 21 23 21 23 23 24 26 30 31 34 33 31 33 33 35 35 35 34 32 32 33 29 32 30 31 32 35 36 36 34 35 34 35 35 33 31 31 31 31 30 26 25 23 21 22 21 20 17 22 17 19 17 17 17 15 13 13 13 14 13 13 13 13 13 12 12 12 12 12 12 12 11 11 11 11 11 11 11 11 10 11 11 11 11 11 11 11
17 17 19 21 21 20 20 21 21 23 24 24 26 22 23 25 27 32 31 31 36 36 36 37 36 36 34 34 33 33 33 31 31 33 35 34 37 36 35 37 36 36 38 36 33 34 35 32 30 25 25 22 23 23 23 24 21 21 22 20 20 19 16 15 14 14 14 14 14 14 14 13 13 12 12 12 12 12 12 12 12 12 11 11 11 11 11 11 11 11 11 11 11 11 11 11
17 17 18 18 21 22 21 20 20 22 23 24 22 22 23 26 29 27 34 33 36 36 34 34 35 36 34 33 33 34 33 34 35 35 34 34 38 39 38 39 37 40 43 39 37 36 36 31 30 29 27 27 27 25 24 22 22 21 22 21 21 19 18 15 14 14 14 15 14 14 13 12 12 13 12 12 12 12 12 12 12 11 12 11 11 11 11 11 11 11 11 11 11 11 11 11
20 18 17 19 21 21 20 20 20 20 23 25 22 22 25 25 26 27 30 34 34 34 36 36 35 36 36 34 34 34 34 32 35 36 37 37 37 43 42 41 41 42 47 47 41 41 36 34 31 31 30 25 27 26 24 23 23 23 23 22 21 20 17 17 16 15 15 14 15 14 13 12 13 13 14 13 12 12 12 12 12 12 12 11 11 11 11 11 11 11 11 11 11 11 11 11
19 19 20 17 18 19 20 19 19 20 21 22 25 23 22 21 29 27 31 33 34 34 37 37 37 38 36 36 35 36 36 35 37 38 41 44 42 43 44 43 44 43 46 48 43 41 36 40 37 32 30 27 27 25 25 25 24 23 22 22 20 20 20 17 18 16 15 15 14 13 11 12 13 13 13 13 13 13 12 11 11 12 12 12 11 11 11 11 11 11 11 11 11 11 11 12
19 19 18 17 17 18 18 19 20 20 22 24 24 22 22 23 25 28 31 35 34 35 36 38 36 36 38 38 38 36 37 38 38 42 44 45 43 43 47 46 45 46 47 44 46 41 41 38 39 34 29 26 26 26 25 24 24 23 22 22 22 21 20 19 19 17 16 15 15 13 12 13 13 12 13 13 13 12 12 12 12 12 12 13 12 12 11 12 12 12 12 12 11 11 12 12
18 18 17 18 19 18 19 20 19 20 22 23 23 22 23 23 24 26 31 34 35 34 36 36 36 37 35 37 35 36 38 39 42 44 45 45 43 42 44 44 43 43 42 43 39 39 40 36 34 33 28 26 26 26 24 23 23 23 23 22 22 21 20 20 17 17 15 15 15 14 14 13 13 13 13 13 12 12 12 12 12 12 12 12 12 12 12 12 12 12 12 12 11 11 11 12
17 17 18 17 18 20 21 21 20 20 22 24 21 21 22 23 25 27 30 33 32 33 35 36 38 37 35 36 35 35 36 43 44 42 43 42 43 41 44 44 43 43 41 39 37 37 37 33 32 30 27 26 25 24 23 23 23 22 22 21 20 21 21 20 19 17 16 15 14 14 14 13 12 13 13 13 13 13 13 12 12 12 12 12 12 12 12 12 12 12 12 12 12 12 12 12
17 17 18 18 19 21 22 21 20 21 22 24 21 22 24 23 25 26 28 29 30 32 32 33 35 34 35 33 34 38 41 42 44 39 42 43 43 42 41 45 44 42 44 46 40 38 35 32 30 28 26 25 23 23 23 23 22 21 21 21 20 19 20 20 20 18 16 17 15 15 14 13 14 14 14 14 14 13 13 13 12 12 12 12 12 12 12 12 12 12 12 12 12 12 12 12
18 17 17 18 18 20 20 20 20 21 24 25 21 21 23 23 24 24 26 29 29 32 33 31 31 31 33 38 38 36 43 46 43 41 41 42 44 43 39 43 43 42 40 41 40 38 36 31 30 27 25 24 23 22 22 23 22 22 21 21 20 20 17 19 18 19 19 17 17 18 16 16 18 16 15 14 14 14 14 12 13 12 12 12 12 13 13 12 12 12 12 12 12 12 12 12
18 17 17 18 17 18 20 20 21 22 22 23 21 21 23 23 23 24 25 27 29 29 28 29 30 29 31 33 37 40 44 44 40 40 39 41 42 45 40 43 42 41 38 38 37 36 33 31 29 29 26 24 24 23 22 22 22 22 21 20 19 18 20 19 16 18 19 18 19 16 14 19 18 18 15 16 15 14 13 13 13 13 13 13 13 13 13 13 13 13 12 12 12 12 12 13
17 17 17 19 18 20 22 21 21 22 23 22 21 22 23 25 25 24 25 27 26 27 30 29 33 32 33 36 34 40 40 40 42 38 39 39 41 39 42 37 41 40 37 37 35 35 32 31 31 29 27 25 24 23 23 23 22 20 20 20 19 19 21 18 18 16 17 16 15 18 19 19 19 18 18 17 16 16 14 15 14 14 15 15 14 13 14 13 12 12 12 12 12 12 13 13
17 17 17 18 18 19 21 20 21 22 21 21 20 22 24 24 24 24 24 24 27 28 32 32 34 34 36 37 37 34 38 36 41 41 36 40 41 41 38 38 40 39 37 35 34 34 32 31 29 26 26 25 23 24 23 22 21 20 21 21 20 20 20 19 19 19 16 16 17 19 19 19 19 19 18 17 17 17 16 15 16 15 15 15 15 14 14 14 13 12 13 13 14 13 14 13
