grids/precipitation/apr/RSMS_04_1881_01.asc
NCOLS 654
NROWS 866
XLLCORNER 3280414.711633467
YLLCORNER 5237500.62890625
CELLSIZE 1000
NODATA_VALUE -999
[rows 636 to 688 of 866, columns 96 to 191 of 654]
48 48 49 49 49 51 52 46 51 51 49 51 50 52 51 50 50 47 48 48 48 51 50 50 50 48 53 53 55 52 54 59 58 58 56 57 56 59 63 59 59 61 70 65 64 64 64 61 65 56 61 56 58 63 62 59 60 66 64 54 47 44 42 41 39 39 39 39 39 40 40 41 39 40 41 41 41 41 41 40 40 39 39 42 42 42 44 45 45 45 46 47 47 47 48 50
47 48 48 49 51 48 48 51 51 51 51 48 49 51 50 50 46 50 52 51 49 52 52 54 51 49 49 55 56 56 55 56 58 60 58 60 62 63 67 62 67 69 69 65 68 65 63 62 61 65 60 66 59 68 69 67 67 69 67 56 47 45 44 41 41 40 40 40 40 40 41 41 40 41 41 42 41 42 41 41 40 41 41 42 42 43 44 45 45 46 46 47 48 47 48 50
47 47 48 49 49 48 51 50 50 51 51 47 46 51 50 50 48 50 51 50 48 47 54 51 55 49 52 54 55 58 59 58 61 60 63 63 63 61 67 67 72 71 65 67 70 62 63 65 71 60 66 71 70 65 78 73 78 74 60 56 51 48 46 44 43 43 42 43 43 44 43 43 43 42 43 44 43 43 43 42 43 42 42 43 43 44 45 46 46 46 46 46 47 48 48 48
46 48 48 49 46 49 51 50 49 48 50 51 47 47 50 50 49 51 52 47 52 51 53 53 52 56 51 56 54 59 59 61 62 60 59 66 64 67 69 74 74 71 68 73 69 71 65 72 70 65 69 77 78 79 81 73 73 79 61 57 54 51 48 46 47 47 45 46 47 46 45 45 46 44 45 45 45 44 44 44 44 44 43 45 45 45 46 46 46 46 46 47 48 48 48 49
47 46 48 46 48 49 50 47 50 49 50 47 51 51 51 51 50 50 52 51 49 52 54 55 51 56 51 53 56 60 58 60 62 60 65 66 67 66 65 74 74 67 75 68 72 73 72 76 79 72 76 78 83 85 83 83 82 63 59 56 54 52 49 48 48 48 48 47 47 47 47 47 47 46 46 46 45 45 45 46 46 45 45 46 46 46 46 46 47 46 46 47 47 48 48 49
46 47 49 49 50 49 49 48 48 47 49 51 50 50 47 51 48 49 53 52 52 52 55 52 54 50 52 57 58 59 59 62 58 63 65 66 65 71 70 67 70 69 74 70 81 75 79 75 83 85 87 80 79 85 86 74 85 70 62 60 55 52 51 51 51 50 50 49 49 49 49 49 48 49 47 47 46 46 47 46 46 46 47 47 46 47 47 47 46 46 47 47 47 48 48 49
46 45 48 49 49 49 47 49 48 49 49 48 48 51 50 51 51 52 50 49 54 55 56 55 52 50 55 55 55 57 61 58 65 63 68 66 66 71 71 71 71 68 71 78 76 80 79 78 74 79 79 89 73 91 80 86 74 64 62 59 55 54 54 52 52 52 51 52 51 52 51 51 50 50 49 48 48 48 48 48 48 48 48 48 48 48 48 47 47 47 47 47 47 48 48 49
46 48 46 45 48 47 45 47 48 51 52 50 50 51 51 53 53 51 50 53 52 50 50 56 56 57 55 53 54 59 56 63 60 67 68 70 72 72 75 74 74 73 65 78 74 77 78 72 70 77 78 76 82 76 81 95 77 67 63 60 57 56 53 53 54 53 52 53 54 53 53 53 53 52 50 50 49 50 49 49 49 48 48 49 50 48 48 47 47 47 48 48 48 48 49 49
49 49 45 44 45 44 45 47 46 49 48 50 51 51 49 51 52 50 49 54 50 55 56 53 58 59 57 58 55 57 63 63 64 66 60 71 66 72 76 67 76 71 68 72 73 69 79 73 82 86 74 74 90 97 79 78 74 67 63 61 58 57 55 55 54 54 56 55 56 55 54 54 54 53 52 51 51 50 49 50 50 49 50 50 50 50 49 47 47 48 48 48 48 48 49 50
49 48 48 45 45 45 47 49 48 48 47 50 49 51 50 50 49 50 52 52 55 53 51 55 58 57 56 54 57 57 63 59 59 61 69 63 70 69 73 70 66 64 75 64 67 72 68 76 77 89 76 74 84 86 95 84 70 66 64 62 58 59 59 57 56 56 56 57 56 57 56 55 55 55 54 52 51 51 51 50 49 50 50 50 50 50 49 48 48 49 49 49 49 49 50 51
48 49 50 48 45 48 50 50 48 48 49 48 49 47 49 51 51 54 55 55 56 53 56 52 54 55 52 54 59 56 57 57 59 61 62 68 66 75 73 76 70 68 62 63 78 81 72 80 70 81 79 72 88 82 94 75 72 68 65 64 63 62 60 60 60 59 59 58 57 57 57 57 55 56 55 55 53 53 52 52 51 51 50 50 50 50 50 50 49 48 49 50 50 50 50 50
51 51 48 48 48 48 50 51 51 51 49 48 49 51 50 51 51 52 55 57 58 56 58 56 55 53 53 53 54 57 64 59 59 60 61 63 69 71 71 66 69 66 68 69 74 68 78 79 80 74 74 72 92 89 77 72 71 70 68 67 67 66 64 62 63 60 59 58 58 56 56 56 57 57 57 56 57 54 53 54 53 52 51 51 51 51 50 51 51 50 50 51 52 52 51 50
49 50 49 47 48 48 49 49 49 49 51 52 51 53 50 54 54 53 52 57 57 58 59 57 59 58 57 60 54 59 59 65 57 61 67 71 66 64 71 71 67 69 63 64 66 78 76 78 83 80 72 74 81 77 79 73 73 69 69 68 66 65 64 63 63 61 60 59 57 57 57 58 58 57 58 58 57 56 55 54 54 54 52 51 51 52 51 51 51 51 51 52 52 52 52 50
48 50 48 50 47 49 50 51 49 51 51 51 50 53 52 52 49 53 53 54 55 60 61 60 55 55 60 57 56 55 57 58 61 60 62 59 68 71 67 68 66 68 67 68 68 68 80 88 78 74 74 72 71 72 73 70 69 71 71 67 66 64 65 64 63 62 62 60 58 58 58 59 58 59 60 59 58 58 58 55 55 54 54 52 52 53 53 52 52 52 52 53 53 52 52 52
51 48 52 52 51 51 52 51 50 48 52 51 53 50 54 53 54 54 56 58 55 58 57 57 59 57 56 59 54 61 57 59 58 63 60 59 60 65 64 63 63 64 65 75 79 74 78 88 79 76 76 82 82 70 67 67 66 67 65 66 66 65 66 65 64 63 64 63 61 60 61 60 61 61 61 60 60 61 59 59 57 57 56 55 54 55 55 54 54 54 54 54 53 53 54 53
51 51 52 50 52 53 51 51 52 50 51 55 55 52 54 52 54 55 57 55 58 58 59 56 56 56 61 56 56 58 56 60 57 61 63 66 64 64 64 63 65 69 68 71 71 81 79 79 80 84 86 84 82 73 75 69 67 64 64 66 66 65 66 66 66 65 65 65 65 64 62 63 63 62 62 62 62 60 60 59 59 58 57 57 58 58 57 57 57 56 56 55 55 55 54 54
50 52 53 53 55 51 50 50 52 53 51 52 54 55 54 52 52 54 57 58 59 58 56 57 56 56 55 56 57 57 58 61 56 64 59 64 62 63 67 63 66 68 75 70 73 74 73 81 84 96 99 88 81 79 74 71 69 67 67 67 67 67 66 67 67 67 67 67 67 65 64 64 63 63 63 63 62 62 61 60 60 60 59 59 58 59 59 58 58 58 57 56 56 56 55 55
49 52 52 54 52 55 52 -999 -999 52 53 55 54 54 54 54 52 52 57 58 55 57 59 56 56 56 59 60 59 58 59 60 57 60 64 61 62 68 66 69 70 70 67 74 73 76 79 82 99 92 84 85 78 76 73 73 69 70 69 68 68 67 68 68 67 67 68 68 67 68 66 65 64 64 63 63 63 63 63 62 61 61 61 60 59 59 60 59 59 59 58 58 56 56 57 56
52 54 54 52 -999 -999 -999 -999 -999 52 51 54 55 56 54 56 56 57 54 55 59 58 61 59 56 56 58 61 60 59 57 57 58 64 61 61 75 68 69 71 68 70 68 76 73 78 78 76 81 81 88 85 77 76 73 73 72 70 68 70 71 69 70 71 70 69 70 69 69 69 68 68 66 65 65 64 65 64 64 64 63 63 63 63 62 62 62 62 61 60 61 59 59 59 58 57
54 55 55 55 -999 -999 -999 -999 -999 -999 -999 -999 -999 54 54 56 54 56 58 57 60 61 57 56 58 56 54 58 54 55 61 61 57 57 64 63 66 65 70 71 70 71 77 72 75 75 77 79 74 76 76 83 74 75 76 75 75 73 71 72 71 72 73 72 72 72 71 72 71 70 69 68 68 67 67 66 67 66 66 67 67 67 64 65 65 64 64 63 64 63 62 61 61 60 59 58
55 55 53 54 -999 -999 -999 -999 -999 -999 -999 -999 -999 54 56 53 58 58 60 61 61 59 58 56 55 55 58 57 57 55 61 58 59 60 63 61 65 64 64 70 75 72 74 77 74 81 76 80 78 84 89 73 74 74 73 74 76 73 72 70 70 70 71 73 73 72 72 72 72 72 71 70 69 68 67 68 68 67 68 68 68 68 67 66 66 66 65 66 66 65 63 62 61 61 59 59
-999 -999 -999 -999 -999 -999 -999 -999 -999 -999 -999 -999 -999 54 52 54 55 53 55 61 62 59 57 54 58 59 62 56 59 62 59 59 59 61 59 65 63 65 66 73 73 67 72 72 72 71 71 73 71 74 89 79 74 76 72 73 75 74 73 71 71 71 71 72 72 74 74 71 71 71 71 71 69 70 68 69 68 68 70 69 69 68 68 68 67 67 68 67 66 66 64 63 62 61 61 60
-999 -999 -999 -999 -999 -999 -999 -999 -999 -999 -999 -999 -999 -999 56 51 53 58 58 60 60 58 55 58 60 62 58 56 56 62 63 59 63 63 60 62 64 69 71 69 67 69 71 73 76 72 78 82 81 74 76 78 74 74 74 74 71 72 72 71 71 72 70 70 71 72 72 72 72 72 72 71 71 71 71 70 70 71 71 70 70 70 70 70 69 69 68 68 67 66 66 65 64 63 61 62
-999 -999 -999 -999 -999 -999 -999 -999 -999 -999 -999 -999 -999 -999 57 57 57 55 59 55 58 59 58 62 59 63 60 65 59 65 63 65 72 60 64 64 63 64 66 67 66 65 72 74 73 76 76 77 79 89 74 74 73 75 74 75 74 72 71 72 72 73 72 71 74 73 73 72 73 73 72 72 72 72 71 71 73 72 71 73 72 73 72 71 71 71 69 70 70 68 67 65 64 63 61 64
-999 -999 -999 -999 -999 -999 -999 -999 -999 -999 -999 -999 -999 -999 -999 -999 55 55 53 56 57 58 61 62 61 56 59 59 63 62 63 62 70 62 63 61 64 64 71 66 65 71 72 69 72 72 82 74 80 79 81 74 74 74 75 74 74 74 74 72 72 72 72 72 74 74 74 72 73 73 74 72 72 72 74 74 74 74 74 73 74 74 73 72 71 71 71 70 70 70 68 65 65 64 62 65
-999 -999 -999 -999 -999 -999 -999 -999 -999 -999 -999 -999 -999 -999 -999 -999 55 54 53 54 56 58 58 56 61 59 56 61 57 64 62 62 67 67 61 61 63 67 68 68 68 70 67 73 71 72 73 73 78 78 74 74 74 74 75 71 72 72 73 72 72 72 72 72 72 72 73 72 74 74 74 74 72 74 75 75 74 76 75 74 75 74 74 73 72 72 72 71 70 70 68 67 65 66 67 63
-999 -999 -999 -999 -999 -999 -999 -999 -999 -999 -999 -999 -999 -999 -999 -999 55 59 56 57 58 59 56 57 61 61 59 61 59 61 61 66 63 66 63 61 64 67 67 65 67 70 77 75 78 73 74 76 72 74 71 72 71 72 72 71 71 71 72 72 72 71 71 72 73 72 72 73 73 74 75 74 75 75 77 78 78 78 77 77 77 76 76 74 74 74 74 73 73 71 70 69 73 73 70 69
-999 -999 -999 -999 -999 -999 -999 -999 -999 -999 -999 -999 -999 -999 -999 -999 -999 56 57 58 60 60 61 60 56 56 58 56 59 59 60 64 71 68 68 66 65 63 69 64 66 78 76 74 75 80 77 80 77 73 73 73 73 73 73 72 72 72 72 73 73 74 71 72 72 72 73 74 74 74 76 77 78 78 79 80 82 80 79 78 80 78 76 76 76 75 74 74 75 74 71 70 78 75 73 68
-999 -999 -999 -999 -999 -999 -999 -999 -999 -999 -999 -999 -999 -999 -999 -999 -999 -999 -999 -999 -999 -999 57 58 61 58 56 60 60 61 63 68 63 63 65 67 67 68 63 63 66 75 76 80 85 77 81 79 74 70 71 71 71 71 71 72 72 74 74 73 73 74 74 73 73 72 73 75 75 75 76 78 79 79 81 83 83 83 81 80 81 80 79 77 76 76 77 76 76 75 73 82 81 78 75 71
-999 -999 -999 -999 -999 -999 -999 -999 -999 -999 -999 -999 -999 -999 -999 -999 -999 -999 -999 -999 -999 -999 -999 58 58 59 57 60 59 60 63 62 66 71 75 70 65 74 68 66 76 70 77 74 78 69 74 69 70 70 71 71 73 71 72 71 71 71 73 74 73 73 74 73 72 73 74 75 75 76 79 79 79 81 84 84 84 84 84 85 81 82 81 79 77 78 77 78 76 76 75 81 73 74 75 73
-999 -999 -999 -999 -999 -999 -999 -999 -999 -999 -999 -999 -999 -999 -999 -999 -999 -999 -999 -999 -999 -999 -999 -999 56 60 62 61 62 66 61 68 66 64 73 71 73 67 64 64 66 76 79 76 78 75 73 74 71 68 68 68 70 70 70 70 71 71 72 71 71 72 72 77 74 74 76 76 78 79 79 81 82 85 86 87 87 88 87 87 86 85 84 82 81 81 80 79 79 78 85 83 81 76 75 75
-999 -999 -999 -999 -999 -999 -999 -999 -999 -999 -999 -999 -999 -999 -999 -999 -999 -999 -999 -999 -999 -999 -999 -999 60 61 60 66 64 63 65 70 63 72 -999 -999 -999 67 74 65 67 72 72 75 75 75 74 66 67 67 67 67 66 67 69 68 69 70 71 71 72 72 74 75 77 76 78 80 79 79 81 84 85 86 88 90 92 92 93 92 91 89 85 84 84 82 83 81 82 81 87 86 83 81 78 77
-999 -999 -999 -999 -999 -999 -999 -999 -999 -999 -999 -999 -999 -999 -999 -999 -999 -999 -999 -999 -999 -999 -999 -999 -999 -999 -999 -999 -999 -999 -999 -999 -999 -999 -999 -999 -999 -999 74 75 76 69 68 66 68 -999 -999 66 66 64 66 65 65 64 67 69 70 70 72 73 71 72 75 77 77 77 80 82 81 83 83 84 86 86 90 93 94 94 94 94 94 92 88 85 84 84 83 83 83 82 82 81 82 81 78 76
-999 -999 -999 -999 -999 -999 -999 -999 -999 -999 -999 -999 -999 -999 -999 -999 -999 -999 -999 -999 -999 -999 -999 -999 -999 -999 -999 -999 -999 -999 -999 -999 -999 -999 -999 -999 -999 -999 -999 -999 74 -999 -999 -999 -999 -999 -999 -999 64 63 64 63 64 64 66 68 69 71 71 72 71 73 75 77 78 79 81 82 81 82 83 84 86 87 91 94 94 97 97 95 94 92 89 86 85 85 84 84 83 84 89 79 82 80 81 77
-999 -999 -999 -999 -999 -999 -999 -999 -999 -999 -999 -999 -999 -999 -999 -999 -999 -999 -999 -999 -999 -999 -999 -999 -999 -999 -999 -999 -999 -999 -999 -999 -999 -999 -999 -999 -999 -999 -999 -999 -999 -999 -999 -999 -999 -999 -999 -999 63 62 62 63 63 65 66 67 69 68 72 71 73 75 76 79 80 81 83 83 83 83 83 83 86 89 92 95 96 98 99 96 95 93 91 89 86 84 83 84 86 91 88 82 80 81 81 79
-999 -999 -999 -999 -999 -999 -999 -999 -999 -999 -999 -999 -999 -999 -999 -999 -999 -999 -999 -999 -999 -999 -999 -999 -999 -999 -999 -999 -999 -999 -999 -999 -999 -999 -999 -999 -999 -999 -999 -999 -999 -999 -999 -999 -999 -999 -999 -999 -999 -999 -999 62 64 64 66 66 68 68 71 72 74 75 80 81 81 84 84 84 84 85 85 84 86 88 91 95 97 99 97 97 96 95 91 89 88 85 84 83 88 90 86 85 82 80 81 77
-999 -999 -999 -999 -999 -999 -999 -999 -999 -999 -999 -999 -999 -999 -999 -999 -999 -999 -999 -999 -999 -999 -999 -999 -999 -999 -999 -999 -999 -999 -999 -999 -999 -999 -999 -999 -999 -999 -999 -999 -999 -999 -999 -999 -999 -999 -999 -999 -999 -999 -999 -999 -999 -999 66 67 67 68 70 72 74 76 79 82 83 84 86 85 86 86 85 87 88 89 93 96 99 98 97 97 96 95 92 88 88 86 84 90 92 85 89 84 85 81 78 78
-999 -999 -999 -999 -999 -999 -999 -999 -999 -999 -999 -999 -999 -999 -999 -999 -999 -999 -999 -999 -999 -999 -999 -999 -999 -999 -999 -999 -999 -999 -999 -999 -999 -999 -999 -999 -999 -999 -999 -999 -999 -999 -999 -999 -999 -999 -999 -999 -999 -999 -999 -999 -999 -999 -999 67 67 68 70 74 74 76 79 81 82 85 86 85 86 88 88 88 89 91 94 98 99 99 99 98 95 96 93 90 88 84 81 81 82 85 83 82 86 83 80 76
-999 -999 -999 -999 -999 -999 -999 -999 -999 -999 -999 -999 -999 -999 -999 -999 -999 -999 -999 -999 -999 -999 -999 -999 -999 -999 -999 -999 -999 -999 -999 -999 -999 -999 -999 -999 -999 -999 -999 -999 -999 -999 -999 -999 -999 -999 -999 -999 -999 -999 -999 -999 -999 -999 -999 -999 67 68 70 71 75 77 80 82 84 86 86 86 87 88 89 90 91 94 96 98 99 99 99 96 95 95 94 91 89 86 85 86 88 82 85 88 86 82 81 80
-999 -999 -999 -999 -999 -999 -999 -999 -999 -999 -999 -999 -999 -999 -999 -999 -999 -999 -999 -999 -999 -999 -999 -999 -999 -999 -999 -999 -999 -999 -999 -999 -999 -999 -999 -999 -999 -999 -999 -999 -999 -999 -999 -999 -999 -999 -999 -999 -999 -999 -999 -999 -999 -999 -999 -999 -999 -999 -999 71 74 77 81 85 86 87 87 88 88 88 88 90 92 94 96 100 100 99 98 96 94 94 92 91 89 95 89 89 96 88 85 88 88 83 80 78
-999 -999 -999 -999 -999 -999 -999 -999 -999 -999 -999 -999 -999 -999 -999 -999 -999 -999 -999 -999 -999 -999 -999 -999 -999 -999 -999 -999 -999 -999 -999 -999 -999 -999 -999 -999 -999 -999 -999 -999 -999 -999 -999 -999 -999 -999 -999 -999 -999 -999 -999 -999 -999 -999 -999 -999 -999 -999 -999 -999 -999 77 81 86 87 86 88 88 88 88 90 92 93 97 99 100 101 101 99 97 95 94 92 90 96 102 97 97 91 88 84 87 87 83 77 75
-999 -999 -999 -999 -999 -999 -999 -999 -999 -999 -999 -999 -999 -999 -999 -999 -999 -999 -999 -999 -999 -999 -999 -999 -999 -999 -999 -999 -999 -999 -999 -999 -999 -999 -999 -999 -999 -999 -999 -999 -999 -999 -999 -999 -999 -999 -999 -999 -999 -999 -999 -999 -999 -999 -999 -999 -999 -999 -999 -999 -999 -999 -999 -999 -999 86 87 88 89 89 90 92 95 97 99 100 101 101 100 99 96 95 93 97 104 103 100 98 94 92 85 86 86 81 78 75
-999 -999 -999 -999 -999 -999 -999 -999 -999 -999 -999 -999 -999 -999 -999 -999 -999 -999 -999 -999 -999 -999 -999 -999 -999 -999 -999 -999 -999 -999 -999 -999 -999 -999 -999 -999 -999 -999 -999 -999 -999 -999 -999 -999 -999 -999 -999 -999 -999 -999 -999 -999 -999 -999 -999 -999 -999 -999 -999 -999 -999 -999 -999 -999 -999 86 88 88 89 91 91 93 96 98 98 100 101 101 101 101 98 97 99 107 101 100 101 97 92 90 88 86 84 79 77 73
-999 -999 -999 -999 -999 -999 -999 -999 -999 -999 -999 -999 -999 -999 -999 -999 -999 -999 -999 -999 -999 -999 -999 -999 -999 -999 -999 -999 -999 -999 -999 -999 -999 -999 -999 -999 -999 -999 -999 -999 -999 -999 -999 -999 -999 -999 -999 -999 -999 -999 -999 -999 -999 -999 -999 -999 -999 -999 -999 -999 -999 -999 -999 -999 86 86 88 90 90 91 93 95 97 97 99 101 102 103 104 103 102 102 107 109 102 102 102 96 99 91 92 86 82 82 81 75
-999 -999 -999 -999 -999 -999 -999 -999 -999 -999 -999 -999 -999 -999 -999 -999 -999 -999 -999 -999 -999 -999 -999 -999 -999 -999 -999 -999 -999 -999 -999 -999 -999 -999 -999 -999 -999 -999 -999 -999 -999 -999 -999 -999 -999 -999 -999 -999 -999 -999 -999 -999 -999 -999 -999 -999 -999 -999 -999 -999 -999 -999 -999 -999 86 86 88 90 91 92 94 95 96 97 100 101 103 104 105 104 104 117 112 106 103 103 102 98 98 91 94 86 83 85 81 78
-999 -999 -999 -999 -999 -999 -999 -999 -999 -999 -999 -999 -999 -999 -999 -999 -999 -999 -999 -999 -999 -999 -999 -999 -999 -999 -999 -999 -999 -999 -999 -999 -999 -999 -999 -999 -999 -999 -999 -999 -999 -999 -999 -999 -999 -999 -999 -999 -999 -999 -999 -999 -999 -999 -999 -999 -999 -999 -999 -999 -999 -999 -999 84 85 86 88 89 90 91 94 95 96 97 99 101 103 105 107 106 104 103 99 104 103 103 100 98 98 96 95 87 82 84 80 82
-999 -999 -999 -999 -999 -999 -999 -999 -999 -999 -999 -999 -999 -999 -999 -999 -999 -999 -999 -999 -999 -999 -999 -999 -999 -999 -999 -999 -999 -999 -999 -999 -999 -999 -999 -999 -999 -999 -999 -999 -999 -999 -999 -999 -999 -999 -999 -999 -999 -999 -999 -999 -999 -999 -999 -999 -999 -999 -999 -999 -999 -999 -999 82 83 86 86 88 88 91 93 94 95 96 99 100 101 103 104 107 119 115 110 98 102 103 102 98 99 96 90 88 88 85 84 83
-999 -999 -999 -999 -999 -999 -999 -999 -999 -999 -999 -999 -999 -999 -999 -999 -999 -999 -999 -999 -999 -999 -999 -999 -999 -999 -999 -999 -999 -999 -999 -999 -999 -999 -999 -999 -999 -999 -999 -999 -999 -999 -999 -999 -999 -999 -999 -999 -999 -999 -999 -999 -999 -999 -999 -999 -999 -999 -999 -999 -999 -999 80 81 82 82 84 87 87 90 91 93 94 97 97 99 99 100 104 109 118 114 110 100 105 103 100 97 98 93 91 86 90 87 86 85
-999 -999 -999 -999 -999 -999 -999 -999 -999 -999 -999 -999 -999 -999 -999 -999 -999 -999 -999 -999 -999 -999 -999 -999 -999 -999 -999 -999 -999 -999 -999 -999 -999 -999 -999 -999 -999 -999 -999 -999 -999 -999 -999 -999 -999 -999 -999 -999 -999 -999 -999 -999 -999 -999 -999 -999 -999 -999 -999 -999 -999 79 80 80 81 82 84 85 88 88 90 93 94 94 96 98 98 101 106 118 114 116 110 100 107 106 103 99 96 96 93 85 87 92 90 83
-999 -999 -999 -999 -999 -999 -999 -999 -999 -999 -999 -999 -999 -999 -999 -999 -999 -999 -999 -999 -999 -999 -999 -999 -999 -999 -999 -999 -999 -999 -999 -999 -999 -999 -999 -999 -999 -999 -999 -999 -999 -999 -999 -999 -999 -999 -999 -999 -999 -999 -999 -999 -999 -999 -999 -999 -999 -999 -999 -999 -999 79 79 80 80 81 82 84 87 88 89 92 93 94 95 96 99 103 117 117 115 114 112 101 109 109 105 103 100 98 92 86 87 85 86 86
-999 -999 -999 -999 -999 -999 -999 -999 -999 -999 -999 -999 -999 -999 -999 -999 -999 -999 -999 -999 -999 -999 -999 -999 -999 -999 -999 -999 -999 -999 -999 -999 -999 -999 -999 -999 -999 -999 -999 -999 -999 -999 -999 -999 -999 -999 -999 -999 -999 -999 -999 -999 -999 -999 -999 -999 -999 -999 -999 -999 79 80 79 79 79 81 82 84 85 87 87 89 91 93 94 96 100 112 117 118 113 113 104 105 109 110 107 106 101 96 90 91 87 87 86 82
-999 -999 -999 -999 -999 -999 -999 -999 -999 -999 -999 -999 -999 -999 -999 -999 -999 -999 -999 -999 -999 -999 -999 -999 -999 -999 -999 -999 -999 -999 -999 -999 -999 -999 -999 -999 -999 -999 -999 -999 -999 -999 -999 -999 -999 -999 -999 -999 -999 -999 -999 -999 -999 -999 -999 -999 -999 -999 -999 -999 79 80 80 81 81 81 82 84 84 85 87 88 89 90 94 97 100 113 117 113 110 108 114 104 108 111 109 107 100 97 94 94 89 92 86 84
-999 -999 -999 -999 -999 -999 -999 -999 -999 -999 -999 -999 -999 -999 -999 -999 -999 -999 -999 -999 -999 -999 -999 -999 -999 -999 -999 -999 -999 -999 -999 -999 -999 -999 -999 -999 -999 -999 -999 -999 -999 -999 -999 -999 -999 -999 -999 -999 -999 -999 -999 -999 -999 -999 -999 -999 -999 -999 -999 78 78 80 80 82 82 82 83 83 83 85 86 88 88 90 97 99 105 117 114 110 105 114 114 109 111 110 111 107 101 100 95 95 91 90 89 85
