grids/precipitation/jun/RSMS_06_1883_01.asc
NCOLS 654
NROWS 866
XLLCORNER 3280414.711633467
YLLCORNER 5237500.62890625
CELLSIZE 1000
NODATA_VALUE -999
[rows 106 to 158 of 866, columns 192 to 287 of 654]
-999 -999 -999 -999 -999 -999 -999 -999 -999 -999 -999 -999 -999 -999 -999 -999 -999 -999 -999 -999 -999 -999 -999 -999 -999 -999 -999 62 63 64 65 65 65 64 64 64 63 62 61 59 57 57 55 53 51 49 48 48 46 46 46 46 45 44 42 40 38 39 37 35 33 32 31 30 30 30 29 29 28 28 29 28 27 26 25 24 24 24 24 24 24 23 23 23 22 22 22 22 22 21 21 21 21 21 21 21
-999 -999 -999 -999 -999 -999 -999 -999 -999 -999 -999 -999 -999 -999 -999 -999 -999 -999 -999 -999 -999 -999 -999 -999 -999 -999 -999 63 64 64 65 66 65 64 64 63 63 63 62 59 58 56 54 52 51 49 48 47 46 46 45 45 44 44 42 40 38 38 36 36 33 32 31 31 30 30 28 29 28 29 29 28 27 26 25 24 24 24 24 24 23 23 23 23 22 22 22 22 21 21 21 22 22 21 21 21
-999 -999 -999 -999 -999 -999 -999 -999 -999 -999 -999 -999 -999 -999 -999 -999 -999 -999 -999 -999 -999 -999 -999 -999 -999 -999 -999 -999 64 64 64 65 65 64 65 64 63 61 60 59 58 56 54 51 51 50 48 48 47 46 45 44 43 43 41 39 38 38 37 34 35 34 32 31 30 30 29 28 29 29 28 27 26 26 25 24 25 25 24 23 23 23 23 22 22 22 22 21 21 21 22 22 22 22 21 21
-999 -999 -999 -999 -999 -999 -999 -999 -999 -999 -999 -999 -999 -999 -999 -999 -999 -999 -999 -999 -999 -999 -999 -999 -999 -999 -999 62 63 64 64 64 64 64 64 63 61 60 58 59 57 55 53 52 51 49 48 47 46 46 45 44 43 43 41 39 39 38 37 36 34 34 33 32 31 30 29 29 28 28 28 28 26 26 26 25 25 25 24 23 23 23 23 22 22 22 22 22 21 21 21 22 22 22 21 21
-999 -999 -999 -999 -999 -999 -999 -999 -999 -999 -999 -999 -999 -999 -999 -999 -999 -999 -999 -999 -999 -999 -999 -999 -999 58 59 -999 61 62 63 63 63 63 62 61 60 59 59 58 56 55 54 52 52 50 48 47 46 45 45 43 43 41 42 40 39 37 37 36 34 34 33 32 31 30 29 28 29 28 28 27 26 25 25 26 26 26 25 24 23 23 23 23 22 22 22 22 22 21 21 21 21 21 21 21
-999 -999 -999 -999 -999 -999 -999 -999 -999 -999 -999 -999 -999 -999 -999 -999 -999 -999 -999 -999 -999 -999 -999 -999 -999 -999 -999 -999 60 61 61 62 62 62 62 60 59 58 57 55 55 55 54 53 51 49 48 46 46 45 45 43 43 42 41 39 38 36 36 35 34 33 32 31 30 29 29 29 28 28 27 27 26 26 27 26 26 26 25 24 24 24 23 22 22 22 22 22 22 22 22 22 22 22 22 22
-999 -999 -999 -999 -999 -999 -999 -999 -999 -999 -999 -999 -999 -999 -999 -999 -999 -999 -999 -999 -999 -999 -999 -999 -999 -999 -999 -999 59 59 61 61 62 61 59 58 58 58 56 55 55 55 53 52 51 49 47 46 45 45 45 43 42 41 40 38 37 36 36 34 34 33 31 30 29 29 29 28 28 28 27 26 26 27 26 27 27 26 25 24 23 23 23 22 22 22 22 22 22 22 22 22 22 22 22 21
-999 -999 -999 -999 -999 -999 -999 -999 -999 -999 -999 -999 -999 -999 -999 -999 -999 -999 50 51 53 -999 -999 -999 -999 -999 -999 -999 58 58 58 60 60 59 58 59 59 58 55 54 54 54 52 51 50 49 47 46 45 44 43 42 42 41 39 38 37 36 34 34 34 32 31 30 29 29 28 28 28 28 28 27 27 26 27 27 26 25 25 24 24 23 23 23 22 22 22 22 22 22 22 22 22 22 22 21
-999 -999 -999 -999 -999 -999 -999 -999 -999 -999 -999 -999 -999 -999 -999 -999 -999 48 49 50 50 51 53 -999 -999 -999 -999 -999 57 58 58 58 57 57 56 57 58 55 54 54 54 54 52 51 49 47 46 45 43 42 42 41 40 40 40 38 36 35 34 33 32 31 31 30 29 28 28 28 27 28 28 27 28 27 27 27 26 25 25 25 23 23 23 23 23 22 22 22 22 21 22 21 21 22 21 22
-999 -999 -999 -999 -999 -999 -999 -999 -999 -999 -999 -999 -999 -999 -999 -999 -999 47 48 48 49 50 52 53 -999 -999 56 56 56 56 56 55 54 55 55 55 54 54 55 52 53 52 51 50 48 47 45 42 41 40 40 38 38 38 38 36 35 34 33 32 30 30 30 29 28 28 28 27 27 28 27 27 26 27 27 26 25 25 24 24 24 24 23 23 23 23 22 22 22 22 22 22 22 22 21 22
-999 -999 -999 -999 -999 -999 -999 -999 -999 -999 -999 -999 -999 -999 -999 -999 -999 -999 47 48 48 49 50 53 53 53 54 55 55 55 54 53 53 53 55 54 53 52 52 52 52 51 49 49 47 46 43 41 39 39 39 38 37 38 37 36 35 34 32 31 30 30 30 28 28 28 28 27 27 27 27 26 26 26 25 25 25 25 25 24 24 24 24 23 23 23 22 22 22 22 22 22 22 22 22 22
-999 -999 -999 -999 -999 -999 -999 -999 -999 -999 -999 -999 -999 -999 -999 -999 -999 -999 47 47 48 48 50 52 53 53 54 55 54 53 53 53 53 52 53 53 53 52 52 52 51 50 49 50 47 45 42 40 39 38 37 36 37 37 37 36 35 33 32 30 30 29 29 28 28 28 27 27 27 27 27 26 26 27 26 25 25 24 24 24 24 24 24 23 23 23 23 22 22 22 22 22 22 22 22 22
-999 -999 -999 -999 -999 -999 -999 -999 -999 -999 -999 -999 -999 -999 -999 -999 -999 -999 -999 46 47 47 49 51 52 52 53 53 53 53 52 51 51 50 50 51 51 50 51 50 49 49 49 49 47 43 41 39 37 37 37 36 36 35 35 35 34 32 32 30 29 29 29 28 28 28 27 27 27 27 27 26 26 25 26 25 24 24 24 24 24 24 24 23 23 23 23 22 22 22 22 21 22 22 22 23
-999 -999 -999 -999 -999 -999 -999 -999 -999 -999 -999 -999 -999 -999 -999 -999 -999 -999 -999 -999 46 47 49 50 51 52 53 53 52 52 52 50 50 49 49 50 50 49 50 49 48 47 48 45 43 41 40 38 37 36 36 36 35 35 35 34 32 32 31 29 29 29 28 28 28 28 27 28 27 27 26 26 25 25 25 24 24 24 24 24 24 24 23 23 23 23 23 22 22 22 22 22 22 22 22 22
-999 -999 -999 -999 -999 -999 -999 -999 -999 -999 -999 -999 -999 -999 -999 -999 -999 -999 -999 -999 46 47 48 50 51 51 52 53 53 52 51 50 49 49 49 49 51 50 49 48 48 48 46 42 41 41 39 37 36 36 36 35 35 35 34 33 32 31 30 30 29 29 28 28 28 27 27 27 27 27 26 25 25 25 25 24 24 24 24 24 24 24 24 23 23 23 23 22 22 22 21 21 22 22 21 22
-999 -999 -999 -999 -999 -999 -999 -999 -999 -999 -999 -999 -999 -999 -999 -999 -999 -999 -999 -999 46 47 47 50 50 50 51 52 52 52 50 50 49 49 48 49 48 48 47 48 47 46 42 42 41 39 38 36 36 35 35 35 34 34 32 32 32 31 30 29 29 28 28 28 28 27 27 26 27 26 26 25 25 25 25 24 24 24 24 24 24 24 24 23 23 23 23 22 22 22 21 22 23 21 21 22
-999 -999 -999 -999 -999 -999 -999 -999 -999 -999 -999 -999 -999 -999 -999 -999 -999 -999 -999 -999 -999 47 48 48 49 49 51 51 51 51 50 50 49 48 48 47 47 47 45 45 43 43 42 41 39 38 38 37 36 35 35 34 33 33 32 31 30 30 30 29 29 28 28 28 27 27 26 27 26 26 26 25 25 24 25 24 24 24 24 24 24 24 24 24 23 23 23 23 23 21 21 22 22 21 22 22
-999 -999 -999 -999 -999 -999 -999 -999 -999 -999 -999 -999 -999 -999 -999 -999 -999 -999 -999 -999 -999 47 47 48 48 49 49 50 49 49 49 49 49 49 47 46 45 44 44 43 41 41 40 39 38 37 37 36 35 35 34 33 32 32 31 30 29 29 29 30 28 28 28 27 27 27 26 27 26 26 25 25 24 24 24 24 24 24 24 23 24 24 24 24 23 23 23 23 23 23 21 21 21 21 21 21
-999 -999 -999 -999 -999 -999 -999 -999 -999 -999 -999 -999 -999 -999 -999 -999 -999 -999 -999 -999 -999 47 47 47 47 47 49 49 49 49 49 49 49 48 47 45 44 44 42 41 41 40 39 38 37 36 35 35 35 34 33 32 32 31 30 29 28 29 28 28 28 28 29 27 27 27 26 26 26 26 25 24 24 24 24 24 24 24 24 23 24 24 24 23 23 24 23 23 23 23 21 21 21 21 22 22
-999 -999 -999 -999 -999 -999 -999 -999 -999 -999 -999 -999 -999 -999 -999 -999 -999 -999 -999 -999 -999 47 47 47 47 47 48 49 49 49 48 48 48 47 45 44 44 43 41 40 40 39 38 37 36 35 34 34 34 33 32 31 31 30 29 28 27 27 27 27 27 27 28 27 26 26 25 25 26 25 25 24 24 24 24 24 24 24 24 23 23 23 24 23 24 24 23 23 23 23 23 21 21 21 21 22
-999 -999 -999 -999 -999 -999 -999 -999 -999 -999 -999 -999 -999 -999 -999 -999 -999 -999 -999 -999 -999 -999 47 47 47 47 47 47 47 47 47 47 46 45 44 43 42 41 40 40 38 37 36 36 34 33 33 33 32 31 30 30 29 28 27 27 27 26 26 26 25 26 26 26 25 25 25 25 24 24 24 24 25 24 24 24 25 25 24 24 24 23 23 23 22 22 22 22 22 23 23 22 22 22 22 22
-999 -999 -999 -999 -999 -999 -999 -999 -999 -999 -999 -999 -999 -999 -999 -999 -999 -999 -999 -999 -999 -999 -999 -999 47 47 47 46 46 46 46 46 45 45 43 42 40 40 39 38 37 37 36 34 33 33 32 30 30 30 29 27 27 27 27 26 25 25 25 24 24 24 24 23 23 23 24 24 23 24 24 24 25 25 24 25 25 24 24 24 24 23 23 22 22 22 22 22 22 23 23 22 22 22 22 22
-999 -999 -999 -999 -999 -999 -999 -999 -999 -999 -999 -999 -999 -999 -999 -999 -999 -999 -999 -999 -999 -999 -999 -999 -999 47 47 46 46 46 45 45 45 44 42 40 40 39 38 37 37 36 35 33 32 31 30 30 29 29 27 27 26 26 25 24 24 24 25 24 24 24 23 22 22 22 23 23 23 23 24 25 25 25 25 25 25 25 24 24 24 24 24 23 23 22 23 23 23 23 23 22 22 22 22 22
-999 -999 -999 -999 -999 -999 -999 -999 -999 -999 -999 -999 -999 -999 -999 -999 -999 -999 -999 -999 -999 -999 -999 -999 -999 47 46 46 -999 -999 -999 -999 44 43 41 40 40 38 37 37 36 35 33 32 31 30 29 29 28 27 27 26 26 25 24 24 24 24 23 23 24 24 23 23 23 23 23 23 23 24 24 25 25 25 25 25 25 25 24 24 24 24 23 23 23 23 22 22 22 23 23 22 22 22 22 22
-999 -999 -999 -999 40 39 40 -999 -999 -999 -999 -999 -999 -999 -999 -999 -999 -999 -999 -999 -999 -999 -999 -999 -999 -999 -999 -999 -999 -999 -999 -999 -999 -999 40 40 39 -999 -999 -999 -999 -999 -999 31 30 29 28 27 27 26 26 25 24 24 24 24 23 23 23 23 23 23 23 22 22 22 23 23 23 23 24 24 24 24 25 25 24 24 25 24 24 24 24 23 23 23 23 23 23 23 23 22 22 22 22 22
-999 -999 38 39 39 40 40 -999 -999 -999 -999 -999 -999 -999 -999 -999 -999 -999 -999 -999 -999 -999 -999 -999 -999 -999 -999 -999 -999 -999 -999 -999 -999 -999 -999 -999 -999 -999 -999 -999 -999 -999 -999 -999 -999 27 26 26 25 24 24 23 23 23 23 22 22 22 22 21 22 22 22 21 21 22 22 22 22 23 23 24 25 25 24 25 25 25 25 24 24 24 24 23 23 23 23 23 23 23 21 22 22 21 21 21
-999 38 39 39 39 39 39 40 40 -999 -999 -999 -999 -999 -999 -999 -999 -999 -999 -999 -999 -999 -999 -999 -999 -999 -999 -999 -999 -999 -999 -999 -999 -999 -999 -999 -999 -999 -999 -999 -999 -999 -999 -999 -999 -999 -999 25 24 24 23 23 23 23 22 21 21 21 21 21 21 21 21 21 21 21 21 22 22 22 24 25 25 25 25 25 25 25 24 24 24 24 24 23 23 23 23 23 23 23 21 22 22 22 22 22
-999 38 39 38 39 39 40 40 40 -999 -999 -999 -999 -999 -999 -999 -999 -999 -999 -999 -999 -999 -999 -999 -999 -999 -999 -999 -999 -999 -999 -999 -999 40 39 39 39 38 36 35 34 32 30 -999 -999 -999 -999 -999 -999 23 23 23 23 22 21 21 21 21 21 21 21 21 20 21 21 21 21 21 22 22 23 24 25 25 26 25 25 24 24 24 24 24 24 23 23 23 23 23 23 22 21 21 22 22 22 22
38 39 39 39 39 39 40 40 41 42 43 -999 -999 -999 -999 -999 -999 -999 -999 -999 -999 -999 -999 -999 -999 -999 -999 -999 -999 -999 -999 41 40 39 39 39 38 37 36 34 33 31 29 28 26 25 -999 -999 -999 -999 23 22 22 21 20 20 20 20 20 20 20 20 20 20 20 20 21 21 21 22 23 23 24 25 26 26 25 24 24 24 24 24 24 23 23 23 23 23 23 22 21 21 21 21 22 23
38 39 39 39 39 39 39 40 41 42 44 46 -999 -999 -999 -999 -999 -999 -999 -999 -999 -999 -999 -999 -999 -999 -999 -999 -999 41 41 40 39 39 39 39 38 37 35 33 31 31 28 26 25 24 23 -999 -999 -999 -999 21 21 20 20 19 19 19 19 19 19 20 20 20 20 20 20 21 21 22 23 23 23 25 25 25 24 24 24 24 24 24 24 23 23 23 23 22 22 22 21 21 21 21 21 23
38 38 39 39 40 39 39 41 41 42 44 46 47 47 -999 -999 -999 -999 -999 -999 -999 -999 -999 -999 45 45 44 42 42 41 40 40 39 39 39 38 38 37 34 32 31 31 28 26 24 24 23 22 -999 -999 -999 -999 20 20 20 18 18 18 19 19 19 19 20 20 20 20 20 21 20 21 22 23 23 23 24 25 24 24 24 24 24 24 23 23 23 23 22 22 22 22 22 21 21 21 22 23
38 38 39 39 40 40 39 40 41 42 44 46 47 47 47 47 48 47 47 48 47 46 46 45 45 44 44 42 42 41 40 40 39 39 39 38 37 37 34 32 31 30 28 26 24 23 23 22 22 -999 -999 -999 -999 20 19 18 18 18 18 19 19 19 19 20 20 20 20 20 21 21 22 23 23 23 24 25 25 24 24 24 24 24 23 23 23 23 23 22 22 22 22 21 21 21 22 22
38 38 39 40 40 41 40 41 41 42 44 45 46 47 47 47 47 47 47 47 46 46 45 45 45 45 44 42 42 41 40 40 39 39 39 38 37 35 34 33 31 29 27 26 24 23 22 23 22 -999 -999 -999 -999 -999 18 18 18 18 19 18 18 19 19 19 20 20 20 20 20 21 22 22 23 23 24 23 24 24 24 24 23 23 24 24 23 23 23 23 22 22 22 21 21 21 22 23
37 38 40 40 41 41 41 41 41 42 43 44 44 45 46 46 46 47 46 45 45 45 45 45 45 44 43 42 42 41 40 40 40 39 37 36 35 35 33 32 30 29 27 26 24 23 22 23 22 21 -999 -999 -999 -999 18 17 17 17 18 19 19 19 19 19 19 19 20 20 20 20 21 22 22 22 23 23 23 23 23 23 23 23 23 23 23 23 23 22 22 22 21 21 20 21 21 21
37 38 39 40 41 41 41 41 41 41 43 44 44 44 45 45 46 46 45 45 45 45 45 45 45 44 43 42 42 41 40 40 40 39 37 35 35 34 32 31 30 30 27 25 24 24 23 22 22 21 20 -999 -999 -999 18 17 16 17 18 19 19 19 19 19 19 19 20 20 20 20 21 22 22 22 23 23 23 23 23 23 23 23 23 23 23 23 22 22 22 22 21 21 20 21 21 21
37 38 39 41 41 41 42 41 41 41 42 44 44 44 44 45 45 45 45 45 45 45 45 45 44 43 42 42 42 41 40 40 39 38 37 35 35 33 32 31 30 29 27 26 24 24 23 23 22 21 -999 -999 -999 -999 -999 17 17 17 18 19 19 19 19 19 19 19 20 20 20 20 21 22 22 22 22 23 23 23 23 23 23 23 23 23 23 23 22 22 22 22 21 20 20 20 20 20
36 38 39 41 41 42 41 41 41 41 42 43 43 44 44 44 44 45 45 44 44 44 44 43 43 42 42 41 41 40 40 39 38 37 36 34 33 32 31 31 29 28 27 26 25 24 23 23 22 21 21 -999 -999 -999 -999 18 18 18 19 18 19 19 19 19 19 20 20 20 20 21 21 21 22 22 22 22 22 23 23 23 22 22 23 23 23 22 22 22 22 22 21 20 20 20 20 19
36 36 39 40 40 41 40 41 41 41 41 42 42 43 43 43 43 43 44 44 44 44 44 43 42 42 42 41 40 40 39 39 37 37 35 33 32 32 31 30 29 28 27 26 25 24 24 23 22 22 21 20 -999 -999 -999 -999 18 18 18 18 19 19 19 20 20 20 20 20 20 20 21 22 22 22 22 22 22 22 22 22 22 22 23 22 22 22 22 21 21 21 21 20 20 20 19 19
36 36 38 39 40 40 41 40 41 41 41 42 42 42 42 42 42 42 43 43 43 43 43 42 42 42 42 40 40 40 39 37 37 37 35 32 32 32 30 30 29 28 27 26 25 24 24 23 22 22 21 20 19 -999 -999 -999 18 18 19 19 19 19 20 20 20 20 20 20 20 20 21 22 22 22 22 22 22 22 22 22 22 22 23 22 22 22 22 21 21 21 21 20 20 20 20 20
36 36 37 39 40 40 41 40 41 41 41 41 41 42 42 42 42 42 42 42 42 42 42 42 42 42 41 40 40 39 39 38 37 36 34 32 32 30 30 30 29 28 27 26 25 24 24 23 22 22 22 20 20 -999 -999 -999 19 19 19 19 19 20 20 20 20 20 20 20 20 20 20 21 22 22 22 22 22 22 22 22 22 22 22 22 22 22 22 21 21 21 21 20 20 20 19 20
36 36 37 38 38 40 38 38 40 39 41 40 41 41 41 41 41 41 41 42 42 42 42 42 41 41 40 39 39 38 38 38 39 35 35 33 32 30 30 30 29 28 27 26 25 25 24 23 23 22 22 22 21 20 -999 -999 -999 20 20 20 20 19 19 19 19 20 20 20 20 20 20 21 21 21 21 21 21 21 21 21 21 22 22 22 22 22 22 22 21 21 20 20 20 19 20 20
35 35 36 37 37 38 38 38 38 38 39 40 40 40 41 40 40 40 41 41 40 41 41 41 40 40 39 39 38 40 39 38 37 36 34 34 33 32 30 30 30 29 28 26 25 25 24 23 23 23 22 22 22 21 -999 -999 -999 20 19 20 20 20 20 20 20 20 20 20 20 20 20 21 21 21 21 21 21 21 21 21 21 21 22 22 22 23 23 22 21 21 20 19 19 19 19 19
35 35 35 37 37 37 38 38 38 38 39 39 40 40 40 40 40 40 40 40 40 40 40 40 40 39 39 38 38 38 38 39 37 36 34 33 33 32 31 31 30 29 27 26 25 25 24 23 23 23 22 22 22 22 21 -999 -999 -999 -999 -999 20 20 20 20 20 20 20 20 20 20 20 21 21 21 21 21 21 21 20 21 21 21 21 22 22 23 22 21 21 21 20 19 19 19 19 19
35 35 35 36 37 37 37 38 38 37 38 38 39 39 39 39 40 39 39 39 40 39 39 39 39 39 38 38 38 37 37 36 36 35 35 34 34 33 32 31 30 28 27 26 25 24 24 23 23 23 23 22 22 22 21 21 -999 -999 -999 -999 20 20 20 20 20 20 20 20 20 20 20 21 21 21 21 21 21 20 20 20 21 21 21 22 22 22 21 21 21 20 19 19 19 19 19 19
35 35 35 36 36 36 36 37 37 37 37 37 37 38 38 39 39 39 39 39 39 39 39 39 38 38 38 38 37 36 36 36 35 35 35 35 34 33 33 31 30 29 27 27 25 24 24 23 23 23 23 22 22 22 22 21 21 -999 -999 -999 -999 20 20 20 20 20 20 20 20 20 20 20 20 20 20 20 20 20 20 20 20 20 21 21 20 20 20 20 20 19 19 19 19 19 19 19
35 35 35 36 36 35 36 36 36 36 36 36 36 36 38 38 39 39 39 39 39 39 39 38 38 38 37 37 37 36 36 36 35 35 36 35 35 34 33 31 30 29 27 26 25 24 24 23 23 23 23 22 22 22 22 21 21 21 -999 -999 -999 20 -999 20 20 20 20 20 20 20 20 20 20 20 20 20 20 20 20 20 20 20 20 20 19 19 19 19 18 19 19 19 19 19 19 18
35 35 36 36 36 36 37 36 36 36 36 37 36 36 37 39 39 39 39 39 39 39 38 38 37 37 37 37 36 36 36 35 35 36 35 36 36 35 33 31 30 30 28 26 25 25 24 23 23 23 23 22 22 22 22 21 21 21 21 -999 -999 20 -999 20 20 20 20 20 20 20 20 20 20 20 20 20 20 20 19 20 20 19 19 19 19 19 19 18 18 18 18 19 19 19 18 18
35 35 35 36 36 36 36 36 36 36 36 35 36 36 37 38 38 39 38 39 38 38 38 37 37 37 37 36 36 36 35 36 36 36 35 35 35 34 32 32 30 30 28 27 26 25 24 24 23 23 23 23 22 22 22 22 21 21 21 21 -999 -999 20 -999 20 20 20 20 20 20 20 20 20 20 20 20 20 19 19 19 19 19 18 18 19 18 18 18 18 18 18 18 19 18 18 18
34 35 35 35 35 36 36 35 36 36 36 36 36 37 38 38 39 40 40 39 38 38 38 38 37 37 36 36 36 36 36 36 36 37 36 36 34 33 32 32 30 30 29 28 27 26 25 25 24 24 23 23 23 22 22 22 22 22 21 21 -999 -999 20 -999 20 20 20 20 20 20 20 20 19 19 19 19 19 19 18 18 18 18 18 18 18 18 18 17 17 17 17 17 17 18 17 17
33 33 34 35 35 35 36 36 35 35 36 36 37 38 39 39 40 40 39 39 39 38 38 37 36 37 36 36 36 36 37 36 37 38 37 35 34 34 32 31 30 30 29 27 27 27 26 25 25 24 24 23 23 23 22 22 22 22 21 21 21 -999 -999 20 20 20 20 20 20 20 20 19 19 19 19 19 18 18 18 18 17 17 17 17 17 17 17 17 16 16 17 17 16 17 17 16
33 33 34 35 35 35 35 36 36 36 36 37 36 37 38 40 40 40 40 39 39 39 37 36 36 36 36 36 36 36 36 36 37 38 36 34 34 34 32 30 30 30 29 27 27 27 26 25 25 25 24 23 23 23 23 22 22 22 21 21 21 -999 -999 20 20 20 20 20 20 20 20 19 19 19 19 18 18 18 18 17 17 17 17 17 17 17 16 16 16 16 16 16 16 16 17 16
33 33 33 34 35 35 35 35 36 36 36 36 37 38 39 40 40 40 39 38 38 38 37 36 36 36 36 36 36 35 36 36 37 37 37 35 34 33 32 30 30 29 29 29 27 27 26 26 25 25 24 24 23 23 23 22 22 22 22 21 21 -999 -999 20 20 20 20 20 20 20 20 19 19 19 18 18 18 18 18 17 17 17 16 17 17 16 16 16 16 15 16 16 16 16 16 15
32 33 33 33 34 34 35 35 35 35 36 36 37 37 38 39 40 39 38 38 37 37 37 36 36 36 36 35 35 36 36 36 36 36 36 34 33 32 32 30 31 29 29 28 27 27 27 26 26 25 25 24 24 24 23 23 23 22 22 22 21 21 -999 -999 20 20 20 20 20 20 20 19 19 18 18 19 18 18 17 17 16 16 16 16 16 16 15 15 15 15 15 15 15 15 15 15
