grids/precipitation/jun/RSMS_06_1883_01.asc
NCOLS 654
NROWS 866
XLLCORNER 3280414.711633467
YLLCORNER 5237500.62890625
CELLSIZE 1000
NODATA_VALUE -999
[rows 371 to 423 of 866, columns 480 to 575 of 654]
34 34 35 35 35 34 34 34 34 34 34 35 34 35 33 33 33 32 32 33 33 33 35 34 35 35 35 35 35 35 35 36 36 36 36 37 38 38 38 39 39 39 39 40 40 40 41 41 41 41 41 42 42 41 41 41 41 42 42 43 42 42 42 42 42 41 42 43 43 43 44 45 44 44 43 44 44 44 44 46 46 46 46 47 48 48 48 48 49 49 48 48 49 49 49 50
35 35 35 36 36 34 35 34 34 34 34 35 35 34 33 33 33 33 33 34 34 34 34 35 35 35 35 35 35 35 35 36 36 36 36 38 38 38 38 38 39 39 39 40 41 40 41 41 42 42 42 41 41 41 41 41 42 42 43 43 43 42 42 42 42 42 42 43 43 43 44 44 44 44 44 43 43 43 44 46 46 46 47 48 48 48 48 49 49 49 49 48 49 49 49 51
34 34 34 35 35 35 35 34 34 34 36 35 35 35 34 33 33 33 33 33 33 34 34 35 35 35 35 35 35 35 35 36 36 36 36 38 38 38 38 38 38 39 40 40 41 41 42 42 42 42 42 42 41 41 41 41 41 41 42 42 42 42 42 42 42 42 43 43 43 44 43 44 44 44 44 43 43 43 44 44 46 46 47 48 48 48 48 49 49 50 49 49 49 49 48 51
34 34 35 36 34 35 35 35 35 36 37 36 35 35 34 34 34 33 33 33 35 34 34 35 35 35 36 35 35 35 35 35 36 36 37 38 38 38 39 39 39 39 40 40 41 41 42 42 41 42 42 41 41 41 41 41 41 41 42 41 41 41 41 42 42 42 43 43 44 44 44 44 44 44 44 43 44 44 44 45 46 46 47 48 48 48 49 49 50 50 50 48 48 47 48 49
34 34 35 36 36 37 36 36 36 36 36 35 35 35 34 34 34 34 34 34 34 35 35 35 35 36 36 36 35 35 35 35 36 36 37 38 39 39 38 39 39 39 39 41 41 41 42 41 41 41 41 41 40 40 41 41 41 41 42 41 41 41 41 42 42 42 43 43 44 44 44 44 44 44 43 44 43 44 44 45 46 46 47 48 49 50 49 49 49 49 49 48 49 48 48 50
34 34 35 37 37 37 36 36 35 35 35 35 35 35 34 34 34 34 34 34 34 34 35 35 35 35 36 35 35 35 35 36 36 36 38 38 39 39 39 39 39 39 39 41 41 41 41 41 41 41 41 40 40 40 41 41 41 41 42 41 41 41 41 42 42 42 42 43 44 44 44 44 45 45 44 44 43 44 45 46 46 46 48 48 49 50 49 50 49 49 49 49 49 49 50 50
34 34 36 37 37 36 37 37 36 36 35 35 35 35 34 34 34 34 34 34 34 34 35 35 35 35 35 35 35 35 35 35 36 36 38 38 38 39 38 39 39 39 39 40 41 41 41 41 41 42 41 40 40 40 40 40 41 41 42 41 41 41 42 42 42 42 42 44 44 44 44 44 46 46 44 44 44 44 45 46 46 46 48 48 49 50 50 50 49 49 49 49 49 49 51 50
34 34 36 36 36 36 36 36 36 36 35 36 35 35 34 34 34 34 34 34 35 35 35 35 35 35 35 35 35 35 35 35 36 36 37 38 38 38 39 38 38 39 39 39 39 40 41 41 42 41 41 40 40 40 41 41 41 41 42 42 41 41 42 42 42 42 42 43 44 44 44 44 46 46 45 45 45 45 45 46 46 47 48 49 50 50 50 50 50 49 49 49 50 51 51 52
35 35 36 36 36 36 35 35 35 35 35 36 35 35 34 34 34 34 34 35 35 34 35 35 35 35 35 35 35 35 35 36 36 36 37 37 37 38 38 38 38 38 39 39 39 40 40 41 41 40 40 40 40 40 41 41 41 41 42 42 42 42 42 42 42 42 42 44 44 44 44 45 46 46 46 47 48 46 46 46 47 47 48 49 50 50 51 50 50 50 50 51 52 51 52 53
35 35 36 36 35 34 33 35 35 35 35 36 35 35 35 34 34 34 35 34 34 35 35 35 35 35 35 35 35 35 35 36 36 36 36 37 37 37 38 38 38 38 39 39 39 39 39 41 40 40 40 41 41 41 41 41 41 41 42 42 42 42 42 42 42 42 43 43 44 44 45 46 46 46 48 48 48 48 46 47 47 48 50 50 49 49 49 50 50 50 51 52 52 53 54 54
35 35 35 35 35 34 34 34 34 35 35 35 35 35 35 35 35 35 35 34 35 34 34 35 35 35 35 35 35 35 35 35 36 36 36 36 36 36 37 38 38 38 38 38 39 39 40 40 40 40 41 42 41 40 41 41 41 41 42 42 42 42 42 42 42 42 43 43 43 43 45 46 46 47 48 48 48 47 47 47 47 48 49 49 48 48 48 49 50 50 52 52 52 53 55 55
35 35 35 35 35 34 34 33 35 35 35 35 35 35 35 35 35 35 35 34 34 34 34 34 34 34 35 34 35 35 35 35 35 35 36 36 36 37 37 37 37 38 38 38 38 39 40 40 40 41 41 42 41 41 41 41 41 42 42 42 42 43 42 42 43 43 43 43 43 44 44 44 46 46 47 48 48 48 48 47 48 48 48 48 48 48 48 49 50 52 52 52 54 54 55 56
35 35 35 35 34 34 34 34 34 34 34 35 35 35 35 35 35 35 35 34 34 35 34 34 35 34 34 34 34 34 34 35 35 35 35 36 36 36 36 37 37 38 38 38 38 38 40 40 41 41 41 41 41 41 41 41 42 41 42 42 42 42 42 42 42 42 43 43 44 44 44 45 45 46 46 47 48 48 47 48 48 48 48 49 50 49 49 50 51 52 52 54 54 55 55 56
35 35 35 35 35 34 34 34 34 34 35 35 35 35 35 35 35 35 35 35 35 35 34 34 34 34 34 34 34 34 35 35 35 35 35 36 36 36 36 37 37 37 38 38 38 39 40 41 41 41 41 41 40 41 41 42 41 41 41 42 42 42 42 42 42 42 43 44 44 44 44 45 46 44 46 46 47 47 47 48 48 48 50 51 50 50 51 52 52 52 53 54 55 55 56 56
35 35 35 35 35 34 34 34 34 34 35 35 35 35 35 35 35 35 35 35 35 35 34 34 34 35 34 34 34 34 35 35 35 35 35 36 36 36 36 37 37 37 37 37 38 38 39 41 41 41 41 41 40 40 40 42 42 42 42 42 42 42 42 42 42 42 43 44 44 44 45 45 46 45 46 46 47 47 48 48 48 50 51 52 51 53 53 52 52 53 55 56 55 55 56 56
35 35 35 35 35 35 35 35 35 35 35 35 35 35 35 35 35 35 35 35 35 35 34 34 34 34 34 34 35 35 35 34 35 35 34 36 36 36 37 37 37 37 37 37 38 38 39 40 40 41 41 40 40 41 41 42 42 42 42 41 42 42 42 42 42 43 43 43 44 44 44 44 46 46 46 46 46 47 48 48 49 50 53 54 54 56 55 54 54 54 55 55 54 54 55 56
36 36 36 35 35 35 35 35 35 35 35 35 35 35 35 35 35 35 35 35 35 35 34 34 34 34 34 35 35 35 34 34 34 34 35 35 35 35 36 37 37 37 37 37 38 38 38 40 39 40 40 41 41 41 39 40 40 40 42 42 41 42 43 42 42 42 43 44 44 44 44 46 46 46 46 46 46 46 48 48 49 51 53 56 58 59 58 56 55 55 55 55 55 55 56 56
36 36 35 35 35 35 35 35 35 35 35 35 35 35 35 35 35 35 35 35 35 35 34 34 34 34 35 35 35 35 34 35 35 35 35 36 35 35 36 37 37 37 37 37 37 37 38 38 38 39 40 40 40 40 40 40 40 40 42 42 42 42 41 42 42 42 43 44 44 44 44 46 46 46 46 46 46 46 48 48 49 50 53 57 59 60 59 57 55 56 55 55 55 56 56 56
36 36 35 35 35 35 35 35 35 35 35 35 35 35 35 35 35 35 35 35 35 35 34 35 34 34 35 35 35 35 35 35 35 35 35 35 35 35 36 37 37 37 37 37 37 37 37 38 38 38 39 38 39 39 38 40 40 40 41 41 41 41 41 41 41 41 43 44 44 44 44 46 46 46 46 46 46 46 47 48 49 51 54 56 58 59 59 57 56 56 55 56 56 57 57 56
36 36 35 35 35 35 35 35 35 35 35 35 35 35 35 35 35 35 35 36 35 36 36 35 36 36 35 35 35 35 35 35 35 35 35 35 35 36 36 36 36 37 37 37 37 37 37 37 38 38 38 38 38 38 38 38 40 40 40 40 40 40 40 41 41 42 43 44 44 44 46 46 46 46 46 46 46 47 47 48 50 52 54 55 56 57 57 57 56 57 56 57 57 58 57 57
36 36 36 36 36 36 35 35 35 35 35 35 35 35 36 36 36 35 36 36 36 36 36 35 35 36 36 35 35 35 35 35 35 35 35 35 35 35 36 37 37 37 37 37 37 37 37 37 37 37 37 38 38 38 38 39 40 40 40 40 40 40 40 41 42 42 42 44 44 44 45 46 46 46 46 46 47 47 47 48 49 51 53 54 55 55 56 56 58 57 58 57 58 57 57 58
37 36 36 36 36 36 36 36 35 35 35 35 35 35 36 36 36 36 36 36 37 37 37 36 36 36 35 35 35 35 35 35 35 35 35 35 35 35 36 37 37 37 37 37 37 37 37 37 37 37 37 38 38 38 38 40 40 40 40 40 40 40 41 41 41 42 43 44 44 44 45 46 46 46 46 47 47 47 48 49 49 50 52 54 55 55 55 57 57 58 58 58 58 58 57 58
37 36 36 37 37 36 36 36 36 36 36 35 35 35 35 36 36 36 36 37 38 37 38 37 36 35 35 36 35 35 35 35 35 35 35 35 35 35 36 37 37 37 37 37 37 36 37 37 37 36 37 37 38 38 38 39 40 40 40 40 40 40 41 41 42 42 43 44 44 45 45 46 46 46 47 47 47 48 48 49 49 50 52 53 54 55 56 56 57 57 59 59 58 57 58 59
37 37 37 37 37 38 38 37 37 38 37 36 36 35 36 36 37 37 36 37 36 37 38 36 35 36 36 36 36 36 35 35 35 35 34 35 35 35 36 36 36 37 37 36 37 37 36 35 35 36 37 37 38 38 38 39 39 40 40 40 40 40 40 40 42 43 43 44 44 45 45 46 46 46 46 46 48 48 48 48 50 51 53 53 53 54 55 55 56 56 58 58 58 58 59 60
39 38 38 39 39 39 38 38 38 38 40 38 37 37 37 37 37 37 38 38 38 37 37 36 36 37 36 36 36 36 35 34 35 35 35 35 35 35 36 36 36 37 37 37 37 37 36 35 35 35 36 38 38 38 38 39 39 39 39 40 40 40 41 41 42 42 44 44 44 44 44 45 45 45 46 47 48 48 48 49 50 51 53 52 53 53 54 55 55 55 56 57 56 58 59 59
39 39 38 41 39 40 38 38 38 38 38 38 37 37 38 37 38 38 38 38 38 38 36 37 36 36 37 36 36 36 35 35 35 34 35 35 35 35 37 37 37 36 37 37 37 37 35 34 34 35 37 38 38 38 39 40 40 40 40 40 40 40 41 42 42 42 44 44 44 44 45 45 45 45 47 48 48 48 49 50 50 50 52 53 53 53 54 53 53 55 55 56 56 57 58 58
39 39 39 40 40 39 39 38 38 38 38 38 38 38 38 39 38 39 38 38 38 38 38 38 36 36 36 36 36 36 35 35 35 35 35 35 35 35 36 37 37 37 37 37 37 36 36 35 34 35 37 37 38 38 39 40 40 40 40 40 40 40 41 42 42 43 44 44 44 44 45 45 45 46 46 48 48 49 49 50 50 51 52 52 54 53 54 53 55 54 54 55 55 57 58 60
38 38 39 38 38 38 39 38 38 38 38 38 38 39 38 39 38 38 38 38 39 38 38 37 37 38 36 36 37 37 37 35 35 36 36 36 37 37 37 37 37 37 37 37 37 37 36 35 36 37 37 37 38 39 40 40 42 42 44 42 41 40 42 42 42 44 44 44 44 45 45 46 46 46 46 47 48 49 49 50 50 50 52 52 52 53 53 54 54 54 54 54 54 56 58 59
38 38 38 38 38 38 38 38 38 38 38 38 38 39 38 39 39 39 39 38 39 38 37 37 37 37 36 37 37 37 37 37 37 37 37 37 37 37 37 37 37 37 37 37 37 37 37 37 37 37 37 38 39 39 40 42 42 43 44 44 44 43 43 44 44 44 46 46 46 46 46 46 46 46 47 48 49 49 50 50 50 50 51 51 51 51 53 53 54 54 54 55 55 55 57 57
38 38 38 39 38 38 38 38 38 38 38 38 39 39 39 39 39 39 38 38 38 38 37 36 36 36 37 37 37 37 37 37 37 37 37 37 37 37 37 37 37 37 37 37 37 37 37 37 37 37 38 39 39 39 40 42 42 42 43 44 44 44 44 45 44 45 46 47 47 47 46 46 46 47 48 49 49 49 50 51 50 51 51 52 52 52 52 54 54 54 54 55 55 56 57 57
38 38 38 39 39 38 38 38 38 38 38 39 39 39 39 39 39 39 39 39 37 38 37 37 36 36 37 37 38 37 38 38 38 38 37 37 37 37 38 37 37 37 38 38 37 37 38 38 38 38 38 39 39 40 41 42 42 42 42 43 43 44 44 45 45 45 46 47 47 47 46 48 47 48 48 49 49 49 50 50 50 51 52 52 51 51 52 53 54 53 55 55 56 55 56 57
38 39 39 39 40 39 39 38 38 38 38 39 39 39 39 39 39 39 39 38 38 36 36 36 37 37 38 38 38 38 38 38 39 39 38 38 38 38 38 37 37 38 38 38 38 38 38 38 38 38 39 39 40 40 41 41 42 42 42 44 44 44 44 45 45 46 46 46 47 46 46 47 47 48 48 49 49 49 50 50 50 51 52 51 51 51 51 53 53 54 55 55 55 56 56 57
38 39 39 39 39 39 39 39 39 39 40 39 39 39 39 39 39 39 38 37 38 37 36 37 37 37 38 40 40 40 39 38 38 39 37 38 38 38 38 38 38 38 38 39 39 39 38 38 38 38 39 40 40 40 41 42 42 42 43 44 44 44 44 45 46 46 46 47 47 48 48 49 49 48 49 50 49 49 50 50 50 50 51 51 51 51 52 53 54 55 56 56 57 57 58 57
38 39 39 39 39 39 39 39 39 39 39 39 39 39 39 39 39 39 39 38 38 37 37 37 37 37 38 40 41 40 38 38 37 37 38 38 38 38 37 38 38 38 38 39 39 39 38 39 39 39 39 40 40 40 42 42 42 42 43 44 44 44 44 45 46 46 46 47 47 48 50 50 50 50 50 50 50 50 50 51 51 52 52 51 52 52 53 55 55 55 57 57 57 58 58 59
38 38 39 39 39 39 39 39 39 39 39 39 39 39 39 39 39 38 39 38 37 37 37 37 37 37 38 39 40 39 38 38 37 37 38 38 38 37 38 38 38 38 38 39 39 39 40 39 39 39 40 39 40 41 41 42 42 42 43 44 44 44 44 45 45 46 46 46 47 48 49 50 50 50 51 50 50 50 50 51 51 51 52 52 52 53 54 55 56 57 58 58 58 58 58 59
38 38 39 39 38 39 39 38 39 39 39 39 39 39 39 39 38 38 38 38 39 38 38 37 37 37 38 38 40 39 38 38 37 38 38 37 37 37 37 37 38 38 38 38 38 40 39 39 39 39 38 38 39 40 40 42 42 43 43 44 44 44 44 44 45 46 46 48 48 48 48 49 50 51 51 51 51 50 51 51 52 52 53 53 53 54 55 57 57 57 58 58 59 59 58 58
38 39 38 39 38 39 38 39 40 39 39 38 39 38 38 38 38 37 38 38 39 38 37 37 37 37 37 38 38 37 38 38 37 37 37 37 37 37 37 38 38 38 38 38 38 38 39 39 38 38 38 38 38 39 40 41 42 42 43 43 43 44 45 44 46 46 47 47 48 48 48 49 50 50 51 50 51 51 52 53 54 53 53 54 54 54 56 57 57 57 57 58 58 58 58 60
38 39 39 39 39 39 38 39 40 40 38 39 39 38 38 38 38 38 38 39 38 38 37 37 37 37 37 37 37 36 36 37 37 37 36 36 36 36 37 38 38 38 38 38 38 38 38 39 38 38 38 38 38 38 40 42 42 42 42 43 43 43 44 45 45 45 46 48 48 48 49 50 50 50 52 52 51 51 52 53 53 54 54 54 54 55 56 57 58 59 61 59 60 63 62 61
38 38 39 39 39 39 39 39 39 39 39 39 39 39 39 39 38 39 39 39 39 39 38 37 36 35 35 37 37 37 37 37 37 37 37 37 37 37 37 38 38 38 38 38 38 38 38 38 38 38 38 36 38 39 40 41 42 41 42 42 43 44 44 45 45 46 46 47 47 48 48 50 49 50 51 52 53 53 53 54 53 54 55 56 58 57 57 57 57 61 60 61 60 61 64 61
38 38 39 39 39 39 39 39 39 39 40 39 39 39 40 39 39 39 42 42 41 40 38 37 36 35 36 37 37 37 38 37 37 37 37 38 37 37 37 37 37 38 38 38 38 38 38 38 38 38 37 36 38 38 39 41 42 42 42 42 43 43 44 44 45 46 46 47 48 48 48 49 49 50 51 52 53 53 55 55 55 55 55 57 59 59 58 58 60 63 62 63 63 62 62 61
39 38 39 39 39 39 39 39 39 39 39 39 39 39 39 40 40 40 40 40 39 39 38 38 37 36 36 37 37 37 38 38 38 38 37 37 37 37 36 38 38 38 38 38 38 38 38 38 39 38 38 38 39 38 40 41 42 42 43 43 43 43 44 45 45 45 46 47 48 48 48 49 50 50 52 53 54 54 55 57 58 57 57 57 58 58 60 61 61 62 62 63 70 62 64 65
39 39 39 39 39 39 39 39 39 39 39 39 39 39 39 40 40 41 41 40 40 38 38 37 37 37 37 37 37 38 37 38 38 38 37 37 37 36 37 38 38 38 38 38 38 38 38 39 39 39 38 39 39 39 41 42 42 42 42 44 44 43 43 44 45 45 46 48 48 48 49 49 50 50 52 53 54 54 55 59 59 59 58 58 58 58 59 60 60 62 62 63 64 65 66 65
39 39 39 39 39 39 39 39 39 38 39 39 39 39 40 40 40 40 40 40 40 39 39 37 37 37 37 36 37 37 38 38 38 38 37 36 36 37 37 38 37 38 39 39 38 38 38 38 39 39 40 40 40 40 41 42 42 42 43 43 44 44 44 45 45 46 46 48 48 48 49 49 50 50 52 53 54 55 57 58 59 59 59 60 58 62 61 62 62 63 63 64 64 68 68 72
39 40 40 40 40 40 40 40 39 38 39 39 40 39 40 40 40 40 40 40 41 39 38 37 37 37 37 37 37 37 38 37 37 37 37 37 38 38 38 38 38 39 40 40 39 40 38 39 40 40 42 42 42 42 41 42 42 42 44 43 43 43 45 45 46 46 48 48 48 49 49 49 50 50 51 53 53 56 56 57 58 58 58 60 61 63 64 65 65 65 65 64 64 66 68 70
42 41 40 40 41 41 41 41 40 40 39 40 39 40 39 41 40 40 40 41 41 40 39 37 37 37 37 38 38 38 37 38 37 38 37 37 37 37 38 39 40 39 39 40 40 40 38 40 42 41 43 43 44 43 43 44 43 43 44 44 45 44 44 46 46 46 49 48 49 49 50 50 51 51 52 53 53 55 55 56 56 58 58 59 61 65 66 65 65 66 65 65 65 65 66 70
41 42 40 41 42 42 41 41 41 41 40 40 40 40 40 41 40 40 40 40 40 40 39 37 37 37 38 38 38 38 37 37 37 38 38 38 38 38 38 40 40 40 40 40 40 40 40 40 42 40 43 44 44 43 43 43 42 43 44 45 45 45 45 46 46 47 49 50 49 49 50 50 50 52 52 53 54 55 55 56 56 57 58 59 62 62 64 65 64 65 65 65 67 66 68 69
40 40 41 42 43 44 42 42 41 41 40 40 40 41 41 42 41 40 40 38 39 38 38 37 37 37 38 38 39 37 38 37 38 38 38 38 39 39 40 40 40 40 40 40 40 39 41 40 40 42 43 42 42 42 44 43 42 44 44 45 45 46 46 46 46 46 49 50 50 50 50 50 50 52 53 53 54 54 55 55 56 58 58 59 60 61 63 64 63 64 65 67 69 69 66 71
42 40 42 42 41 41 41 42 41 42 41 41 42 41 42 42 42 43 41 40 40 38 38 37 38 38 38 38 38 37 37 37 37 37 38 39 40 40 40 41 40 40 40 40 41 42 42 40 40 43 43 42 42 42 44 43 43 44 46 46 46 46 46 46 46 48 49 49 50 50 50 51 52 53 53 54 54 53 55 55 55 57 58 58 60 61 62 62 62 63 68 65 68 67 68 69
40 42 42 42 42 42 42 42 42 42 42 43 43 42 42 43 43 42 41 41 40 39 39 39 38 39 38 38 38 37 37 37 38 38 38 39 40 40 41 42 40 40 40 42 42 42 41 40 39 39 40 42 42 43 44 44 45 46 46 46 48 47 46 46 46 47 48 50 51 50 52 52 52 52 53 54 53 53 54 55 55 57 58 59 60 63 63 63 62 63 65 65 66 69 69 68
40 41 42 42 42 42 41 42 42 42 43 43 43 41 43 43 43 42 41 41 40 41 40 38 38 39 38 38 38 38 37 37 38 39 40 40 40 40 41 41 40 41 43 42 41 41 41 40 40 41 41 43 43 43 44 44 45 44 45 46 47 48 47 46 46 47 49 50 50 50 52 53 53 53 53 53 53 53 54 55 56 57 58 58 60 62 62 64 64 65 64 65 65 67 67 67
41 40 42 41 41 41 41 41 42 41 43 41 42 42 42 43 43 43 42 41 40 41 40 40 39 40 40 38 38 37 36 38 38 38 40 41 42 41 41 41 41 41 42 41 40 41 40 40 41 40 42 43 43 44 44 44 44 44 44 48 47 47 47 47 47 49 49 52 52 53 53 53 52 53 53 53 53 52 53 54 57 57 58 59 61 61 61 64 64 65 64 65 65 66 68 70
42 42 40 41 41 41 41 41 43 41 42 42 42 41 41 43 43 43 42 41 41 41 41 40 40 40 39 38 38 37 37 37 39 39 39 42 42 42 41 42 42 42 41 42 42 42 42 42 43 42 40 41 42 43 43 43 43 43 44 46 48 47 48 48 48 49 50 51 53 55 54 53 53 54 53 53 53 52 55 55 55 58 58 58 61 61 62 62 64 65 64 64 65 65 67 67
42 41 40 40 40 40 41 42 42 41 41 41 41 42 42 43 42 41 42 43 43 42 41 42 43 40 40 39 39 38 38 39 40 40 40 42 43 42 41 44 43 42 41 41 42 42 43 43 43 42 44 42 40 41 42 43 43 43 43 45 46 47 48 47 49 50 51 53 53 54 53 54 54 54 54 53 52 52 53 54 55 57 59 58 61 61 61 61 63 64 63 64 64 66 68 69
