grids/precipitation/jun/RSMS_06_1883_01.asc
NCOLS 654
NROWS 866
XLLCORNER 3280414.711633467
YLLCORNER 5237500.62890625
CELLSIZE 1000
NODATA_VALUE -999
[rows 371 to 423 of 866, columns 0 to 95 of 654]
-999 -999 -999 -999 -999 -999 -999 -999 -999 -999 -999 -999 -999 -999 -999 47 47 48 49 49 49 49 49 47 47 48 48 49 49 49 49 48 49 49 48 46 46 46 46 46 45 45 45 45 45 45 44 43 42 42 42 40 40 41 41 41 41 42 41 42 42 43 43 43 43 43 42 41 41 41 42 41 41 42 42 43 43 43 42 42 43 43 43 44 44 44 43 44 44 43 43 45 45 46 47 48
-999 -999 -999 -999 -999 -999 -999 -999 -999 -999 -999 -999 -999 -999 47 47 47 47 48 49 49 49 47 47 47 47 48 48 48 49 48 48 48 49 47 46 47 48 49 45 45 45 45 45 45 45 43 42 42 42 42 41 41 41 41 42 42 42 42 42 42 42 43 42 43 43 42 41 41 41 42 42 41 42 42 43 43 43 42 42 42 42 43 43 43 43 44 44 43 43 45 45 46 46 47 48
-999 -999 -999 -999 -999 -999 -999 -999 -999 -999 -999 -999 -999 -999 -999 47 47 47 47 47 49 47 47 47 47 47 47 48 48 48 48 48 49 47 46 48 49 46 46 45 45 45 45 45 45 44 43 43 43 43 42 41 40 41 41 42 42 43 42 42 42 42 42 43 41 42 42 41 40 41 41 41 41 41 42 42 42 42 42 42 42 42 43 43 43 43 44 44 44 44 45 45 46 46 46 48
-999 -999 -999 -999 -999 -999 -999 -999 -999 -999 -999 -999 -999 -999 -999 -999 -999 -999 47 47 47 47 47 47 47 47 47 48 47 47 48 49 47 47 46 48 49 46 46 45 45 45 45 45 44 44 44 43 43 42 42 41 41 41 41 42 41 42 42 42 42 42 42 42 42 41 41 41 41 41 41 41 41 42 42 43 42 42 42 42 42 42 43 43 43 44 44 45 45 45 45 45 46 46 47 47
-999 -999 -999 -999 -999 -999 -999 -999 -999 -999 -999 -999 -999 -999 -999 -999 -999 -999 -999 47 45 46 46 46 45 47 47 47 47 47 48 48 47 47 48 49 47 46 45 45 45 45 45 44 44 44 44 43 43 43 43 41 41 41 42 41 42 42 42 42 42 42 42 42 42 42 42 41 42 42 42 42 43 42 42 42 42 42 41 42 42 42 43 43 44 44 44 45 45 45 46 46 46 47 46 47
-999 -999 -999 -999 -999 -999 -999 -999 -999 -999 -999 -999 -999 -999 -999 -999 -999 -999 -999 45 45 45 45 46 45 45 47 47 47 47 47 48 47 47 48 49 49 46 45 45 45 45 44 46 44 44 44 43 43 43 42 42 41 41 41 41 42 42 42 42 43 43 42 42 42 42 41 42 42 42 42 43 42 43 43 44 43 43 42 41 41 42 43 44 45 45 45 45 45 45 45 45 45 46 46 47
-999 -999 -999 -999 -999 -999 -999 -999 -999 -999 -999 -999 -999 -999 -999 -999 -999 -999 -999 45 45 45 45 45 46 46 46 47 47 47 47 47 47 46 47 49 50 46 45 45 45 46 46 45 45 44 43 43 43 43 43 42 41 41 41 41 41 41 42 42 42 42 42 42 42 42 41 42 42 42 43 43 42 43 44 44 43 43 42 42 42 42 43 45 45 45 45 46 46 46 46 46 46 46 46 46
-999 -999 -999 -999 -999 -999 -999 -999 -999 -999 -999 -999 -999 -999 -999 -999 -999 -999 45 45 44 44 44 45 45 45 46 46 46 46 46 46 46 46 46 47 48 48 47 46 45 44 44 47 44 44 44 43 43 43 43 43 43 41 41 41 41 42 41 41 42 42 42 42 42 42 42 43 44 43 43 43 43 44 44 43 43 43 43 42 43 43 43 44 45 46 46 46 46 46 46 46 46 46 46 47
-999 -999 -999 -999 -999 -999 -999 -999 -999 -999 -999 -999 -999 -999 -999 -999 -999 -999 44 44 44 44 44 43 43 44 45 45 45 46 46 46 46 46 46 45 45 47 46 47 44 44 44 44 44 44 44 43 43 43 43 42 42 42 42 42 42 42 42 42 42 42 44 43 43 43 44 44 43 43 43 44 44 44 44 43 43 43 43 43 44 43 43 44 44 45 46 47 47 47 47 47 47 47 48 48
-999 -999 -999 -999 -999 -999 -999 -999 -999 -999 -999 -999 -999 -999 -999 -999 -999 -999 43 45 44 45 45 43 43 44 45 45 45 45 45 46 46 46 45 44 44 44 45 44 44 44 44 44 44 44 43 43 43 43 43 42 42 42 42 42 42 42 42 42 42 42 42 43 44 44 43 43 43 43 44 44 44 45 44 44 43 43 44 43 44 44 44 44 45 45 47 48 47 48 47 48 48 48 48 48
-999 -999 -999 -999 -999 -999 -999 -999 -999 -999 -999 -999 -999 -999 -999 -999 -999 -999 -999 44 44 43 43 43 43 44 43 45 45 45 45 46 46 45 44 44 44 44 44 44 44 44 44 44 44 44 43 43 43 43 42 42 42 42 42 42 42 42 42 42 42 42 41 42 42 43 43 43 43 44 44 44 44 45 45 44 43 44 44 44 44 44 44 44 45 45 46 47 47 48 48 49 48 48 48 48
-999 -999 -999 -999 -999 -999 -999 -999 -999 -999 -999 -999 -999 -999 -999 -999 -999 -999 -999 -999 43 44 43 43 43 43 44 44 44 45 44 45 45 44 44 44 44 44 44 44 44 43 44 44 43 43 43 43 43 42 42 42 42 42 42 42 41 42 42 42 41 41 41 42 43 43 43 44 44 44 44 45 45 45 45 44 44 45 45 44 45 45 45 44 44 45 45 46 48 48 50 48 48 47 48 47
-999 -999 -999 -999 -999 -999 -999 -999 -999 -999 -999 -999 -999 -999 -999 -999 -999 -999 -999 -999 -999 43 43 43 42 42 44 44 44 44 44 44 43 43 44 44 44 44 44 44 44 44 45 45 44 44 43 42 42 42 42 42 42 42 42 41 41 41 41 42 42 41 41 41 42 43 43 44 44 44 44 45 46 46 45 45 45 44 45 45 46 45 45 44 45 45 45 46 47 49 48 48 48 47 46 46
-999 -999 -999 -999 -999 -999 -999 -999 -999 -999 -999 -999 -999 -999 -999 -999 -999 -999 -999 -999 -999 -999 43 42 42 42 43 44 44 44 44 43 43 43 44 44 44 44 43 43 44 44 44 45 45 45 43 42 42 42 42 42 42 42 41 41 41 41 41 42 42 42 41 41 41 43 43 43 43 44 44 45 45 46 45 45 45 45 45 46 46 46 45 44 45 45 45 46 46 46 48 49 48 48 47 46
-999 -999 -999 -999 -999 -999 -999 -999 -999 -999 -999 -999 -999 -999 -999 -999 -999 -999 -999 -999 -999 -999 -999 42 43 43 44 44 44 44 44 43 43 43 44 44 44 44 43 43 44 44 44 44 45 44 45 42 42 42 42 42 42 42 41 41 41 41 41 42 42 41 41 41 42 43 42 43 44 44 45 45 46 45 45 45 45 45 45 46 46 47 46 45 44 45 45 46 46 47 49 50 48 48 47 46
-999 -999 -999 -999 -999 -999 -999 -999 -999 -999 -999 -999 -999 -999 -999 -999 -999 -999 -999 -999 -999 -999 -999 42 43 43 44 44 44 43 43 43 43 43 43 44 43 43 43 43 43 42 43 43 44 44 44 43 43 42 42 42 41 41 41 41 41 41 41 40 41 41 40 40 41 41 43 44 44 45 45 45 45 45 45 45 45 45 45 46 46 46 46 46 46 45 45 45 46 47 48 48 48 47 46 46
-999 -999 -999 -999 -999 -999 -999 -999 -999 -999 -999 -999 -999 -999 -999 -999 -999 -999 -999 -999 -999 -999 -999 -999 42 43 44 43 43 43 43 43 43 43 43 43 43 43 43 42 42 42 43 43 44 44 44 43 42 42 42 41 41 41 41 40 41 41 41 41 42 41 41 40 41 41 42 44 45 45 45 45 46 45 45 45 45 45 45 45 46 45 46 45 45 46 45 46 45 46 47 46 46 46 46 46
-999 -999 -999 -999 -999 -999 -999 -999 -999 -999 -999 -999 -999 -999 -999 -999 -999 -999 -999 -999 -999 -999 -999 -999 -999 43 43 44 43 43 43 43 43 43 43 43 43 43 42 42 42 42 42 42 43 43 44 43 42 42 41 41 41 41 41 41 41 41 41 41 41 42 41 41 40 41 43 43 44 45 46 46 46 46 46 45 45 45 45 45 45 45 45 46 45 46 45 46 45 45 46 46 46 46 46 46
-999 -999 -999 -999 -999 -999 -999 -999 -999 -999 -999 -999 -999 -999 -999 -999 -999 -999 -999 -999 -999 -999 -999 -999 -999 -999 43 44 43 42 43 43 43 43 43 43 43 42 42 42 42 42 42 42 42 44 44 42 42 42 41 41 41 41 40 41 41 41 41 41 41 42 42 41 41 41 42 43 44 45 46 46 46 47 45 45 45 45 46 45 45 45 45 45 45 45 45 45 45 45 45 46 46 46 46 46
-999 -999 -999 -999 -999 -999 -999 -999 -999 -999 -999 -999 -999 -999 -999 -999 -999 -999 -999 -999 -999 -999 -999 -999 -999 -999 43 44 43 43 43 43 43 43 43 42 42 42 42 42 42 42 42 42 42 42 42 42 42 42 42 41 40 40 40 41 41 41 41 42 42 42 42 42 41 41 42 42 43 44 46 46 47 47 46 46 46 46 46 45 45 45 46 45 45 45 45 45 45 45 45 45 46 46 46 47
-999 -999 -999 -999 -999 -999 -999 -999 -999 -999 -999 -999 -999 -999 -999 -999 -999 -999 -999 -999 -999 -999 -999 -999 -999 -999 42 42 43 43 43 42 42 42 42 42 41 41 41 42 42 42 42 42 42 42 43 41 41 41 41 41 41 41 41 41 41 41 41 42 41 42 42 42 42 42 42 42 43 43 45 47 48 48 48 48 46 45 45 45 45 45 45 45 45 45 45 45 45 45 45 45 45 46 47 48
-999 -999 -999 -999 -999 -999 -999 -999 -999 -999 -999 -999 -999 -999 -999 -999 -999 -999 -999 -999 -999 -999 -999 -999 -999 -999 42 42 43 43 43 42 42 42 42 41 41 41 42 42 42 42 42 42 42 42 43 43 42 42 42 42 41 41 41 41 41 41 42 42 42 41 42 42 42 42 43 42 43 43 45 47 48 46 47 47 48 45 45 45 45 45 45 45 45 45 45 45 45 45 45 45 45 46 47 49
-999 -999 -999 -999 -999 -999 -999 -999 -999 -999 -999 -999 -999 -999 -999 -999 -999 -999 -999 -999 -999 -999 -999 -999 -999 -999 42 43 43 43 43 42 42 41 41 41 41 42 42 42 42 42 43 42 42 42 43 42 42 42 42 41 41 41 41 41 41 42 42 42 42 42 42 43 43 43 43 42 42 43 44 45 46 47 48 46 45 45 45 45 45 45 45 46 45 46 46 45 45 46 46 45 46 46 47 48
-999 -999 -999 -999 -999 -999 -999 -999 -999 -999 -999 -999 -999 -999 -999 -999 -999 -999 -999 -999 -999 -999 -999 -999 -999 -999 -999 42 42 41 41 41 41 41 41 41 41 42 42 42 41 43 44 44 42 42 41 42 42 42 41 41 41 41 41 41 42 42 43 42 43 43 43 43 43 43 43 43 43 44 45 45 46 46 47 46 46 46 46 45 45 46 46 46 46 46 46 45 46 46 45 45 45 45 46 46
-999 -999 -999 -999 -999 -999 -999 -999 -999 -999 -999 -999 -999 -999 -999 -999 -999 -999 -999 -999 -999 -999 -999 -999 -999 -999 -999 41 41 41 41 41 40 40 41 41 41 41 41 41 41 41 42 44 42 42 42 41 41 41 41 41 41 41 41 41 42 42 42 42 43 43 43 43 43 43 43 44 44 43 45 46 46 46 46 47 46 46 46 46 46 46 46 46 46 46 46 46 46 46 45 45 45 45 46 45
-999 -999 -999 -999 -999 -999 -999 -999 -999 -999 -999 -999 -999 -999 -999 -999 -999 -999 -999 -999 -999 -999 -999 -999 -999 -999 40 41 41 41 40 41 40 40 40 41 41 41 41 41 41 42 43 44 41 42 41 41 43 41 41 41 41 41 41 42 42 42 42 43 43 43 43 43 43 43 43 43 43 45 45 46 46 46 48 48 48 47 46 46 46 46 47 46 47 46 46 46 46 46 45 45 45 45 44 45
-999 -999 -999 -999 -999 -999 -999 -999 -999 -999 -999 -999 -999 -999 -999 -999 -999 -999 -999 -999 -999 -999 -999 -999 -999 -999 40 41 41 41 41 40 40 39 40 41 41 41 41 41 42 42 44 42 42 41 41 41 41 41 40 41 41 41 41 42 42 42 43 43 43 43 44 43 43 43 43 44 44 44 45 46 46 46 47 49 48 48 47 46 46 48 48 47 48 49 48 46 46 46 46 45 45 44 44 45
-999 -999 -999 -999 -999 -999 -999 -999 -999 -999 -999 -999 -999 -999 -999 -999 -999 -999 -999 -999 -999 -999 -999 -999 -999 40 40 41 41 40 41 39 39 40 40 40 40 41 41 41 42 42 42 43 40 40 40 40 41 41 41 41 41 41 41 41 42 42 43 42 42 42 43 42 43 43 43 43 43 45 45 46 46 48 48 49 47 48 48 47 47 48 48 48 49 49 49 48 48 47 47 45 45 45 45 45
-999 -999 -999 -999 -999 -999 -999 -999 -999 -999 -999 -999 -999 -999 -999 -999 -999 -999 -999 -999 -999 -999 -999 -999 -999 39 39 41 41 41 40 40 39 39 40 40 40 41 41 42 41 41 41 42 40 40 40 40 40 40 41 40 41 41 41 42 42 42 42 42 41 42 42 41 41 41 43 43 43 43 44 45 47 48 49 47 46 48 48 49 49 49 49 49 49 49 49 50 50 49 47 46 45 44 43 44
-999 -999 -999 -999 -999 -999 -999 -999 -999 -999 -999 -999 -999 -999 -999 -999 -999 -999 -999 -999 -999 -999 -999 -999 -999 39 39 39 41 41 40 40 39 39 40 41 40 40 41 40 41 41 41 42 40 40 40 40 40 40 40 41 41 40 41 42 42 42 41 41 41 41 41 41 41 41 42 43 43 43 44 45 46 47 48 47 48 47 48 49 49 49 50 50 49 49 49 49 49 50 49 47 47 46 43 47
-999 -999 -999 -999 -999 -999 -999 -999 -999 -999 -999 -999 -999 -999 -999 -999 -999 -999 -999 -999 -999 -999 -999 -999 -999 40 40 40 41 41 41 40 40 40 40 41 41 41 40 40 41 41 40 42 40 40 40 40 40 40 41 41 41 40 40 42 42 41 41 41 41 41 41 41 41 41 42 44 43 43 43 44 45 47 48 49 49 48 49 51 49 50 50 49 47 47 47 49 50 50 49 48 46 47 46 46
-999 -999 -999 -999 -999 -999 -999 -999 -999 -999 -999 -999 -999 -999 -999 -999 -999 -999 -999 -999 -999 -999 -999 -999 -999 40 39 40 42 41 41 40 40 40 40 41 40 40 40 40 40 40 40 40 42 39 39 39 40 40 41 41 41 41 41 41 41 41 41 40 40 40 41 40 41 41 44 46 44 44 47 45 47 47 47 50 50 49 49 48 49 49 50 49 47 49 48 47 47 47 47 48 48 50 46 47
-999 -999 -999 -999 -999 -999 -999 -999 -999 -999 -999 -999 -999 -999 -999 -999 -999 -999 -999 -999 -999 -999 -999 -999 -999 41 40 40 42 41 41 41 41 40 40 40 40 40 40 40 40 40 40 39 39 41 41 39 39 39 41 41 41 41 41 40 41 41 41 41 40 40 40 39 40 40 42 44 46 46 46 45 45 48 49 49 49 50 50 50 50 49 50 50 47 49 50 51 50 49 47 51 48 46 46 45
-999 -999 -999 -999 -999 -999 -999 -999 -999 -999 -999 -999 -999 -999 -999 -999 -999 -999 -999 -999 -999 -999 -999 -999 -999 41 41 40 41 41 41 41 41 40 39 40 40 40 40 40 40 40 40 39 40 39 39 39 39 39 41 41 41 41 41 41 41 40 41 41 41 40 40 40 40 41 41 45 46 45 44 45 45 47 48 50 50 51 51 52 49 50 52 52 50 47 50 52 51 50 48 52 48 48 48 46
-999 -999 -999 -999 -999 -999 -999 -999 -999 -999 -999 -999 -999 -999 -999 -999 -999 -999 -999 -999 -999 -999 -999 -999 -999 -999 41 41 42 41 41 41 41 40 39 40 40 40 39 40 40 40 40 39 39 40 40 40 39 39 40 41 41 41 41 41 41 41 41 41 41 40 40 40 41 40 41 43 45 45 46 46 45 47 48 48 49 49 50 50 46 46 46 46 49 46 50 52 53 51 48 48 49 48 49 49
-999 -999 -999 -999 -999 -999 -999 -999 -999 -999 -999 -999 -999 -999 -999 -999 -999 -999 -999 -999 -999 -999 -999 -999 -999 -999 41 41 41 41 41 41 41 40 39 40 40 39 40 40 40 39 40 40 40 40 39 39 39 40 40 40 40 40 41 41 41 41 41 41 41 40 40 41 41 41 42 43 44 45 46 47 45 46 48 49 50 49 50 51 48 52 50 49 48 48 54 53 53 54 50 48 50 50 49 50
-999 -999 -999 -999 -999 -999 -999 -999 -999 -999 -999 -999 -999 -999 -999 -999 -999 -999 -999 -999 -999 -999 -999 -999 -999 -999 41 41 41 42 42 40 40 40 39 39 39 39 39 39 39 39 40 40 40 40 39 40 40 40 40 40 40 40 40 40 40 40 41 41 41 41 40 41 41 41 41 44 45 45 46 48 48 45 48 49 51 47 48 49 50 52 50 52 50 50 50 50 50 53 52 55 51 50 54 53
-999 -999 -999 -999 -999 -999 -999 -999 -999 -999 -999 -999 -999 -999 -999 -999 -999 -999 -999 -999 -999 -999 -999 -999 -999 42 41 40 40 42 41 40 39 40 39 40 39 39 40 39 39 39 40 40 39 39 40 40 40 40 40 40 40 40 40 40 40 40 41 41 41 41 41 42 42 42 42 44 45 45 46 48 49 46 45 48 48 47 46 51 53 54 52 53 53 53 51 51 52 51 53 51 53 51 49 53
-999 -999 -999 -999 -999 -999 -999 -999 -999 -999 -999 -999 -999 -999 -999 -999 -999 -999 -999 -999 -999 -999 -999 -999 42 42 41 41 40 41 41 40 40 39 39 39 39 39 38 39 39 39 40 39 39 40 40 40 40 40 40 40 40 40 40 40 40 40 41 41 41 41 41 42 42 43 43 44 45 45 46 48 48 49 49 46 46 47 50 53 55 56 56 54 54 55 56 55 52 49 53 54 52 52 54 52
-999 -999 -999 -999 -999 -999 -999 -999 -999 -999 -999 -999 -999 -999 -999 -999 -999 -999 -999 -999 -999 -999 -999 -999 42 42 42 40 41 42 43 41 41 39 39 39 39 39 40 39 39 39 39 40 40 40 41 41 39 40 40 40 40 40 40 40 40 40 41 41 41 41 42 43 42 42 44 45 45 45 46 47 49 50 51 48 52 52 51 51 54 54 54 57 56 57 57 56 52 55 54 52 52 54 55 55
-999 -999 -999 -999 -999 -999 -999 -999 -999 -999 -999 -999 -999 -999 -999 -999 -999 -999 -999 -999 -999 -999 43 42 42 42 41 40 41 41 42 42 41 40 39 39 39 39 38 39 39 39 39 39 39 40 40 40 40 40 39 39 39 39 40 40 40 40 40 41 41 41 42 43 43 43 43 44 46 46 46 47 48 49 50 49 55 53 54 57 59 57 58 57 58 57 57 53 53 55 57 56 55 58 55 56
-999 -999 -999 -999 -999 -999 -999 -999 -999 -999 -999 -999 -999 -999 -999 -999 -999 -999 -999 -999 -999 -999 42 42 42 42 41 41 41 41 40 42 41 40 39 39 39 39 38 39 39 39 38 39 39 40 40 40 40 40 40 39 39 39 40 40 40 40 41 41 41 41 42 43 43 43 43 45 45 46 46 48 49 49 52 55 54 54 56 55 56 57 58 57 57 57 52 53 58 53 58 55 53 57 56 58
-999 -999 -999 -999 -999 -999 -999 -999 -999 -999 -999 -999 -999 -999 -999 -999 -999 -999 -999 -999 -999 43 42 42 42 42 41 41 41 41 40 41 42 41 39 39 39 39 38 39 39 39 39 39 40 40 40 40 40 40 40 40 39 39 39 40 40 40 41 42 41 42 43 43 43 44 44 45 45 46 47 48 49 49 52 56 55 57 56 56 57 59 61 59 59 58 52 56 58 53 55 55 57 55 57 59
-999 -999 -999 -999 -999 -999 -999 -999 -999 -999 -999 -999 -999 -999 -999 -999 -999 -999 -999 -999 -999 43 43 42 42 42 42 41 41 41 42 41 42 41 40 39 39 39 38 38 39 38 38 39 40 40 39 39 39 39 40 40 39 39 40 40 40 40 41 42 42 42 43 43 43 44 45 45 46 47 48 47 50 49 52 51 54 55 56 58 57 57 61 60 60 59 57 56 57 55 58 57 57 58 58 55
-999 -999 -999 -999 -999 -999 -999 -999 -999 -999 -999 -999 -999 -999 -999 -999 -999 -999 -999 -999 43 43 43 42 42 42 41 41 42 41 40 40 41 42 40 39 38 39 38 38 37 38 38 39 39 40 39 39 39 39 40 39 39 39 39 40 40 40 40 42 42 42 42 44 44 44 44 45 46 46 46 47 48 50 51 53 52 54 55 55 55 56 57 59 61 58 56 57 57 57 61 59 60 62 59 60
-999 -999 -999 -999 -999 -999 -999 -999 -999 -999 -999 -999 -999 -999 -999 -999 -999 -999 -999 42 43 44 43 42 42 42 41 42 41 41 40 41 41 41 42 39 38 38 38 37 37 38 38 39 39 39 39 39 39 39 40 39 39 39 40 40 40 40 41 42 42 42 43 44 44 44 44 45 45 46 47 47 49 50 52 52 54 55 53 56 54 56 56 58 60 60 57 57 57 58 62 61 60 60 60 62
-999 -999 -999 -999 -999 -999 -999 -999 -999 -999 -999 -999 -999 -999 -999 -999 -999 -999 -999 43 44 44 44 43 42 42 42 42 41 41 41 41 41 40 41 41 39 38 37 38 37 37 38 39 39 39 39 39 39 39 39 39 39 39 40 40 40 40 41 42 42 42 43 44 44 44 44 45 45 46 48 48 50 50 51 51 51 52 54 55 55 55 58 59 61 60 59 58 58 59 60 63 60 63 62 59
-999 -999 -999 -999 -999 -999 -999 -999 -999 -999 -999 -999 -999 -999 -999 -999 -999 -999 44 45 45 45 45 43 43 42 42 42 40 40 40 41 41 40 40 40 39 38 37 37 38 38 38 38 39 39 39 39 39 39 39 39 39 40 40 40 40 41 41 41 42 42 43 43 43 44 45 45 45 46 46 48 49 50 52 52 52 53 53 55 56 57 57 58 60 59 57 60 62 62 62 60 59 59 60 58
-999 -999 -999 -999 -999 -999 -999 -999 -999 -999 -999 -999 -999 -999 -999 -999 -999 43 45 46 46 46 44 44 43 43 42 41 40 40 40 41 41 40 40 39 39 38 37 37 38 38 38 38 38 38 39 39 39 39 39 40 40 40 40 41 41 41 41 41 42 42 42 43 43 44 44 45 45 48 48 50 49 51 52 52 52 54 54 55 56 56 58 60 58 57 58 60 63 62 58 58 58 57 57 57
-999 -999 -999 -999 -999 -999 -999 -999 -999 -999 -999 -999 -999 -999 -999 -999 43 45 45 46 46 45 44 44 43 43 41 40 40 41 40 40 41 40 40 39 39 39 37 37 38 38 37 38 38 38 38 39 39 39 39 40 40 40 40 42 41 42 41 41 41 41 42 43 43 43 44 45 47 48 47 50 50 51 52 52 52 53 54 55 56 56 57 57 57 57 59 60 61 59 57 57 58 56 60 60
-999 -999 -999 -999 -999 -999 -999 -999 -999 -999 -999 -999 -999 -999 -999 43 45 45 43 44 44 44 43 43 42 43 41 40 41 40 40 41 40 40 40 39 39 39 38 38 38 38 38 37 38 38 38 38 39 39 40 40 40 40 40 42 42 42 41 41 41 41 42 42 43 43 43 44 46 47 47 50 49 51 50 52 52 53 54 54 55 55 57 56 57 59 61 60 61 56 57 58 56 59 66 61
-999 -999 -999 -999 -999 -999 -999 -999 -999 -999 -999 -999 -999 -999 -999 43 42 42 43 44 45 46 44 44 43 42 41 42 42 41 41 41 41 40 40 39 39 40 39 38 38 38 38 38 37 37 38 38 39 40 40 40 40 40 41 41 41 41 41 41 41 41 41 42 43 43 44 45 46 45 48 49 48 50 50 52 53 55 53 52 54 56 54 54 58 59 59 59 59 58 58 60 58 65 64 63
-999 -999 -999 -999 -999 -999 -999 -999 -999 -999 -999 -999 -999 -999 43 43 42 45 45 46 45 45 44 43 43 42 42 42 41 42 41 41 41 40 41 40 40 39 38 38 38 38 38 38 38 38 39 39 39 39 40 40 40 40 40 41 41 41 41 41 41 41 41 42 42 43 42 44 44 45 47 47 48 48 51 53 53 52 53 55 55 55 57 57 57 58 60 61 61 61 63 66 66 66 65 65
