grids/precipitation/jun/RSMS_06_1882_01.asc
NCOLS 654
NROWS 866
XLLCORNER 3280414.711633467
YLLCORNER 5237500.62890625
CELLSIZE 1000
NODATA_VALUE -999
[rows 572 to 615 of 866, columns 384 to 479 of 654]
101 100 100 100 100 100 109 112 109 112 109 104 107 108 104 104 101 104 105 109 110 109 105 100 102 103 100 96 101 100 101 101 103 105 106 106 102 105 103 103 102 103 101 100 100 101 102 105 113 107 102 102 109 114 115 110 104 100 99 99 99 99 98 96 98 98 99 98 96 98 98 99 100 100 99 97 97 97 99 103 105 107 109 112 116 114 116 111 112 -999 -999 -999 -999 -999 -999 -999
105 102 103 101 100 103 108 112 103 104 109 108 105 114 108 103 106 113 110 109 108 109 104 102 103 105 98 96 100 100 101 100 106 103 103 105 105 102 101 101 100 100 101 98 100 102 103 105 115 115 110 99 107 113 111 110 105 99 99 100 100 96 106 99 99 100 98 96 98 96 98 98 99 99 99 97 97 98 102 103 106 109 112 121 118 114 112 -999 -999 -999 -999 -999 -999 -999 -999 -999
107 106 105 105 103 111 107 103 103 108 113 109 113 112 108 105 112 115 110 108 108 103 105 99 102 103 107 96 98 99 105 109 107 106 105 103 102 101 98 98 100 101 101 100 98 98 98 103 107 108 115 107 99 103 106 106 103 101 99 100 99 101 102 102 100 101 98 101 100 100 103 103 100 100 96 101 101 100 104 108 110 112 117 117 118 114 111 -999 -999 -999 -999 -999 -999 -999 -999 -999
109 109 106 105 105 102 112 101 112 103 105 103 108 108 112 109 111 117 117 110 110 107 103 97 100 103 105 96 98 96 102 105 107 105 104 100 99 99 96 95 95 96 100 100 101 98 100 103 101 103 105 105 106 100 99 101 100 100 101 101 102 102 101 102 103 99 102 103 104 102 103 103 105 105 103 103 104 105 109 111 115 115 114 113 122 119 -999 -999 -999 -999 -999 -999 -999 -999 -999 -999
111 111 110 105 106 111 106 106 114 103 103 105 105 105 113 108 113 109 111 109 105 105 102 100 101 101 102 105 96 98 99 101 106 107 102 104 101 100 96 95 94 95 96 98 102 100 100 98 105 102 107 108 110 103 100 101 98 96 100 101 101 102 103 103 103 98 97 104 103 102 104 106 105 105 106 104 104 106 109 114 116 114 114 113 118 124 -999 -999 -999 -999 -999 -999 -999 -999 -999 -999
111 112 110 105 101 109 107 109 107 103 105 105 106 106 105 102 112 108 111 106 109 107 105 101 101 102 104 105 100 98 98 99 101 105 104 104 104 101 96 95 99 98 96 98 101 105 103 102 105 107 113 115 110 108 103 100 103 101 98 98 101 104 103 103 104 100 102 102 103 104 105 107 107 105 106 106 106 108 109 116 116 116 117 115 117 123 -999 -999 -999 -999 -999 -999 -999 -999 -999 -999
111 113 112 110 105 106 106 105 99 101 102 102 105 113 102 101 104 107 113 113 107 104 101 105 102 100 105 107 99 98 99 100 99 99 99 100 99 102 99 100 105 101 96 95 98 100 102 102 103 109 119 114 111 106 107 105 107 103 107 108 104 105 101 104 105 106 107 104 104 105 106 106 105 107 108 107 110 111 111 115 113 114 116 117 120 -999 -999 -999 -999 -999 -999 -999 -999 -999 -999 -999
111 113 110 105 103 106 100 114 113 105 106 110 113 105 101 109 107 106 110 107 106 105 102 103 103 102 103 103 100 99 98 100 98 97 98 98 96 97 100 98 99 97 95 96 95 99 102 103 106 108 114 124 121 114 110 108 114 112 110 108 107 104 106 107 104 107 106 107 107 107 101 107 108 109 109 109 108 107 108 111 112 115 116 118 123 -999 -999 -999 -999 -999 -999 -999 -999 -999 -999 -999
113 114 109 113 111 111 108 105 113 114 120 123 110 107 111 116 111 104 111 102 108 102 102 104 105 103 103 104 108 100 99 97 97 97 97 95 95 96 96 98 102 97 97 98 96 98 100 102 103 102 112 121 119 120 113 116 112 109 109 111 108 107 104 105 109 109 109 109 109 107 104 107 108 111 110 109 112 112 113 113 115 117 116 120 123 120 -999 -999 -999 -999 -999 -999 -999 -999 -999 -999
109 104 113 106 106 109 108 108 117 116 114 116 113 105 106 113 107 109 102 108 111 102 105 109 109 106 104 103 104 102 100 102 100 98 94 96 95 96 97 96 100 102 98 96 98 98 103 103 106 107 108 118 115 116 116 116 116 116 111 110 112 112 108 104 107 109 109 109 104 105 107 108 110 112 111 111 113 116 119 116 116 120 119 123 -999 -999 -999 -999 -999 -999 -999 -999 -999 -999 -999 -999
115 108 114 107 101 108 106 110 114 116 114 115 109 109 121 110 109 104 106 105 113 102 107 110 116 115 109 105 102 102 101 103 99 95 95 94 94 96 94 95 97 104 102 98 98 100 100 98 100 104 108 113 114 108 112 107 105 118 115 110 107 112 110 105 106 106 109 106 105 107 108 112 111 115 117 115 114 117 124 121 120 126 -999 -999 -999 -999 -999 -999 -999 -999 -999 -999 -999 -999 -999 -999
115 109 110 101 112 108 110 110 114 114 110 115 117 115 117 109 115 106 105 103 107 102 109 112 114 113 118 110 107 106 103 99 99 99 95 93 93 93 93 92 92 94 100 104 99 95 97 98 102 104 104 109 109 108 106 106 104 105 110 111 109 109 107 103 104 107 104 106 108 109 110 112 116 117 117 115 116 116 123 125 131 -999 -999 -999 -999 -999 -999 -999 -999 -999 -999 -999 -999 -999 -999 -999
114 115 114 104 112 109 102 109 112 115 113 113 115 105 110 116 114 105 100 100 101 103 108 110 110 113 114 115 116 112 106 99 98 96 94 94 94 94 93 92 92 92 96 98 102 101 96 99 100 104 105 108 107 105 107 105 103 102 103 110 107 109 109 110 102 104 103 110 114 111 113 113 117 121 121 119 118 119 127 131 134 -999 -999 -999 -999 -999 -999 -999 -999 -999 -999 -999 -999 -999 -999 -999
107 113 118 101 112 112 112 112 115 116 112 116 113 116 115 110 110 106 100 102 110 107 109 110 108 106 112 109 112 109 108 98 99 97 94 94 93 97 92 90 92 92 92 94 95 95 95 96 98 103 107 105 105 105 105 106 104 102 102 110 103 109 109 107 104 104 104 106 110 112 114 117 116 118 117 121 127 122 122 125 131 -999 -999 -999 -999 -999 -999 -999 -999 -999 -999 -999 -999 -999 -999 -999
116 114 103 112 112 116 113 113 119 119 125 116 112 110 107 110 108 102 98 101 109 110 110 106 102 104 101 108 106 107 103 98 98 98 96 94 94 97 91 90 90 92 92 94 96 94 98 95 97 98 105 104 104 104 103 106 102 101 102 103 103 110 107 106 103 107 106 108 108 110 115 115 118 116 117 115 114 118 118 123 130 -999 -999 -999 -999 -999 -999 -999 -999 -999 -999 -999 -999 -999 -999 -999
118 113 113 113 115 114 118 114 117 118 114 117 113 111 109 105 105 101 92 95 102 106 108 102 109 111 107 110 108 106 104 99 96 97 93 93 91 98 90 94 94 94 93 94 94 95 98 98 96 96 109 107 105 104 102 105 108 104 102 105 103 106 110 106 106 108 107 108 108 111 114 116 119 118 114 115 119 122 120 123 127 121 -999 -999 -999 -999 -999 -999 -999 -999 -999 -999 -999 -999 -999 -999
118 118 120 114 114 114 120 121 117 114 113 111 108 108 107 105 106 99 94 95 101 104 106 103 105 109 112 110 108 105 103 99 98 97 95 93 91 90 88 88 94 97 97 98 95 95 98 96 96 96 97 102 100 101 102 104 108 102 103 103 103 102 104 104 108 105 104 109 110 113 114 116 117 116 113 111 111 115 118 118 123 119 118 -999 -999 -999 -999 -999 -999 -999 -999 -999 -999 -999 -999 -999
117 117 120 119 120 119 121 120 119 117 113 108 109 109 104 105 104 100 96 96 102 105 103 105 111 111 113 109 103 106 102 101 98 101 101 95 92 90 92 90 90 91 98 100 98 98 98 97 96 96 96 98 99 101 102 103 102 103 107 105 103 104 105 104 105 109 110 109 106 112 116 118 116 119 118 113 116 112 116 118 118 117 115 -999 -999 -999 -999 -999 -999 -999 -999 -999 -999 -999 -999 -999
118 118 120 120 119 120 124 120 119 116 113 109 106 105 104 104 105 100 98 97 97 101 103 104 110 112 110 106 110 108 104 101 97 95 96 96 93 91 94 91 92 94 94 96 97 95 98 95 96 95 97 98 99 100 102 104 103 103 103 102 103 104 105 106 104 112 115 111 113 113 115 114 115 116 117 117 118 116 116 111 109 113 113 -999 -999 -999 -999 -999 -999 -999 -999 -999 -999 -999 -999 -999
120 123 121 120 121 123 123 120 117 116 111 107 104 103 103 102 103 99 99 97 101 102 101 108 110 113 114 108 109 107 104 100 97 94 94 94 94 90 90 90 92 95 95 95 95 96 95 94 95 94 96 98 100 102 103 105 103 101 102 104 104 102 105 106 103 105 109 120 114 113 118 117 114 114 113 118 116 120 112 111 113 117 113 110 111 111 110 -999 -999 -999 -999 -999 -999 -999 -999 -999
118 124 123 118 115 118 120 122 117 117 111 106 105 106 104 105 104 103 102 99 98 99 100 104 106 107 107 106 108 109 104 100 96 95 92 95 95 92 91 91 91 91 94 95 95 95 96 95 94 94 96 98 100 100 102 105 103 101 103 104 105 105 104 103 104 104 115 116 117 116 119 116 114 113 111 114 117 117 115 109 114 114 114 113 113 112 106 110 110 99 -999 -999 -999 -999 -999 -999
124 125 118 118 114 116 118 120 120 117 112 112 108 105 104 102 99 102 100 96 96 97 100 104 104 108 112 114 112 107 105 98 93 92 92 95 98 93 90 90 91 92 93 94 95 95 94 93 94 96 97 98 99 98 101 102 102 101 102 102 104 103 105 105 104 104 105 111 113 124 116 118 116 110 109 113 112 115 120 118 111 112 111 113 113 107 102 108 104 100 97 -999 -999 -999 -999 -999
116 117 119 117 111 119 119 123 121 118 116 110 107 104 103 102 101 100 95 93 95 98 101 101 103 106 114 107 106 105 99 96 93 92 90 90 93 94 94 89 91 91 93 94 95 96 95 94 95 96 97 98 97 99 98 99 101 101 103 107 105 105 105 104 104 104 106 110 122 117 120 117 114 108 114 113 113 114 122 120 113 105 108 108 106 106 102 112 103 100 97 -999 -999 -999 -999 -999
114 109 105 109 115 117 118 123 119 119 115 113 110 108 106 103 102 101 95 96 95 96 97 98 98 98 102 99 106 105 99 94 90 89 87 88 89 91 93 92 95 94 91 93 93 94 96 96 94 99 97 96 94 95 96 97 98 99 103 106 109 108 106 104 105 106 109 111 118 122 122 115 110 108 109 110 112 115 120 119 111 105 104 105 102 103 99 99 100 97 96 -999 -999 -999 -999 -999
106 111 117 113 117 113 116 121 123 115 111 111 109 107 105 102 98 104 98 95 90 89 97 96 96 101 101 99 99 101 94 91 88 87 87 86 87 85 88 93 95 92 92 92 92 92 94 96 96 96 97 98 95 95 95 97 98 104 104 112 110 110 107 104 105 106 109 114 118 124 119 113 109 109 109 110 111 114 113 115 107 104 102 101 100 101 99 98 98 96 95 -999 -999 -999 -999 -999
114 109 113 116 116 117 116 125 117 119 115 118 110 111 105 105 106 103 97 92 92 88 92 95 101 100 99 99 96 92 90 88 88 87 85 85 86 87 86 89 91 92 90 91 92 93 96 95 97 97 96 97 97 96 95 96 98 100 104 110 106 106 105 104 104 110 114 108 111 118 117 115 108 108 109 111 114 110 112 112 106 101 98 103 98 97 96 97 96 95 93 -999 -999 -999 -999 -999
113 111 115 118 122 117 119 117 118 121 119 121 107 106 107 108 108 103 99 95 95 88 91 94 97 100 101 100 97 92 91 88 88 86 85 85 86 86 85 85 86 87 90 91 92 93 94 95 96 96 94 96 98 97 95 93 96 98 104 104 103 105 104 103 103 108 112 106 109 113 115 109 111 109 109 108 110 108 110 109 106 107 98 100 96 96 95 94 94 94 93 -999 -999 -999 -999 -999
112 115 115 116 124 117 117 121 117 118 115 113 109 113 104 107 102 105 103 96 94 91 93 96 98 102 101 99 93 92 89 88 86 86 85 85 84 83 81 82 82 83 85 87 87 90 93 97 96 96 94 96 95 95 96 94 93 95 98 99 101 103 103 103 105 109 112 107 105 113 114 106 110 113 110 108 107 106 105 106 108 102 97 96 96 99 97 96 93 92 91 91 90 -999 -999 -999
113 115 117 116 128 121 118 118 115 121 118 115 112 110 109 108 108 103 98 94 93 94 95 95 102 101 102 99 97 93 90 86 86 86 86 83 83 82 80 82 80 80 82 85 87 88 89 95 95 93 94 97 96 95 95 94 95 96 97 101 100 105 104 103 108 107 109 107 107 109 109 111 114 112 110 107 106 108 106 103 102 100 95 96 96 96 96 94 93 93 92 90 90 -999 -999 -999
113 116 116 117 126 122 116 113 122 119 118 115 115 108 111 106 105 106 102 99 94 99 102 103 108 102 102 95 95 95 88 88 88 85 86 85 83 82 79 79 82 81 82 83 86 87 88 90 94 96 97 97 97 97 96 96 96 97 99 100 101 101 103 102 105 108 108 105 105 109 106 111 109 108 109 105 108 108 106 102 100 99 97 97 97 96 94 93 94 93 95 92 92 90 -999 -999
110 113 116 118 124 122 111 115 120 116 118 119 113 111 114 104 106 100 100 96 99 96 101 109 109 107 96 93 91 95 87 85 86 86 86 85 83 79 76 75 79 84 86 86 85 84 88 91 93 95 95 95 98 96 98 98 97 98 99 101 102 102 103 104 110 110 109 105 105 109 107 115 110 108 108 108 108 104 105 102 100 95 97 98 98 99 95 94 91 92 95 92 92 91 -999 -999
110 115 116 116 119 121 113 120 118 114 113 107 107 107 110 109 99 105 100 103 102 103 100 103 102 104 98 97 94 92 89 85 88 87 89 86 83 82 79 75 76 80 86 84 84 88 90 91 93 96 97 97 95 97 100 94 99 101 102 104 103 104 105 105 106 104 106 109 110 104 105 107 110 113 114 110 106 108 103 99 97 97 98 97 98 98 98 96 94 -999 -999 -999 -999 -999 -999 -999
118 118 117 109 109 109 112 115 117 113 100 111 114 116 110 103 108 108 110 112 106 103 102 102 109 111 105 99 92 91 88 87 90 89 90 84 80 85 83 79 78 80 85 84 83 88 93 95 99 101 101 98 103 97 99 102 103 106 106 111 110 102 104 109 113 114 115 108 112 110 113 110 114 110 108 100 100 105 102 97 100 96 99 100 100 102 98 97 96 -999 -999 -999 -999 -999 -999 -999
105 105 107 107 101 106 117 120 118 111 114 118 111 108 101 110 116 116 119 115 105 104 103 104 109 107 103 98 93 89 88 91 94 94 89 87 81 88 87 82 84 85 87 85 83 87 92 96 96 100 98 103 100 106 101 106 104 100 102 103 106 104 110 105 112 120 115 109 114 118 118 113 113 110 109 111 106 100 101 102 105 100 100 97 98 101 101 101 96 94 93 94 95 95 -999 -999
102 97 101 101 99 114 107 103 119 107 112 113 111 112 106 105 112 112 107 107 105 106 100 102 103 103 104 101 96 91 90 93 83 83 84 85 79 84 86 83 85 85 89 87 87 88 87 87 85 91 92 98 93 97 101 104 99 96 96 97 99 101 99 106 115 119 112 113 114 117 117 111 108 103 110 109 106 103 106 106 107 106 101 100 98 98 102 100 96 95 95 97 97 95 99 -999
95 95 96 106 99 104 108 115 114 112 102 118 115 109 108 107 98 110 108 113 107 107 98 101 99 105 103 98 97 95 90 90 90 82 81 80 73 79 80 82 84 91 91 88 88 85 86 85 87 84 93 95 92 99 93 94 91 95 94 95 95 96 98 106 109 112 105 113 115 114 111 108 107 105 106 107 109 104 102 105 106 107 107 103 99 99 100 104 99 100 101 101 97 95 102 -999
94 94 94 99 99 99 103 119 115 110 97 109 110 106 107 107 108 110 105 110 105 101 105 100 98 97 99 98 95 98 97 90 90 82 81 81 80 79 78 81 91 87 86 83 82 80 82 86 84 84 84 88 88 87 88 90 90 90 91 93 93 93 95 96 99 100 101 107 109 109 108 101 109 107 106 105 105 106 109 110 106 109 110 108 100 100 101 100 98 101 106 103 98 104 104 -999
96 94 95 97 102 98 107 104 105 111 99 102 110 109 104 98 106 109 101 106 107 112 98 106 98 100 93 91 95 98 99 90 86 83 83 82 80 79 77 79 84 84 79 83 80 83 81 81 81 82 84 84 85 87 86 85 88 88 89 92 91 92 92 93 92 97 98 102 110 111 106 100 107 105 102 101 107 108 108 111 109 112 108 107 103 99 103 98 96 99 107 101 99 102 100 103
99 98 95 99 98 100 116 120 108 99 110 94 109 110 96 110 109 107 109 120 110 101 100 99 100 98 94 91 90 99 93 88 91 90 86 83 81 79 78 78 79 81 79 80 79 80 79 78 81 81 83 82 86 88 84 85 87 86 87 88 89 92 92 93 91 99 98 100 102 106 107 101 95 95 104 101 101 105 108 110 111 106 108 107 105 100 100 96 96 104 102 102 100 101 105 102
100 95 99 96 96 98 99 112 119 105 103 96 103 95 101 116 105 108 108 109 108 102 101 101 94 97 92 89 87 90 96 93 94 96 86 84 80 79 77 77 82 78 77 79 80 78 78 78 79 81 81 82 85 91 86 84 83 84 87 89 91 92 93 95 89 95 95 95 99 103 102 96 94 98 101 101 96 100 107 108 101 101 99 100 96 98 95 95 97 103 100 98 98 102 107 106
99 102 95 96 97 99 104 104 122 122 101 99 113 105 100 96 112 113 110 112 104 100 94 93 93 90 89 91 88 85 90 91 90 91 89 84 78 76 74 75 78 75 75 80 82 79 78 81 80 82 84 89 90 95 91 84 82 86 91 91 94 97 98 93 89 90 95 99 90 94 91 93 94 99 101 95 95 99 103 103 98 97 97 97 95 97 94 94 97 103 101 97 100 101 104 99
100 104 98 96 96 98 103 99 104 104 97 100 104 114 112 104 105 120 116 116 107 102 98 100 96 90 92 88 89 89 86 89 89 91 94 82 78 77 75 75 76 75 77 81 77 77 82 81 84 83 86 91 93 99 97 87 85 90 92 95 97 91 91 94 90 87 92 92 95 97 100 101 100 94 96 98 95 97 97 99 96 96 94 93 94 95 96 99 99 91 100 98 99 99 97 94
99 96 96 96 94 95 97 96 97 97 99 97 96 97 99 99 112 108 119 112 102 100 104 99 95 91 89 84 84 85 86 87 89 86 84 84 77 75 75 72 76 72 76 78 75 79 80 84 83 81 83 87 91 91 91 88 92 87 95 99 96 97 94 92 94 86 86 92 97 99 101 102 103 102 98 97 104 103 98 97 92 96 93 95 99 95 98 99 95 101 100 102 102 98 96 92
96 96 97 96 96 96 95 99 99 101 101 98 96 99 99 107 107 107 103 106 96 92 98 94 90 85 85 81 85 84 84 86 86 86 83 79 76 75 74 72 71 70 72 73 74 83 85 79 79 76 85 82 80 93 94 92 81 81 89 90 103 92 89 92 89 86 87 93 99 99 99 104 101 103 102 103 100 103 97 93 91 91 95 97 98 98 95 94 94 96 104 106 104 101 95 92
