grids/precipitation/jun/RSMS_06_1882_01.asc
NCOLS 654
NROWS 866
XLLCORNER 3280414.711633467
YLLCORNER 5237500.62890625
CELLSIZE 1000
NODATA_VALUE -999
[rows 264 to 307 of 866, columns 96 to 191 of 654]
119 119 119 121 121 121 123 123 123 123 124 126 126 126 128 128 129 130 131 132 132 133 136 138 139 139 141 144 147 145 147 150 150 151 152 153 153 153 154 154 154 154 153 153 153 152 148 144 141 141 141 141 142 141 140 137 135 135 134 131 131 130 128 127 126 126 125 123 123 123 121 120 121 121 122 118 118 118 117 114 114 114 114 110 110 110 109 107 107 109 106 104 104 106 102 103
119 119 119 121 121 121 122 122 123 123 123 125 126 126 127 128 128 129 130 131 132 133 134 137 138 139 140 142 146 147 148 148 150 150 150 151 152 152 152 153 153 153 151 152 152 150 147 143 141 139 140 138 142 139 137 137 135 135 132 131 131 130 128 127 126 126 124 123 123 123 121 121 121 122 120 118 118 118 115 114 114 114 114 111 110 110 109 108 107 107 106 105 104 103 103 103
119 119 120 120 120 120 122 122 122 122 123 123 124 125 126 127 128 128 130 131 131 133 134 134 136 137 138 141 143 145 145 146 147 148 149 149 150 150 150 150 150 150 150 150 150 149 145 145 141 140 138 141 139 137 137 135 134 133 132 131 131 129 128 127 126 125 124 123 123 122 121 122 123 126 122 118 118 118 117 115 114 114 114 112 113 113 110 109 109 107 107 105 105 103 103 100
118 118 120 120 120 120 121 121 121 121 122 122 123 123 125 126 127 128 129 130 131 132 133 133 134 135 137 140 139 141 143 145 146 147 147 152 154 149 148 147 147 147 148 150 150 147 147 143 144 141 139 139 137 137 136 134 134 133 132 131 131 129 128 125 124 122 123 123 122 122 121 122 124 125 122 118 118 118 117 117 114 114 114 115 114 113 113 111 111 109 107 105 105 104 103 102
118 118 120 120 120 120 121 120 120 120 121 122 122 123 124 126 126 127 128 132 131 131 132 133 133 134 135 139 138 139 142 144 145 145 148 153 157 151 149 146 146 146 149 149 149 149 145 144 143 142 138 137 137 136 135 134 134 133 132 131 131 130 128 124 123 122 123 122 122 122 121 120 122 126 121 118 118 120 117 116 114 114 114 115 115 115 113 111 111 111 109 106 105 105 104 103
118 118 117 120 120 119 120 120 120 120 120 121 122 122 123 125 126 126 128 129 130 131 131 132 133 133 134 136 137 138 139 142 144 146 148 155 156 154 147 147 145 145 147 148 148 147 145 142 142 140 138 135 136 135 134 134 134 133 132 131 130 129 125 124 123 122 123 122 122 121 121 120 122 125 120 119 118 118 116 115 114 114 115 115 115 115 113 115 112 112 110 109 106 105 104 104
117 117 119 119 119 119 122 120 120 120 120 120 121 122 123 124 125 126 127 128 131 131 131 132 132 133 134 134 136 137 138 139 141 144 147 152 156 153 149 147 147 147 149 149 147 146 144 142 141 138 139 136 135 134 134 134 134 133 131 131 129 128 127 124 123 122 123 122 121 121 121 123 124 125 120 119 118 116 116 115 114 114 115 115 115 115 115 115 115 112 111 109 108 108 106 106
116 116 119 118 118 119 120 120 120 120 120 120 121 121 123 123 124 125 126 126 128 128 131 132 132 133 133 132 132 133 137 137 140 141 146 150 157 156 149 147 147 149 146 148 147 147 145 142 140 140 138 137 136 134 134 134 133 132 131 130 128 128 126 123 122 122 123 122 121 123 123 120 124 125 121 117 117 116 116 115 114 114 117 115 115 115 117 115 115 114 112 110 110 109 108 109
116 116 118 118 118 118 120 120 120 120 120 120 120 121 122 123 123 124 124 126 128 127 129 131 132 132 131 131 131 132 133 137 138 139 143 147 152 151 150 150 149 148 148 149 148 147 144 140 139 139 137 136 136 136 134 133 133 132 131 129 128 128 126 122 122 122 121 122 123 123 123 120 124 125 121 117 117 117 115 114 114 114 114 115 115 115 114 115 113 115 114 112 110 110 109 109
116 116 118 118 118 118 120 121 120 120 120 120 120 121 124 124 123 124 124 125 128 127 128 131 131 130 130 132 131 131 132 137 138 139 144 148 153 153 150 153 149 150 151 150 149 148 146 141 139 138 138 136 135 135 135 133 132 131 130 128 128 127 124 122 123 123 122 124 123 123 120 122 124 125 119 117 117 116 115 115 114 114 114 115 115 115 114 113 113 113 114 114 110 110 109 109
116 116 117 117 117 119 119 121 120 120 120 120 120 120 123 124 123 122 123 126 127 128 129 128 129 130 131 130 129 131 132 134 137 138 143 148 153 151 154 151 152 154 156 155 151 148 145 142 140 139 137 137 135 135 134 133 132 130 129 128 127 126 125 124 123 123 122 122 123 123 122 124 123 122 119 117 117 116 114 114 114 114 114 114 114 114 114 113 113 113 114 114 116 110 112 111
116 116 117 117 118 118 119 122 120 121 121 121 121 124 123 122 120 121 124 123 124 125 126 127 127 128 129 130 130 130 133 135 136 139 142 145 151 150 155 159 160 160 160 156 153 153 148 144 141 138 138 137 136 136 133 132 131 130 128 127 126 126 125 123 123 123 122 122 124 123 124 125 126 121 118 117 116 116 114 114 114 113 114 114 114 114 113 113 113 113 112 114 115 115 112 112
116 116 117 118 118 118 120 120 120 120 121 121 121 123 122 122 122 123 123 123 123 124 127 127 127 127 128 125 128 130 132 135 137 138 144 146 150 152 156 163 163 164 165 158 154 152 147 142 140 140 138 136 136 135 134 131 130 130 127 126 126 125 124 123 123 124 124 122 124 126 129 127 127 121 118 116 116 116 114 114 114 114 114 114 114 114 114 113 113 113 113 112 112 112 112 112
116 119 118 118 120 120 119 121 120 122 123 121 123 123 122 123 122 122 123 122 123 126 126 128 127 127 127 127 129 130 131 137 137 137 144 148 151 153 160 166 165 168 168 163 155 153 147 144 141 141 139 137 135 134 133 130 130 129 126 126 126 125 123 124 124 124 124 125 126 126 130 127 124 120 118 118 116 116 116 114 114 114 114 114 114 114 114 113 113 113 113 112 112 112 112 112
117 119 120 120 121 122 121 121 122 122 122 123 124 122 123 122 123 122 123 123 124 125 128 129 128 127 127 127 128 131 133 133 136 140 140 145 152 155 166 162 160 162 165 161 153 153 145 144 142 138 138 137 135 134 131 131 128 127 126 127 124 124 123 124 124 125 125 128 129 132 131 129 123 120 118 118 116 116 116 115 115 115 114 114 114 114 115 114 113 113 113 113 113 112 114 114
119 119 120 122 122 122 122 122 123 123 123 122 122 122 123 122 122 123 123 125 125 128 129 130 128 129 130 128 129 131 132 138 137 139 139 142 148 152 158 159 155 157 159 154 155 148 144 145 142 139 138 136 133 133 131 129 127 127 125 124 123 123 124 125 123 126 129 125 130 131 130 125 124 121 118 118 118 118 116 117 117 117 114 116 116 116 115 115 115 115 113 113 113 113 114 114
117 119 120 122 122 122 123 122 122 124 123 122 122 123 122 122 122 123 124 125 125 129 132 131 130 128 130 130 130 132 135 138 136 136 138 141 145 149 153 159 156 158 157 150 152 149 144 142 140 140 139 137 134 132 129 127 126 126 124 123 123 125 123 126 128 129 130 130 130 130 126 125 119 119 121 118 118 118 117 117 117 117 116 116 116 116 115 115 115 115 115 113 113 113 112 112
117 121 122 122 122 122 123 124 122 122 123 122 122 123 122 123 124 125 125 124 127 129 133 131 131 130 131 129 130 130 136 135 135 135 137 141 142 144 150 153 155 157 151 151 151 151 142 142 139 139 136 133 131 129 127 126 126 123 123 123 123 123 124 125 128 130 130 123 124 121 123 124 119 119 119 118 118 118 117 117 117 117 118 118 116 116 118 115 115 115 115 113 113 113 113 112
119 122 122 122 126 125 123 123 121 122 123 122 124 125 122 125 125 126 127 128 130 133 133 133 133 131 131 130 129 130 132 133 133 134 137 138 142 142 143 145 150 149 149 152 149 145 147 143 142 139 137 134 128 128 126 125 125 123 123 121 121 124 125 126 127 128 127 126 118 120 120 121 121 119 119 118 117 117 118 118 118 118 118 118 118 118 118 117 115 115 115 113 113 113 111 111
122 122 122 122 122 124 123 123 120 120 122 123 126 125 126 126 128 129 127 128 128 130 133 133 133 130 129 129 128 129 130 132 132 133 136 136 136 139 141 141 144 144 146 148 148 148 146 144 143 139 134 130 126 125 123 123 123 123 123 121 119 124 128 127 125 125 122 120 118 118 118 119 118 118 118 117 117 117 118 118 119 119 119 119 119 119 118 117 117 115 115 113 113 113 111 110
122 122 122 124 122 122 122 120 122 122 123 127 127 127 127 128 126 127 127 128 128 128 129 129 129 128 128 129 127 128 129 131 132 134 134 136 136 136 137 138 138 140 144 146 148 146 144 143 141 138 133 128 123 123 123 123 124 124 120 117 119 120 127 121 123 122 120 119 119 119 118 118 118 118 117 117 117 117 118 119 119 119 119 119 119 119 118 117 117 117 115 113 113 113 111 110
122 122 122 123 122 122 122 120 123 123 125 127 126 126 126 125 125 125 125 126 127 127 128 129 128 128 128 128 127 127 130 131 131 131 133 133 136 135 137 137 137 138 138 144 145 144 138 142 138 136 131 125 125 124 123 123 124 122 120 116 118 116 118 116 119 119 120 119 118 118 118 118 118 118 117 117 117 118 118 119 119 119 119 119 119 121 119 117 117 117 115 115 113 113 111 110
124 122 124 122 123 122 122 122 122 123 124 126 123 125 124 125 125 125 125 125 126 127 127 129 128 128 128 128 127 127 128 130 131 132 133 133 135 133 135 135 137 136 136 141 144 142 139 138 133 131 128 125 124 124 123 124 122 122 120 117 118 115 114 114 117 118 118 118 118 119 118 118 117 117 117 117 118 118 119 119 119 119 119 119 119 119 119 118 118 117 117 117 117 115 114 112
125 124 122 122 122 121 121 121 119 121 122 122 123 123 124 123 124 125 125 125 124 125 127 128 128 128 128 128 127 127 127 131 131 131 132 132 132 134 133 134 134 134 136 138 139 137 133 133 132 130 128 126 125 124 122 124 123 120 119 116 116 114 113 113 114 116 118 119 117 117 117 117 117 117 117 118 118 118 119 121 121 121 121 119 119 119 119 118 118 118 118 119 119 117 115 115
125 125 122 122 122 122 122 121 121 119 120 122 122 123 125 122 124 125 125 126 124 124 127 128 128 128 128 127 127 127 127 131 131 131 131 132 132 132 134 134 134 134 133 138 133 135 133 132 131 129 126 125 125 125 125 123 123 120 120 116 115 115 114 114 114 114 117 118 118 117 117 117 117 117 118 118 118 118 119 121 121 121 121 121 121 122 119 119 118 118 121 119 121 119 119 115
125 125 123 122 122 122 122 122 122 120 122 120 122 122 121 124 124 125 125 124 124 125 127 128 128 128 128 127 127 127 128 131 131 131 131 131 132 132 131 131 133 131 132 135 133 134 134 131 131 129 127 125 125 125 125 124 122 121 119 117 115 114 114 114 114 114 116 118 118 117 116 116 117 116 118 118 118 118 119 122 122 124 124 124 129 126 129 130 119 119 119 121 119 121 122 120
125 124 123 121 121 121 121 121 121 121 121 121 121 121 122 122 123 125 125 124 124 125 128 128 128 128 127 127 127 127 131 131 131 131 131 131 131 131 131 131 132 132 132 133 130 135 134 134 129 131 126 126 125 125 125 123 121 118 118 118 118 115 115 114 116 118 118 117 117 116 118 117 117 117 117 117 119 120 119 120 122 129 132 134 129 135 132 121 119 120 120 122 121 124 126 124
126 125 124 122 120 120 120 120 120 120 121 121 122 122 122 123 124 124 124 124 125 127 128 126 127 127 127 127 127 128 129 131 131 131 131 131 131 131 131 130 129 131 131 132 129 131 130 133 136 134 127 127 126 126 124 123 122 121 118 118 118 116 116 115 117 119 117 119 118 117 117 117 116 117 117 116 118 119 122 125 123 123 129 138 137 130 124 122 120 120 120 122 123 123 125 123
126 126 122 120 122 120 120 120 120 120 122 122 120 122 123 124 124 125 124 125 125 125 126 127 127 127 127 127 128 128 129 131 131 131 131 131 131 131 132 129 129 131 128 129 131 131 129 130 130 134 134 133 130 127 125 122 122 120 119 118 118 118 117 116 116 118 118 118 118 118 116 116 116 116 116 116 116 116 119 122 122 122 126 126 126 122 121 120 120 120 122 123 122 123 123 120
126 125 123 121 122 125 120 120 120 120 120 123 123 121 124 124 125 124 125 125 125 126 126 127 127 127 127 127 128 128 129 129 131 131 131 131 131 130 131 131 131 130 128 129 131 129 128 127 128 130 130 132 135 128 123 122 119 121 119 119 117 118 117 115 115 117 118 115 115 115 115 115 115 115 115 115 116 116 118 119 120 120 119 121 121 119 120 120 120 120 120 122 122 123 120 120
125 125 124 124 124 122 122 120 122 120 120 124 124 124 123 124 124 127 125 125 126 124 127 125 127 126 127 126 129 129 129 129 128 128 128 128 128 128 131 129 130 129 128 129 130 128 127 126 126 128 127 129 131 127 122 122 118 119 119 119 117 119 118 118 118 117 117 117 117 116 114 116 114 114 115 115 115 115 116 116 119 119 119 119 119 118 120 120 120 120 120 120 122 122 121 121
126 126 124 124 124 122 124 123 123 121 121 124 124 124 124 126 127 125 125 124 125 125 125 126 126 127 127 127 127 127 127 127 127 128 128 128 128 128 129 127 126 128 128 129 129 127 126 125 124 123 125 125 124 124 122 120 116 116 118 117 119 120 122 125 122 119 116 116 115 116 112 112 112 113 114 112 113 113 114 115 115 117 115 119 118 118 118 118 118 118 120 119 118 119 119 118
126 126 124 124 126 129 124 123 123 122 123 125 125 125 125 125 125 127 124 125 125 125 126 126 126 126 126 127 127 127 127 127 127 127 128 128 129 129 128 128 128 128 129 128 129 129 126 124 123 125 123 126 125 126 125 121 119 120 120 118 121 122 127 128 131 129 118 115 113 114 115 113 112 112 113 112 112 113 114 115 115 117 118 118 116 116 118 118 118 120 119 119 119 119 120 120
127 127 127 125 127 127 128 124 123 122 124 126 125 126 126 126 126 126 127 125 125 126 126 126 126 126 126 127 127 127 127 127 127 127 128 129 129 128 127 128 128 128 127 128 128 129 127 124 123 122 124 122 125 122 126 125 123 121 119 119 124 129 131 129 129 124 120 116 114 114 114 113 112 112 111 112 114 115 114 116 115 117 118 119 116 118 118 118 118 118 119 119 119 120 120 120
128 128 128 128 126 128 131 126 126 126 124 126 126 126 127 127 127 125 126 126 126 126 126 126 126 126 126 127 127 127 127 127 127 127 130 129 128 128 128 128 128 128 127 129 127 128 127 126 125 123 122 122 121 120 122 123 125 127 125 125 129 128 124 124 123 120 117 117 114 116 114 113 113 112 112 112 114 115 115 116 115 118 118 118 118 118 118 118 119 118 119 118 120 120 121 121
130 130 128 128 128 128 127 128 127 127 125 127 127 127 127 127 126 126 126 126 125 125 126 126 126 126 126 126 126 126 127 127 127 127 128 131 128 128 128 128 128 128 127 129 128 129 127 127 126 125 122 119 119 119 119 121 122 125 125 122 125 128 123 122 119 118 121 116 115 113 113 113 113 112 112 112 114 115 114 115 116 116 118 118 118 118 118 118 118 118 118 118 119 119 121 121
131 131 131 129 129 129 128 127 127 127 125 127 127 127 127 126 126 126 126 125 125 125 125 126 126 128 126 126 126 126 126 127 127 129 130 131 128 128 128 128 128 128 127 129 128 127 128 126 126 125 122 119 119 119 119 121 122 123 124 123 120 120 124 124 125 127 128 122 118 115 113 113 113 113 112 112 114 115 112 115 116 116 116 118 118 118 117 118 118 118 118 119 119 119 119 123
131 131 131 131 129 129 129 129 128 127 127 128 127 127 126 126 126 127 125 125 125 125 125 126 128 126 126 126 126 126 126 129 129 131 137 139 130 130 129 128 129 127 129 129 127 128 128 128 126 125 123 121 119 119 122 122 122 122 122 122 119 119 120 120 121 123 126 124 121 121 125 121 114 113 112 112 114 112 112 114 116 114 116 117 117 117 118 118 118 118 119 119 119 118 120 120
131 131 134 133 133 131 131 129 129 127 127 127 130 126 127 127 127 125 125 124 124 124 127 127 127 126 127 125 125 125 128 130 134 136 139 136 128 130 130 129 129 129 128 129 130 127 128 126 125 124 123 122 119 122 122 123 121 120 120 118 117 116 121 121 121 121 121 121 120 121 121 118 114 111 112 111 112 110 111 113 114 114 114 115 117 118 118 118 118 117 119 117 118 116 116 116
133 134 134 136 136 134 133 131 130 127 128 128 127 129 125 128 126 124 124 124 123 124 125 125 125 125 125 125 124 127 128 137 138 138 141 133 135 134 134 129 129 129 129 129 131 129 129 127 124 127 122 123 119 121 122 119 122 118 121 119 120 121 121 120 123 119 120 121 121 118 117 118 113 113 122 114 109 111 110 111 112 113 113 115 115 115 116 117 117 117 117 118 117 119 119 117
135 133 135 137 137 135 132 131 130 131 131 127 127 127 126 127 127 125 123 123 123 123 124 125 125 125 124 124 124 125 127 138 140 142 143 133 137 139 137 139 132 130 129 130 130 129 130 126 126 126 124 122 121 120 121 120 130 119 119 120 120 122 118 120 118 117 120 120 123 118 118 115 118 113 118 122 112 112 110 110 111 111 113 115 115 116 117 117 117 117 118 119 117 119 119 117
135 136 136 137 137 137 133 134 132 131 131 128 128 126 125 123 123 125 123 123 123 123 125 124 124 124 123 123 124 125 125 131 138 138 144 134 139 142 143 141 140 137 131 132 131 130 130 129 127 125 126 120 121 122 117 116 116 115 118 115 117 117 120 120 117 119 116 119 122 118 121 121 119 118 117 118 116 122 119 111 111 111 112 114 115 116 117 117 117 118 119 119 119 120 118 118
136 136 136 136 137 137 136 134 134 132 132 130 129 127 126 122 124 122 124 124 124 122 124 123 123 123 123 123 123 124 126 127 131 132 135 135 143 144 145 144 144 142 134 130 133 130 130 127 126 125 126 123 122 119 117 115 113 111 116 114 115 117 121 118 117 117 118 114 114 113 112 115 115 113 116 116 120 122 126 126 114 111 112 113 118 118 119 120 120 119 120 120 120 120 119 119
135 135 136 135 135 135 136 135 134 134 131 132 130 128 126 123 123 121 123 125 125 125 124 122 122 122 122 122 121 123 124 128 130 131 136 143 142 143 145 145 129 142 131 130 132 132 130 127 124 123 124 122 123 122 117 115 114 112 112 114 116 118 122 121 115 117 119 115 113 111 110 110 110 111 117 119 117 118 119 126 130 114 114 120 124 132 126 129 125 126 121 120 120 123 123 124
