grids/precipitation/jun/RSMS_06_1882_01.asc
NCOLS 654
NROWS 866
XLLCORNER 3280414.711633467
YLLCORNER 5237500.62890625
CELLSIZE 1000
NODATA_VALUE -999
[rows 440 to 483 of 866, columns 480 to 575 of 654]
106 103 104 107 107 105 109 112 110 112 109 107 106 109 108 108 109 109 111 111 107 112 112 110 109 110 110 107 109 107 106 106 109 109 109 108 109 109 106 107 107 108 107 101 104 107 106 105 105 104 102 103 100 101 103 104 107 104 104 103 104 104 101 101 98 95 92 95 101 97 97 97 95 94 93 93 93 93 96 97 97 99 99 100 101 104 103 103 104 105 105 105 107 109 109 109
103 102 107 104 104 103 104 106 112 112 110 109 109 109 108 108 109 111 104 107 108 109 110 111 110 111 110 107 109 109 107 106 109 110 109 109 109 109 108 107 108 108 107 107 104 107 108 108 106 106 104 104 101 101 105 107 107 105 107 103 100 104 102 103 99 95 91 102 99 101 98 98 97 95 95 95 95 93 95 96 97 97 99 99 100 101 101 104 107 105 105 107 106 107 110 107
99 101 104 110 97 102 106 109 109 112 110 110 111 109 109 109 111 107 105 108 109 109 109 110 110 113 111 109 110 110 110 104 105 108 109 112 109 107 110 110 111 110 107 106 108 104 106 105 106 105 107 107 107 104 107 111 111 107 105 105 98 106 107 103 99 92 98 92 97 97 101 99 99 96 95 96 95 95 95 96 96 96 97 97 99 100 103 105 107 107 107 110 107 109 109 106
96 97 100 106 99 99 105 105 108 108 107 108 109 108 109 107 109 110 106 102 103 107 109 110 111 111 113 111 112 111 108 109 106 108 111 108 108 108 110 111 111 110 113 108 106 105 106 107 105 105 108 108 108 108 105 109 107 109 107 105 103 103 103 101 95 97 105 100 99 95 97 96 99 100 100 95 100 99 99 99 93 95 95 97 97 99 103 105 109 111 111 110 109 110 107 102
97 97 103 104 98 101 105 107 107 107 108 107 107 107 107 107 109 109 109 102 104 106 107 110 110 110 113 113 112 111 109 111 108 108 106 108 108 108 111 111 111 110 105 108 108 106 102 105 107 107 107 110 108 107 108 109 106 107 107 106 105 105 103 97 96 104 104 104 101 95 96 97 100 97 96 101 101 100 99 99 97 99 95 96 97 99 101 102 107 113 113 111 109 102 103 102
97 97 97 101 98 104 104 107 108 107 108 108 108 109 107 109 109 109 106 104 104 102 107 111 111 111 113 113 112 112 111 112 109 109 108 108 108 110 111 111 113 110 104 106 109 108 105 104 107 107 105 110 110 107 112 112 107 107 112 107 106 105 104 101 104 104 107 101 101 99 100 97 99 95 96 97 104 103 100 99 99 96 99 101 101 101 96 102 110 114 113 113 109 111 113 103
104 105 105 102 99 99 105 108 106 109 110 109 110 110 110 110 109 108 106 104 100 104 109 111 112 113 113 113 112 111 113 111 111 113 113 107 111 110 111 111 110 108 105 106 108 105 107 108 104 108 108 112 108 111 115 114 110 110 109 110 107 103 104 107 104 101 103 101 99 100 101 99 96 96 94 96 102 103 102 101 102 100 101 101 103 102 101 105 113 114 114 107 114 110 109 106
107 106 106 103 102 104 100 103 107 106 107 110 109 111 111 111 109 109 108 106 104 105 108 112 113 113 116 113 114 111 113 115 115 114 110 107 110 111 111 113 112 109 105 104 103 104 105 110 108 107 108 110 111 114 114 116 112 110 110 107 107 107 108 108 105 104 100 101 96 95 100 95 96 94 95 99 102 103 103 102 102 99 102 101 103 103 107 107 117 118 117 113 114 114 107 98
106 109 107 106 104 106 106 109 110 109 110 111 111 111 112 112 111 111 109 108 105 108 111 112 115 115 115 115 114 115 115 113 115 114 110 111 113 111 110 112 112 110 106 108 104 105 107 110 108 107 111 110 110 110 113 114 112 112 109 107 105 107 108 108 105 105 100 101 99 96 99 105 103 103 102 98 103 106 105 103 103 105 106 103 103 102 109 111 111 121 119 117 115 114 109 113
107 107 104 103 104 107 109 104 109 111 111 112 111 113 115 113 113 112 112 112 109 108 113 115 115 115 115 115 113 118 117 117 117 115 114 111 114 113 110 113 113 110 107 110 108 108 105 107 110 107 107 110 112 113 114 116 114 112 109 109 105 107 108 108 105 108 107 105 104 103 99 101 103 107 105 102 107 107 103 101 106 107 107 105 106 106 109 114 115 122 122 119 118 117 111 110
109 106 106 104 104 110 111 104 106 111 111 113 113 113 113 115 115 113 115 112 109 106 115 114 117 114 115 115 114 118 118 117 118 117 117 110 113 113 115 113 113 111 110 110 107 110 108 105 111 107 109 107 110 113 112 113 113 111 109 107 105 105 107 107 108 109 105 105 107 103 102 103 103 103 107 107 107 105 102 102 107 105 106 106 107 110 110 113 115 118 115 121 118 115 109 101
109 107 107 108 106 108 108 109 109 108 108 111 112 113 113 113 116 116 113 114 114 111 114 115 115 115 115 117 118 117 118 120 120 120 117 115 112 113 115 114 115 112 111 111 110 108 110 107 109 110 110 110 108 111 111 112 111 113 104 111 111 108 107 109 109 106 105 105 105 106 105 105 105 102 102 106 107 103 101 110 109 105 107 107 107 109 110 111 114 118 114 115 115 114 107 104
106 109 110 102 106 111 109 112 111 111 109 112 113 116 116 116 115 116 117 118 117 115 114 113 115 117 114 117 117 118 120 122 121 122 117 116 113 115 113 114 115 116 114 112 110 111 111 107 109 110 112 109 111 112 109 112 111 113 108 112 112 109 108 106 109 107 106 103 105 106 106 107 106 105 105 107 109 107 111 107 110 102 109 110 107 110 113 113 113 114 109 110 107 110 101 105
109 104 104 108 111 109 111 111 112 112 112 115 113 115 113 115 116 116 118 118 118 117 114 114 114 117 117 118 120 120 121 124 124 122 119 116 116 115 115 118 115 115 116 114 112 111 110 109 110 110 111 109 111 111 109 111 112 113 112 108 113 112 109 107 107 106 107 105 107 109 109 110 106 105 107 106 107 103 114 113 110 109 111 106 105 109 114 114 113 109 109 107 109 107 100 104
109 109 111 109 109 110 109 111 114 113 115 115 112 115 116 116 117 117 118 118 117 113 114 114 119 121 121 124 124 122 121 124 124 123 121 115 115 115 114 118 121 121 119 119 116 113 112 112 107 111 112 108 109 111 112 113 113 112 113 111 110 111 111 110 110 106 107 109 105 111 111 110 109 105 109 110 109 107 111 113 109 110 107 109 104 103 107 105 105 106 105 105 102 100 100 106
113 112 113 111 111 113 110 111 115 115 114 115 115 114 114 114 117 120 117 117 116 113 115 116 117 117 117 121 124 127 124 127 126 121 119 119 118 119 116 123 125 125 123 120 120 117 116 111 109 112 112 109 109 112 116 111 113 113 114 113 110 113 113 113 111 107 109 109 108 110 113 110 112 110 110 109 108 108 105 110 108 106 106 104 100 101 105 104 106 105 104 101 102 101 101 105
112 113 114 114 114 114 114 114 117 115 117 117 115 111 117 117 118 118 117 117 117 117 115 120 120 121 120 121 124 130 127 127 127 126 122 122 122 121 119 127 126 126 121 120 120 117 115 111 109 111 115 112 111 113 113 114 114 114 113 114 113 109 115 115 109 113 110 106 113 116 113 112 113 113 113 113 110 104 101 110 105 109 108 102 102 105 105 98 106 108 105 105 106 105 104 101
115 114 117 115 114 118 115 118 120 118 117 115 115 113 116 117 118 119 117 117 119 119 121 121 121 126 124 127 127 126 130 130 124 121 125 125 125 125 123 129 126 125 122 121 121 118 117 115 108 111 113 113 113 109 110 113 113 114 113 115 115 114 115 113 111 114 112 110 109 120 117 116 113 112 112 102 101 109 104 108 109 109 106 105 102 101 108 98 104 108 104 102 106 108 106 100
117 118 118 118 120 120 121 120 119 119 117 117 116 113 113 115 117 119 120 119 115 116 115 113 119 123 124 126 127 122 122 123 122 121 123 126 125 124 123 126 122 124 124 121 120 117 117 117 109 115 116 113 111 110 110 111 111 111 114 113 113 117 115 111 114 116 116 116 113 112 118 116 114 107 105 103 108 106 110 106 110 107 104 104 103 99 96 98 103 103 106 104 104 110 109 107
117 120 119 119 120 121 121 121 120 120 119 117 116 115 115 114 116 116 116 115 114 112 107 115 116 122 121 122 121 116 121 121 118 122 122 125 126 125 126 126 122 122 122 122 120 119 120 118 113 111 113 115 115 113 111 113 112 112 112 113 114 114 112 110 114 117 117 112 114 108 116 120 120 114 114 107 112 111 110 107 108 111 107 106 107 102 100 99 104 103 99 107 108 110 108 111
117 120 121 121 120 124 123 121 123 121 117 119 118 115 114 112 114 116 121 119 116 114 115 119 125 126 121 118 116 116 116 116 117 122 124 122 124 124 124 124 122 122 122 122 122 120 117 113 113 110 110 114 115 114 117 113 113 113 116 112 112 114 114 113 117 117 120 119 114 117 112 115 119 117 115 110 110 114 111 110 110 111 107 107 107 106 100 106 104 102 102 107 108 106 98 106
119 120 121 123 123 126 126 124 120 120 116 119 116 116 115 114 114 115 116 122 118 118 122 123 125 123 119 118 122 123 117 121 120 124 125 122 122 122 122 126 124 122 122 120 122 119 117 115 117 110 114 111 114 117 117 114 114 116 118 114 113 116 118 113 116 118 121 117 115 120 121 117 117 120 119 112 106 111 112 111 108 111 110 107 111 106 107 107 102 -999 -999 -999 -999 -999 -999 -999
116 118 121 121 122 126 130 126 123 118 119 118 116 113 113 113 115 118 116 118 119 119 122 125 126 123 118 126 125 122 117 120 122 125 125 122 122 121 122 125 122 123 122 122 119 115 117 118 117 111 113 115 113 114 117 117 117 120 118 116 117 117 117 112 117 119 120 121 120 120 129 120 123 121 115 113 110 107 110 111 112 111 110 108 110 107 108 110 104 -999 -999 -999 -999 -999 -999 -999
115 121 122 122 123 127 127 125 121 119 118 116 116 117 116 114 116 116 118 119 122 125 125 127 127 125 121 121 124 122 120 121 125 120 118 122 125 124 125 119 120 123 124 122 117 114 118 117 117 113 117 118 113 118 115 116 118 121 124 121 117 116 119 117 115 117 123 123 119 125 131 126 122 122 117 109 107 107 107 115 115 112 111 110 107 107 107 110 -999 -999 -999 -999 -999 -999 -999 -999
118 121 123 123 125 126 123 121 119 119 118 117 116 116 116 114 116 117 116 121 125 126 130 129 125 123 117 122 125 124 120 122 128 125 124 120 122 121 117 119 122 120 122 118 117 115 117 117 118 117 115 118 118 115 118 118 118 117 119 124 123 120 119 121 116 120 125 121 119 125 123 123 123 122 119 117 117 114 113 111 115 116 110 108 108 -999 -999 -999 -999 -999 -999 -999 -999 -999 -999 -999
121 125 125 125 126 121 121 119 118 119 117 117 116 118 114 116 117 117 120 123 125 127 129 125 121 118 118 124 128 125 121 120 124 126 126 125 122 120 117 116 116 117 118 118 118 118 117 118 119 117 122 121 121 122 120 122 122 122 116 120 120 120 121 121 119 116 121 123 121 127 128 124 127 119 121 117 119 110 110 112 114 115 110 107 -999 -999 -999 -999 -999 -999 -999 -999 -999 -999 -999 -999
122 126 125 126 121 121 121 121 118 120 120 118 120 117 114 116 118 120 124 125 125 128 125 121 124 118 118 124 128 125 125 124 122 126 128 126 124 122 116 115 116 118 118 119 118 119 121 118 121 118 119 122 125 126 118 117 122 120 125 121 119 119 123 121 121 121 117 120 120 122 126 124 126 124 121 122 122 114 118 114 113 105 108 103 -999 -999 -999 -999 -999 -999 -999 -999 -999 -999 -999 -999
121 119 121 120 121 121 121 122 122 120 121 121 121 121 120 117 116 117 120 121 124 126 124 122 126 121 125 120 121 125 131 129 128 125 125 124 123 126 123 121 121 119 121 123 123 123 125 121 122 121 121 124 124 128 128 121 117 120 119 123 121 120 120 124 123 125 123 122 119 123 126 126 124 126 124 122 119 119 119 114 117 109 109 107 109 -999 -999 -999 -999 -999 -999 -999 -999 -999 -999 -999
118 116 118 118 118 120 121 124 125 124 124 121 121 122 120 120 121 124 124 120 120 128 129 128 129 124 125 124 124 131 135 136 129 129 124 126 127 126 123 123 126 126 125 122 123 122 123 124 121 124 124 125 124 128 129 124 121 121 123 124 124 124 124 125 120 124 123 119 124 118 126 123 126 128 127 123 122 115 119 117 118 113 107 110 113 -999 -999 -999 -999 -999 -999 -999 -999 -999 -999 -999
115 116 116 118 120 121 122 125 122 124 124 122 122 121 118 122 120 124 125 126 120 124 131 132 126 126 129 126 122 133 136 139 136 132 128 127 128 127 125 126 123 125 122 121 122 125 125 125 126 129 130 129 128 126 127 127 120 117 123 124 125 125 123 125 121 124 121 118 123 123 119 123 127 128 124 123 124 123 119 119 119 117 113 -999 -999 -999 -999 -999 -999 -999 -999 -999 -999 -999 -999 -999
116 117 120 121 121 124 126 126 125 124 124 125 124 122 124 125 129 127 128 125 121 128 135 132 131 130 131 131 121 126 135 141 136 130 130 127 128 127 126 125 125 125 122 121 123 126 130 130 129 126 125 124 121 121 124 125 123 120 120 120 123 124 120 124 123 119 123 122 122 123 123 118 123 121 122 124 124 126 122 121 119 115 111 -999 -999 -999 -999 -999 -999 -999 -999 -999 -999 -999 -999 -999
117 116 118 124 125 126 128 128 128 126 124 126 126 127 130 131 136 138 134 132 128 128 130 132 132 131 128 127 120 127 131 138 139 138 135 126 126 129 126 123 122 121 125 121 122 125 128 130 130 128 128 124 124 123 123 128 124 123 125 121 120 117 114 110 111 110 118 121 122 123 123 122 118 -999 -999 -999 -999 -999 -999 -999 122 -999 -999 -999 -999 -999 -999 -999 -999 -999 -999 -999 -999 -999 -999 -999
118 116 121 122 124 128 128 128 126 126 126 127 128 130 134 140 139 136 135 132 128 127 131 132 132 130 124 122 122 130 136 139 142 140 132 127 127 129 125 122 121 125 122 121 121 121 125 126 129 129 128 125 124 124 120 128 125 125 128 127 127 123 119 118 115 110 113 -999 -999 -999 -999 -999 -999 -999 -999 -999 -999 -999 -999 -999 -999 -999 -999 -999 -999 -999 -999 -999 -999 -999 -999 -999 -999 -999 -999 -999
118 116 120 125 126 129 129 129 129 131 130 131 132 136 144 142 134 136 130 131 126 132 132 132 128 131 123 130 131 132 140 142 140 147 135 131 123 121 129 125 123 122 121 121 121 122 124 128 129 129 125 125 125 124 121 129 128 125 123 125 123 120 119 117 117 113 111 -999 -999 -999 -999 -999 -999 -999 -999 -999 -999 -999 -999 -999 -999 -999 -999 -999 -999 -999 -999 -999 -999 -999 -999 -999 -999 -999 -999 -999
117 119 120 124 128 130 132 135 135 135 135 136 140 143 140 140 136 135 135 138 138 136 134 132 130 124 123 130 135 138 138 138 141 142 139 134 130 129 129 131 129 126 125 124 126 125 126 125 124 124 123 121 123 123 123 125 124 124 124 120 -999 -999 -999 -999 -999 -999 -999 -999 -999 -999 -999 -999 -999 -999 -999 -999 -999 -999 -999 -999 -999 -999 -999 -999 -999 -999 -999 -999 -999 -999 -999 -999 -999 -999 -999 -999
117 117 120 126 130 131 136 138 138 140 139 143 140 136 136 141 138 139 140 139 135 130 130 128 130 131 123 134 133 135 137 138 133 139 139 134 129 126 127 129 129 128 126 124 125 125 125 123 124 124 121 123 123 125 129 125 123 124 121 122 -999 -999 -999 -999 -999 -999 -999 -999 -999 -999 -999 -999 -999 -999 -999 -999 -999 -999 -999 -999 -999 -999 -999 -999 -999 -999 -999 -999 -999 -999 -999 -999 -999 -999 -999 -999
119 119 124 128 128 131 136 140 138 140 142 139 135 134 134 142 142 137 143 134 131 131 132 128 131 127 127 130 135 137 137 137 133 137 138 134 127 129 122 120 128 126 125 124 128 126 121 121 123 121 124 125 121 124 128 120 119 123 132 131 122 -999 -999 -999 -999 -999 -999 -999 -999 -999 -999 -999 -999 -999 -999 -999 -999 -999 -999 -999 -999 -999 -999 -999 -999 -999 -999 -999 -999 -999 -999 -999 -999 -999 -999 -999
123 123 124 128 130 136 135 143 140 144 140 135 136 139 138 143 142 141 135 136 134 131 132 131 128 130 121 129 131 135 135 134 134 138 138 134 134 125 126 120 120 122 124 122 122 124 117 123 121 123 124 123 124 124 123 117 123 127 130 130 128 -999 -999 -999 -999 -999 -999 -999 -999 -999 -999 -999 -999 -999 -999 -999 -999 -999 -999 -999 -999 -999 -999 -999 -999 -999 -999 -999 -999 -999 -999 -999 -999 -999 -999 -999
126 127 127 128 135 136 136 143 143 143 139 134 138 137 139 138 143 143 138 137 134 131 136 134 129 131 122 129 126 129 133 133 133 137 134 133 129 128 130 128 122 122 117 118 119 120 120 123 127 125 124 121 119 123 123 121 123 130 131 132 -999 -999 -999 -999 -999 -999 -999 -999 -999 -999 -999 -999 -999 -999 -999 -999 -999 -999 -999 -999 -999 -999 -999 -999 -999 -999 -999 -999 -999 -999 -999 -999 -999 -999 -999 -999
128 128 128 132 136 135 139 139 142 138 141 137 141 139 141 137 137 138 138 137 134 134 135 130 131 127 123 122 121 125 129 133 134 134 133 130 130 128 129 132 126 122 118 115 115 119 120 120 123 127 121 120 120 121 119 128 123 128 128 -999 -999 -999 -999 -999 -999 -999 -999 -999 -999 -999 -999 -999 -999 -999 -999 -999 -999 -999 -999 -999 -999 -999 -999 -999 -999 -999 -999 -999 -999 -999 -999 -999 -999 -999 -999 -999
126 130 131 136 134 135 139 142 145 143 141 134 137 139 138 137 139 141 134 135 129 131 135 130 134 129 123 126 127 129 130 134 133 130 133 130 129 124 126 129 132 130 123 117 114 114 117 120 123 127 120 115 117 117 123 126 128 131 130 -999 -999 -999 -999 -999 -999 -999 -999 -999 -999 -999 -999 -999 -999 -999 -999 -999 -999 -999 -999 -999 -999 -999 -999 -999 -999 -999 -999 -999 -999 -999 -999 -999 -999 -999 -999 -999
128 130 134 139 138 139 143 146 143 143 135 135 139 141 138 141 138 135 134 134 133 134 133 134 129 129 119 122 125 127 133 134 131 131 128 129 128 126 129 128 129 132 124 124 121 116 115 115 116 123 119 123 121 121 123 124 128 127 128 -999 -999 -999 -999 -999 -999 -999 -999 -999 -999 -999 -999 -999 -999 -999 -999 -999 -999 -999 -999 -999 -999 -999 -999 -999 -999 -999 -999 -999 -999 -999 -999 -999 -999 -999 -999 -999
128 131 134 136 138 139 145 143 145 143 138 138 143 145 145 142 142 141 139 134 134 137 135 134 133 127 119 126 123 130 131 133 131 128 128 129 128 126 122 132 127 129 127 124 120 117 121 119 115 119 117 121 124 126 123 130 127 126 -999 -999 -999 -999 -999 -999 -999 -999 -999 -999 -999 -999 -999 -999 -999 -999 -999 -999 -999 -999 -999 -999 -999 -999 -999 -999 -999 -999 -999 -999 -999 -999 -999 -999 -999 -999 -999 -999
132 134 136 138 139 146 143 146 145 147 142 142 146 147 143 142 143 146 141 137 133 137 137 132 130 126 122 121 127 129 130 132 130 130 133 129 128 126 132 121 128 127 127 129 124 123 125 129 119 -999 -999 119 118 124 124 130 124 -999 -999 -999 -999 -999 -999 -999 -999 -999 -999 -999 -999 -999 -999 -999 -999 -999 -999 -999 -999 -999 -999 -999 -999 -999 -999 -999 -999 -999 -999 -999 -999 -999 -999 -999 -999 -999 -999 -999
