grids/precipitation/jun/RSMS_06_1882_01.asc
NCOLS 654
NROWS 866
XLLCORNER 3280414.711633467
YLLCORNER 5237500.62890625
CELLSIZE 1000
NODATA_VALUE -999
[rows 264 to 307 of 866, columns 192 to 287 of 654]
103 103 104 105 105 105 106 106 106 106 107 107 107 107 109 110 110 110 108 109 109 107 108 110 110 110 109 109 109 111 110 110 110 111 109 107 107 107 105 103 103 103 103 102 102 102 101 101 101 101 100 99 99 99 99 97 97 97 96 94 94 94 93 92 92 92 92 90 90 91 93 93 93 94 95 96 96 96 96 98 98 98 98 98 98 98 98 95 95 95 94 93 93 94 94 94
103 103 104 106 105 105 107 106 106 107 107 108 107 107 109 109 109 109 110 110 107 107 108 111 110 110 112 111 109 109 110 110 110 111 111 109 108 107 105 105 103 104 103 102 102 101 101 101 102 102 100 100 99 99 98 98 97 96 96 94 94 94 93 92 92 92 91 91 90 91 93 93 93 94 95 96 96 96 96 98 98 98 98 99 98 98 96 95 95 94 94 93 93 93 91 93
103 105 105 106 106 107 107 107 107 107 106 107 108 107 109 109 109 109 108 108 108 109 109 111 109 110 112 111 109 111 110 110 110 111 111 111 108 108 106 105 103 104 104 103 103 101 101 102 102 102 101 101 99 99 99 98 98 96 96 94 94 93 93 93 93 91 91 91 91 93 93 93 93 95 95 95 95 96 96 98 98 98 99 99 98 98 96 95 95 94 93 93 91 91 90 89
105 105 106 106 108 107 107 107 107 107 106 107 108 107 109 109 109 109 108 108 108 107 109 109 109 109 112 109 109 111 109 110 110 110 109 111 109 106 106 105 105 104 103 103 103 103 104 101 102 102 101 102 102 100 101 98 98 98 95 94 93 93 93 93 93 93 93 93 93 93 93 93 95 95 95 95 95 95 95 97 97 97 98 99 98 98 96 95 94 94 93 91 90 90 90 88
105 105 106 108 108 108 107 107 108 108 109 107 110 107 108 109 109 109 109 108 108 108 109 109 109 109 109 109 109 109 111 110 110 109 110 111 108 106 106 105 105 105 104 103 103 103 102 102 102 102 101 102 102 103 101 99 98 98 95 93 93 93 93 93 93 93 93 93 93 93 93 95 95 95 95 95 95 95 95 97 97 97 97 98 98 98 96 95 94 94 93 91 90 90 89 86
103 106 108 108 108 108 109 109 107 108 110 109 110 107 108 109 109 109 109 109 108 108 110 110 109 109 109 110 109 109 111 110 110 109 109 109 109 106 106 105 105 104 105 103 103 103 102 102 102 102 102 104 104 102 101 99 99 98 95 93 93 93 93 93 93 93 91 93 93 92 93 95 95 94 94 95 95 95 95 97 97 97 98 98 98 96 96 95 94 93 91 91 90 90 89 86
106 106 108 109 109 109 109 109 109 107 110 108 107 109 108 108 109 109 109 109 109 108 108 107 109 109 109 110 110 109 109 109 109 107 109 109 111 106 106 106 106 105 105 105 103 104 101 101 102 102 102 101 102 102 101 99 99 98 97 93 93 93 93 93 93 91 91 91 92 91 93 93 93 94 94 95 95 97 95 97 97 98 97 97 95 95 94 94 93 93 91 91 90 90 90 89
107 107 108 109 109 109 109 109 108 109 110 108 110 109 108 108 108 109 109 109 109 107 108 108 110 109 109 110 109 108 108 107 107 107 109 109 111 106 106 106 106 105 105 103 104 104 102 101 101 101 101 101 100 100 100 99 97 97 95 93 93 93 91 91 91 89 91 90 89 91 92 92 92 93 94 95 96 97 97 98 97 97 97 96 95 95 94 93 93 92 93 91 91 90 90 90
107 107 110 109 109 109 109 108 109 109 109 110 110 110 109 108 108 108 109 109 109 107 108 110 108 109 109 112 113 110 108 107 107 107 107 106 106 106 106 108 106 106 105 103 104 104 103 101 101 101 100 100 100 100 99 98 98 97 95 93 94 94 91 89 89 89 89 89 89 89 91 92 92 92 93 96 96 96 97 98 98 97 96 95 95 95 93 93 93 93 92 91 91 91 90 91
109 107 110 109 109 109 109 109 108 109 109 110 110 110 110 109 108 108 108 109 107 107 107 108 108 107 109 111 113 110 108 108 107 107 107 106 106 106 107 106 106 105 105 103 104 104 103 102 101 101 100 100 99 100 99 98 98 95 94 93 94 93 92 89 89 88 88 89 89 90 91 91 92 93 93 95 96 97 98 100 98 97 96 95 95 93 93 92 93 93 92 91 91 91 91 91
111 110 109 110 110 109 109 108 109 109 109 110 110 111 111 110 110 108 108 110 109 109 109 110 108 107 110 109 111 110 110 109 109 107 107 107 106 106 107 107 106 105 105 106 104 105 103 102 101 101 100 100 100 98 99 97 96 95 95 94 93 92 91 91 88 88 88 89 89 89 90 90 92 92 93 94 95 96 96 98 96 96 95 94 93 93 92 92 92 91 92 92 92 91 91 92
112 111 111 110 110 110 109 109 109 109 109 110 112 112 111 111 113 112 110 109 109 109 108 110 108 108 109 109 109 109 109 109 110 109 107 106 106 106 107 106 106 105 105 105 105 107 103 102 101 101 100 98 99 99 97 96 95 95 95 93 93 93 89 89 89 89 88 88 88 90 90 91 91 91 92 93 92 94 96 96 94 94 94 92 91 92 92 92 92 92 91 91 91 92 92 92
112 112 111 110 110 110 109 109 109 109 111 110 112 112 111 111 111 113 113 110 109 109 109 110 108 110 107 108 111 109 109 110 110 110 109 106 106 106 107 106 106 106 105 104 105 105 103 101 101 102 103 100 100 99 98 95 95 95 95 91 91 91 89 88 88 88 87 88 90 90 90 92 92 94 94 94 92 92 94 94 94 94 93 92 91 91 91 92 92 92 92 91 91 91 91 92
112 112 111 111 110 110 110 110 109 109 111 112 112 112 112 112 111 111 115 111 109 110 109 110 110 110 107 110 108 108 109 109 110 110 109 107 106 106 107 106 106 107 106 105 105 105 103 102 102 103 101 99 101 99 97 95 95 95 94 91 91 90 89 88 88 87 88 88 88 90 92 92 92 92 93 94 93 93 92 94 94 92 91 91 91 91 91 91 92 92 92 90 91 91 92 92
112 112 112 111 111 111 111 109 110 110 111 112 112 112 112 112 113 113 116 113 111 111 109 109 110 110 110 110 109 108 109 111 109 110 108 107 106 106 107 107 108 108 107 108 107 105 106 102 100 100 101 99 98 98 96 95 95 93 93 92 91 89 88 88 88 87 89 88 88 89 90 90 90 92 92 92 92 92 91 91 92 90 90 90 90 90 90 91 91 91 92 92 92 92 92 92
112 112 112 110 110 109 111 109 109 112 112 112 112 111 112 114 114 113 114 115 113 112 110 109 110 110 110 110 110 110 108 109 108 109 108 107 105 106 107 108 108 110 110 107 106 106 104 102 100 100 98 98 97 96 95 95 94 93 92 91 90 90 89 88 87 88 89 88 88 88 90 91 90 90 90 91 91 90 90 89 89 89 90 90 91 92 92 91 91 92 91 91 91 92 92 93
112 112 110 110 110 110 109 109 111 111 112 112 112 111 114 114 114 113 114 115 115 113 112 110 110 110 110 110 110 110 108 108 108 107 107 106 105 105 106 108 108 107 109 107 106 105 102 100 100 100 100 98 97 96 95 93 93 92 91 90 90 89 88 87 87 88 88 88 88 90 89 90 90 90 89 90 92 90 89 89 89 88 89 90 91 91 92 92 92 92 91 91 91 91 92 93
112 111 109 109 110 109 109 109 111 111 112 113 112 112 114 114 114 116 115 114 115 113 113 111 110 110 110 110 110 110 108 108 108 106 105 104 105 105 106 107 108 107 107 107 105 104 102 100 102 100 99 99 97 96 95 93 93 92 90 90 89 88 87 87 87 87 88 88 88 88 89 89 89 89 89 90 90 89 87 87 89 89 87 89 91 91 92 92 92 92 92 91 92 92 92 93
110 109 109 108 109 109 107 109 111 112 112 112 113 112 114 114 116 116 116 115 114 116 113 112 112 112 110 110 109 108 108 105 104 104 104 104 106 105 105 106 105 105 105 105 103 102 100 99 98 98 98 98 97 95 94 95 93 92 92 90 89 87 87 86 86 86 86 87 87 88 88 90 89 89 88 87 87 88 87 87 87 87 87 89 90 90 92 93 92 92 93 92 91 91 91 91
108 108 108 107 108 108 108 110 112 111 112 113 113 113 114 116 116 117 116 116 116 117 115 112 112 112 110 110 109 109 107 106 103 103 103 102 104 104 105 104 104 105 103 102 101 101 99 98 97 97 98 98 97 95 94 94 93 92 91 88 88 87 86 86 85 85 85 86 86 87 87 89 88 88 86 86 85 85 85 85 85 85 87 87 88 89 91 93 92 94 92 91 90 90 91 91
108 108 107 107 107 108 108 112 112 112 112 113 113 113 115 116 116 117 116 116 118 119 117 112 112 112 112 110 109 109 107 104 103 103 103 102 104 103 105 104 104 104 103 101 100 100 98 97 97 97 96 97 95 95 93 94 93 92 90 88 87 87 85 85 85 85 85 86 87 87 87 86 87 87 86 84 84 84 84 84 84 85 87 87 87 88 90 92 94 92 91 91 90 90 90 90
108 107 105 107 107 108 109 111 112 113 113 114 113 113 115 116 116 116 116 117 118 119 117 115 112 112 112 110 109 109 107 105 104 103 103 102 104 102 102 103 105 104 102 101 100 98 98 97 97 97 95 95 95 95 93 94 93 92 91 88 87 86 85 85 85 84 86 87 86 86 85 85 85 85 84 84 84 84 84 84 84 84 85 87 87 88 89 93 92 92 91 91 91 91 90 90
111 108 107 107 108 108 110 111 112 113 113 115 114 114 115 115 116 117 117 117 116 118 117 116 113 112 112 112 110 109 107 105 104 104 103 100 102 103 104 103 105 104 103 99 99 97 98 96 94 94 94 93 93 93 93 93 91 91 90 88 87 85 85 85 84 84 84 84 83 84 83 83 83 83 83 83 83 84 84 84 84 84 85 86 87 89 90 91 90 91 91 90 91 91 90 88
114 114 110 108 110 110 110 113 115 114 115 115 113 112 115 116 116 117 116 117 117 116 118 116 114 113 112 112 112 110 107 107 107 104 103 102 104 103 104 104 104 104 102 99 99 97 95 93 92 92 92 93 92 93 91 91 90 90 89 87 86 85 85 84 83 82 82 84 81 81 81 81 81 80 81 81 81 82 83 83 83 84 84 85 86 87 88 89 88 89 90 89 89 90 87 87
115 114 112 110 110 110 111 115 115 115 115 115 113 115 116 116 116 115 118 117 117 117 116 114 116 114 112 112 112 112 109 107 107 107 104 105 104 104 106 107 106 107 105 101 99 98 94 90 90 90 91 91 92 91 91 90 90 88 88 87 86 85 84 84 82 82 83 81 80 80 80 79 79 79 80 81 81 81 81 83 83 83 84 86 87 87 88 88 88 88 89 89 89 89 88 87
115 115 114 112 111 111 114 115 115 116 116 115 115 115 116 116 116 116 118 118 117 117 116 115 114 114 113 112 112 112 110 107 107 109 107 106 105 104 109 111 109 111 109 104 101 98 92 88 89 88 89 91 92 91 91 91 90 90 88 87 87 86 84 82 84 83 82 81 81 81 78 78 79 78 79 81 81 81 81 81 83 83 84 85 86 87 86 88 88 88 88 88 89 88 86 86
119 119 116 114 114 114 115 115 115 116 116 116 115 115 116 116 116 117 116 116 116 114 116 116 116 114 113 112 111 112 113 111 110 112 109 109 108 109 112 113 115 120 115 110 105 98 89 83 85 87 89 90 93 92 93 91 90 88 87 85 85 84 82 83 81 80 81 78 79 78 78 77 77 77 78 78 79 80 81 81 81 81 82 82 84 86 85 87 88 87 88 87 87 86 85 83
120 119 119 116 116 116 115 118 118 117 116 116 115 115 114 115 117 116 116 116 116 114 117 116 116 114 114 113 113 112 115 115 114 114 111 110 112 111 113 115 118 126 121 113 107 103 93 88 89 88 89 90 92 91 91 91 90 90 87 84 84 83 82 81 80 80 79 77 77 77 77 76 76 76 77 77 77 77 79 79 79 81 81 82 83 84 86 86 87 86 86 86 87 85 85 85
122 120 118 116 116 116 116 118 118 118 117 115 115 116 115 117 117 115 116 116 116 116 117 116 116 115 114 113 113 113 114 112 115 114 112 112 111 111 114 118 118 122 126 114 109 105 97 91 92 90 92 93 92 92 92 91 90 90 86 84 83 83 81 79 80 80 78 77 77 77 76 75 75 75 76 77 77 77 78 79 79 80 81 82 82 83 84 85 87 85 86 86 86 86 85 86
120 120 118 117 116 117 118 118 118 118 118 115 116 116 116 118 117 117 116 116 116 116 116 117 115 115 114 114 113 113 115 115 115 112 115 112 111 112 114 116 117 118 120 111 109 104 101 94 93 91 93 94 92 93 92 91 89 88 85 84 83 81 80 78 80 78 77 77 77 76 75 75 75 75 75 76 77 77 77 78 79 79 80 80 82 83 83 85 85 85 86 87 86 86 86 87
119 119 119 119 118 118 118 118 118 118 118 116 117 119 119 118 116 115 117 116 117 117 118 118 117 116 115 114 114 115 118 115 116 114 114 113 113 112 115 114 115 114 110 105 109 104 102 98 98 94 94 95 95 94 93 92 90 88 86 85 82 80 79 78 77 76 76 76 75 75 74 75 75 75 74 75 76 76 77 77 78 79 80 80 81 82 83 84 86 86 86 87 87 88 88 88
118 118 119 119 122 119 119 119 119 118 118 119 119 119 119 119 119 118 117 117 119 118 119 118 118 117 115 116 114 115 116 115 115 115 114 115 115 113 114 114 113 113 109 107 106 105 103 101 99 97 98 95 97 96 94 92 91 90 87 82 81 80 80 77 77 75 75 75 73 74 74 74 73 74 74 75 74 75 76 76 76 77 78 78 79 81 83 85 85 86 87 88 90 90 90 91
122 118 122 122 120 122 120 119 119 119 118 119 119 119 119 119 119 119 118 119 119 119 119 119 118 116 117 116 116 116 115 115 115 115 115 115 115 114 114 111 111 110 109 107 105 103 102 100 99 98 98 98 97 97 95 93 91 90 85 81 80 80 79 77 77 77 75 74 74 74 74 73 74 73 74 74 74 75 76 76 76 77 78 79 79 80 83 85 85 86 89 91 90 90 91 91
120 119 122 121 120 120 120 120 119 119 119 120 121 121 121 119 119 119 119 119 119 119 120 119 118 118 117 116 116 116 116 115 115 115 116 117 115 115 114 111 111 108 108 105 103 103 101 100 99 98 99 98 97 98 98 95 91 89 85 81 80 78 78 76 76 77 76 75 75 74 74 74 73 74 74 74 74 75 76 76 76 76 77 78 79 81 82 85 85 86 89 90 90 90 92 91
121 121 122 121 121 121 121 122 122 121 121 121 122 122 121 119 119 120 120 120 119 119 120 119 119 118 118 117 116 116 115 116 114 117 116 118 117 116 115 112 111 109 108 105 105 103 101 100 99 99 100 99 99 99 99 97 92 89 85 82 79 78 77 76 75 76 75 75 76 76 75 75 75 75 75 74 75 76 76 75 75 76 77 77 79 81 82 84 85 87 89 90 90 91 91 91
121 120 121 121 123 123 122 122 121 120 119 122 122 122 122 122 121 121 121 121 120 122 122 122 118 119 118 117 116 116 116 114 115 115 117 118 119 118 115 114 112 111 108 105 105 103 101 100 100 99 100 100 99 99 98 95 92 90 84 80 77 75 75 75 75 75 76 76 76 76 75 75 76 74 75 75 76 76 76 75 75 75 76 79 79 80 83 85 85 87 90 90 91 91 91 90
121 121 121 123 121 123 121 121 122 121 122 122 122 122 123 121 121 121 121 122 121 122 122 122 120 118 118 117 116 116 116 114 115 114 117 118 119 118 115 113 112 111 108 105 105 103 103 100 100 101 98 99 99 98 96 93 92 90 84 80 77 76 74 75 75 75 76 76 76 76 77 76 75 75 75 77 76 76 76 75 75 76 77 79 79 80 83 86 86 86 89 91 90 90 90 90
121 121 121 123 123 123 121 121 122 121 124 122 122 124 124 123 121 121 121 122 122 122 123 121 120 118 117 117 116 118 117 115 114 114 117 118 121 118 116 113 112 110 108 106 105 105 103 102 101 101 100 98 100 99 96 93 92 89 85 80 78 75 73 76 75 75 75 77 77 79 79 77 76 76 77 77 76 76 76 75 75 76 78 79 79 81 83 86 87 89 89 91 91 90 91 90
120 120 120 123 121 123 123 121 123 125 122 122 123 125 122 123 123 123 122 121 124 122 123 122 119 118 117 116 117 118 117 116 115 115 115 117 118 118 116 114 112 110 109 107 105 105 103 103 102 100 100 100 98 97 97 94 92 90 86 81 79 75 75 77 78 75 76 77 78 81 79 79 77 76 77 76 76 75 75 75 76 77 77 79 80 82 84 84 86 89 89 91 91 91 91 91
116 119 119 120 120 122 122 124 122 123 125 125 126 127 126 127 126 125 123 124 122 122 122 119 119 119 118 116 118 117 116 114 116 116 117 117 115 117 115 114 112 111 109 107 106 107 105 107 107 106 99 98 95 99 98 93 92 90 87 83 81 79 76 75 77 75 76 77 78 82 81 80 79 77 78 76 77 76 76 76 77 77 78 80 82 82 84 86 87 88 89 91 91 91 91 90
117 117 119 120 120 120 120 122 122 122 125 125 126 128 129 127 127 127 126 124 124 124 123 119 119 120 118 117 118 118 117 114 114 116 116 117 115 116 115 114 112 111 110 110 108 109 107 108 105 103 103 97 96 99 99 98 94 92 89 84 84 82 80 77 77 78 78 78 78 79 80 79 79 78 78 76 76 76 77 77 77 78 79 80 82 81 84 86 87 87 89 91 91 91 91 90
118 116 118 120 121 121 121 123 122 124 124 125 126 128 128 130 128 129 129 126 124 122 124 120 119 119 120 119 119 116 114 115 114 113 115 115 115 115 115 112 113 112 111 111 110 109 111 109 103 103 104 98 98 99 104 103 100 95 93 88 85 84 82 79 77 77 78 82 78 77 79 79 78 80 77 78 77 77 78 77 77 78 80 80 81 82 84 85 87 88 89 91 91 92 92 91
119 119 124 124 134 125 124 124 125 126 126 126 127 129 130 131 130 130 128 127 126 125 122 121 120 121 120 119 118 116 116 115 112 112 113 113 112 115 114 113 112 113 112 113 112 113 116 110 104 102 101 99 98 100 108 110 106 99 95 92 91 87 85 84 81 79 79 78 77 76 77 78 79 79 80 79 79 79 80 78 78 79 80 81 82 82 84 86 87 88 90 90 91 91 92 91
126 129 144 145 150 150 143 131 129 129 125 127 129 129 130 132 134 133 130 128 128 126 123 121 121 122 119 117 119 116 114 112 113 112 111 112 112 113 114 113 113 115 114 115 116 118 117 108 107 104 103 101 100 102 107 114 108 107 102 97 94 92 89 85 83 81 78 78 76 76 77 79 79 80 80 80 81 81 80 80 81 81 81 81 82 83 84 86 86 88 91 92 90 92 92 92
