grids/precipitation/jun/RSMS_06_1883_01.asc
NCOLS 654
NROWS 866
XLLCORNER 3280414.711633467
YLLCORNER 5237500.62890625
CELLSIZE 1000
NODATA_VALUE -999
[rows 742 to 794 of 866, columns 288 to 383 of 654]
81 79 81 83 83 82 83 83 82 84 84 87 87 86 86 86 87 87 88 90 88 91 90 89 90 90 92 91 94 97 100 99 95 102 103 101 96 96 102 100 103 108 110 110 111 110 110 108 105 115 115 114 115 117 117 114 112 110 113 116 116 121 114 112 114 122 124 120 118 119 116 120 120 119 119 120 120 121 128 128 129 124 124 130 131 138 137 135 139 133 133 133 133 139 139 140
79 77 76 79 82 83 84 83 84 85 85 88 90 87 86 87 88 88 89 88 90 93 90 91 90 90 92 92 94 98 98 97 95 96 104 103 97 96 103 103 105 111 110 113 114 112 108 110 108 114 119 115 112 112 113 113 112 115 118 121 117 115 112 112 117 122 124 120 119 119 118 123 123 121 120 121 121 121 128 125 125 126 125 132 134 135 133 132 136 133 134 133 142 141 139 141
75 74 77 79 81 82 83 84 84 85 87 91 92 87 88 88 88 88 91 90 90 90 92 92 90 91 92 93 96 99 100 95 96 101 100 104 97 97 101 106 108 110 111 113 113 105 107 109 110 120 115 113 112 112 113 111 114 115 118 122 117 112 112 117 118 124 121 117 119 119 121 124 122 121 119 121 122 123 128 125 128 123 127 129 130 135 134 136 133 136 139 140 142 144 140 138
74 74 78 80 81 82 83 84 85 88 90 92 92 87 89 88 88 88 93 91 89 90 94 93 92 92 94 96 94 98 101 98 97 104 102 103 100 99 100 106 108 112 114 115 109 107 110 108 108 113 114 114 111 112 111 109 109 114 116 114 112 112 115 117 119 123 124 117 118 120 122 124 122 122 121 122 122 123 128 129 125 129 130 128 128 133 137 138 141 139 144 140 138 136 139 138
75 75 79 79 82 82 84 85 85 90 90 89 92 93 91 89 90 90 94 93 91 91 97 97 95 95 98 97 97 101 100 102 97 103 104 107 102 101 102 108 109 110 114 114 115 113 108 113 111 112 113 112 111 112 111 111 111 115 113 112 114 117 114 123 125 123 120 118 119 120 122 122 122 122 121 122 122 122 126 125 124 131 133 130 131 135 133 139 140 142 140 140 139 140 133 138
74 76 79 80 81 81 84 85 87 91 92 94 94 91 90 90 90 90 93 95 93 94 93 97 97 97 100 100 99 100 101 104 100 103 107 107 104 101 102 108 111 113 114 113 114 109 108 110 109 112 111 112 111 112 112 114 117 115 113 116 118 122 119 124 125 124 118 118 118 122 122 122 122 122 122 122 122 122 123 124 124 129 132 134 129 134 137 141 140 140 141 142 140 140 136 135
74 76 79 81 83 82 86 87 87 87 92 94 94 93 90 91 91 91 92 97 95 93 96 97 99 99 101 101 102 101 101 103 101 101 106 108 107 101 103 107 112 113 114 111 114 108 109 110 108 110 110 111 112 113 114 116 117 119 114 116 116 124 116 123 125 126 122 118 118 118 122 122 122 122 121 121 122 123 123 125 132 128 133 132 134 132 136 138 139 137 137 138 138 135 133 135
74 76 78 82 84 85 87 88 87 88 91 94 94 94 91 91 91 91 93 97 95 95 99 97 99 100 102 102 102 101 101 107 102 100 106 109 104 101 103 109 112 113 115 113 107 109 109 109 108 110 111 111 114 118 120 117 114 114 116 118 121 125 120 125 126 124 119 118 118 119 122 123 122 122 121 122 123 122 124 124 130 131 134 131 135 137 134 140 140 139 139 137 138 136 135 138
75 75 79 81 83 85 87 88 87 88 90 92 94 94 93 91 92 92 94 97 96 96 99 99 101 102 102 102 104 104 101 108 104 102 103 107 107 103 103 105 110 114 114 114 109 107 106 108 110 112 115 117 124 121 122 120 115 118 124 121 124 122 119 123 122 120 118 116 119 121 122 124 123 122 122 122 122 122 124 123 131 130 134 135 134 139 139 140 141 141 141 138 137 135 137 138
73 74 79 81 85 83 88 90 91 88 90 92 92 96 94 92 92 92 95 98 97 96 99 100 104 103 103 104 104 104 102 104 108 102 104 106 108 103 104 105 111 113 115 111 106 104 106 111 117 120 123 120 123 118 114 116 122 122 119 126 124 121 121 123 122 123 117 119 120 122 123 122 123 123 122 122 121 122 122 124 129 130 134 138 138 137 137 138 137 139 136 135 138 136 138 136
71 75 80 83 85 85 88 91 90 88 91 92 92 95 96 94 93 93 94 98 97 96 102 102 106 103 105 106 104 105 104 105 107 103 109 109 110 105 105 106 107 115 115 111 104 106 112 113 119 117 120 117 116 116 117 118 123 125 118 126 125 124 115 121 122 115 118 119 120 122 123 123 123 123 122 122 122 121 122 125 130 131 135 139 137 137 141 140 140 136 137 136 136 135 137 136
72 75 79 82 85 85 90 92 92 89 91 91 92 94 97 95 95 93 96 99 99 98 103 103 106 106 106 108 106 102 104 104 106 103 106 111 108 108 105 105 106 111 115 108 104 105 111 114 120 120 117 123 125 119 118 125 121 128 119 125 122 122 123 123 121 117 118 119 122 122 122 123 124 122 122 122 122 121 122 124 127 131 135 134 139 138 134 138 136 136 138 137 136 136 135 138
75 75 80 83 85 85 89 92 93 89 92 93 94 95 98 95 95 95 100 102 99 98 104 104 105 106 107 107 106 104 104 106 109 106 107 112 110 113 109 108 105 112 113 110 110 110 110 116 120 118 120 120 121 122 123 125 127 124 126 125 126 118 122 121 118 117 119 120 123 123 123 123 124 123 121 122 122 120 122 123 129 131 131 132 138 136 137 136 139 140 139 139 139 136 133 137
79 79 80 85 87 87 88 92 94 92 91 94 95 97 98 97 98 98 98 103 100 101 103 103 104 106 106 107 107 104 106 106 109 105 112 116 115 115 113 109 108 107 112 107 107 112 110 118 120 118 116 124 124 119 128 127 128 125 126 128 126 124 124 117 117 117 121 121 123 124 124 124 123 122 121 122 122 122 122 123 125 127 132 132 139 138 137 140 140 144 141 141 138 137 137 139
80 80 83 85 88 88 89 92 94 92 94 94 96 97 99 98 98 99 99 104 104 103 106 104 105 103 105 106 105 104 108 105 110 104 110 116 118 115 115 113 108 109 108 108 106 108 115 121 122 118 117 128 125 119 128 127 129 123 130 129 124 127 119 118 117 120 122 122 123 123 125 124 123 123 122 122 123 123 125 125 125 128 135 135 134 137 141 143 147 147 141 140 145 142 140 142
81 83 85 86 89 90 91 93 95 94 95 96 97 97 100 99 100 100 101 104 104 103 105 106 107 106 106 105 106 104 110 110 111 107 107 114 117 114 118 113 109 109 110 108 110 108 118 121 121 116 121 128 124 122 125 129 128 125 129 125 125 121 120 119 120 121 122 124 124 123 124 123 124 124 123 122 124 125 127 128 128 131 133 135 137 137 139 141 144 145 146 144 145 145 140 142
83 86 89 90 90 93 92 97 95 97 98 97 98 98 101 100 101 101 103 106 106 104 106 107 108 106 106 106 103 104 105 107 111 108 107 114 117 114 116 109 109 110 110 117 113 111 119 123 120 119 107 127 125 123 124 131 131 131 132 129 130 122 122 122 123 124 124 125 125 125 125 124 124 125 123 125 128 126 129 129 129 134 138 137 140 138 140 146 141 145 143 145 142 144 140 139
87 86 89 90 93 95 95 94 96 98 96 97 99 99 101 101 101 101 101 108 107 104 106 105 107 107 105 103 103 104 108 110 111 106 106 110 111 115 113 109 109 108 109 115 115 114 115 123 119 120 123 129 123 123 123 129 131 129 133 132 125 124 125 125 126 127 126 126 126 125 127 124 125 125 125 126 129 129 131 132 131 133 138 137 139 141 142 146 145 143 143 146 142 142 139 139
90 89 88 93 96 95 95 97 99 100 97 99 99 99 100 102 102 102 102 107 107 105 108 106 107 106 101 103 107 103 109 110 112 107 109 109 115 114 115 109 109 110 111 114 120 116 115 116 124 123 119 128 121 125 124 130 129 132 128 126 126 126 125 126 127 128 127 126 126 126 127 125 125 125 126 126 130 130 132 134 133 137 137 137 140 142 144 144 144 144 141 143 142 143 140 142
90 91 91 93 97 97 96 97 98 102 99 99 99 101 103 104 103 103 103 106 109 106 108 109 109 102 102 106 107 104 110 112 112 107 109 107 115 114 110 110 110 112 114 113 121 116 123 115 117 122 119 129 123 129 124 132 133 133 125 125 127 127 127 129 128 128 128 128 126 127 127 126 125 126 126 130 130 132 132 134 133 139 140 140 144 142 143 143 143 146 144 144 143 144 143 144
94 94 92 95 97 99 99 97 103 102 99 101 101 102 107 105 105 104 102 107 110 109 110 110 108 103 105 106 106 108 108 109 108 112 107 113 114 109 110 109 110 114 114 112 114 116 123 120 119 121 120 128 124 128 129 132 133 131 126 126 126 128 129 130 129 130 130 127 127 127 128 126 126 125 127 130 133 133 134 133 135 142 142 140 144 141 140 143 144 146 146 145 144 135 145 144
96 96 96 94 97 101 100 99 102 105 100 100 102 102 104 107 104 104 104 105 110 109 111 110 106 104 106 106 106 111 106 111 108 112 108 112 114 108 110 111 112 117 114 116 113 119 122 118 117 124 120 127 125 126 129 136 136 127 127 128 129 129 130 131 130 130 131 129 128 128 128 126 125 125 129 132 134 133 134 134 138 139 143 142 144 140 139 141 147 149 147 147 146 144 145 145
98 97 97 95 97 99 101 100 101 104 103 101 101 102 105 107 106 104 104 104 111 110 110 107 105 106 108 106 106 111 109 110 108 108 106 114 113 109 109 110 112 118 117 118 114 116 120 120 120 121 120 131 125 126 134 136 131 129 128 128 128 129 130 130 131 131 130 130 129 128 128 126 125 128 131 133 134 134 136 138 139 139 142 144 144 142 143 146 148 147 148 148 147 146 145 146
98 99 99 96 100 98 102 101 105 107 104 101 101 102 108 107 108 105 106 105 105 110 111 105 105 107 108 108 107 110 108 110 112 110 107 107 111 108 109 110 112 115 119 116 114 117 124 119 122 124 120 125 128 126 131 135 128 129 129 130 129 130 130 132 132 132 132 131 130 128 128 127 128 128 128 132 134 135 134 139 139 140 140 142 141 142 147 147 146 147 150 150 148 151 148 145
96 99 99 97 99 101 101 102 106 108 106 103 102 102 105 108 108 110 106 104 104 106 111 104 106 108 108 110 107 112 107 111 110 112 111 107 114 109 108 109 109 111 115 114 114 119 123 121 122 122 123 128 128 127 129 131 128 129 128 128 129 130 131 131 132 133 131 131 131 130 129 132 132 129 134 135 135 135 138 140 143 143 141 144 144 144 146 148 148 151 152 155 156 153 154 150
99 97 100 101 100 103 101 105 106 108 108 105 103 102 103 108 109 110 106 104 105 108 111 105 108 107 108 112 107 112 107 110 111 110 108 107 109 109 107 107 108 110 111 114 119 117 123 123 118 120 120 130 129 129 128 129 127 128 128 131 130 129 131 133 133 132 133 134 133 130 131 134 133 134 134 136 138 138 139 140 140 143 143 144 145 146 147 149 152 153 157 162 163 159 154 154
100 98 101 103 101 102 105 106 107 108 107 107 103 103 103 104 111 106 108 104 104 104 107 106 106 109 108 110 107 108 108 106 112 111 106 107 109 112 108 107 107 108 110 112 118 121 119 125 123 124 120 127 132 129 131 126 127 127 129 129 130 130 131 133 133 134 133 134 134 131 135 136 135 135 136 136 136 141 140 139 140 141 146 148 147 147 148 152 153 158 158 161 161 163 154 154
101 99 102 104 103 102 106 105 106 109 108 108 104 103 102 107 110 110 104 105 104 104 105 108 107 109 109 111 110 110 110 107 110 109 106 107 108 106 108 106 108 107 110 111 115 118 120 127 123 123 121 126 130 130 129 126 127 128 129 131 130 132 131 132 134 134 133 135 134 131 137 136 137 137 137 136 135 138 143 145 141 143 148 148 148 152 150 153 155 151 154 157 159 164 163 163
102 102 104 106 107 108 107 109 108 110 107 104 102 103 102 103 109 108 104 104 103 103 105 105 106 106 108 111 109 105 112 111 111 109 108 109 107 107 108 107 108 108 109 112 113 115 120 121 126 125 122 123 125 129 126 127 128 129 129 131 130 132 131 132 133 134 135 133 134 133 139 138 139 139 140 141 137 143 143 142 141 141 144 145 146 152 152 151 155 151 154 160 173 166 163 168
104 102 105 107 108 108 108 107 110 110 105 104 102 102 102 103 104 105 104 103 102 104 103 104 106 106 106 108 109 106 112 111 109 110 109 109 109 108 106 108 107 109 110 113 114 114 118 123 123 126 125 124 125 125 126 127 128 130 129 130 132 131 132 131 132 134 134 136 136 134 140 139 140 139 140 140 144 144 142 143 143 146 142 144 142 145 150 150 154 150 152 160 169 165 163 169
104 103 105 109 109 110 105 108 110 110 109 105 101 102 102 101 101 105 103 102 103 105 107 108 106 105 105 105 111 107 110 113 109 113 109 111 109 109 109 109 108 109 112 119 115 116 115 117 123 120 124 125 126 123 126 128 128 130 129 130 131 132 132 133 134 134 134 136 136 136 135 140 141 138 142 144 144 143 143 146 146 147 144 140 142 146 147 146 147 146 150 157 159 164 162 163
104 102 104 111 111 109 107 104 107 108 107 105 101 101 103 102 102 103 104 103 104 107 109 108 104 105 105 105 112 108 109 112 109 110 114 110 110 109 109 111 111 110 113 118 121 118 116 116 116 118 123 125 125 126 127 128 128 130 130 130 132 131 131 134 135 136 134 137 136 137 137 141 141 142 142 147 143 144 144 146 147 147 145 140 138 145 148 148 151 149 150 153 156 162 162 160
106 103 107 109 109 107 107 105 104 110 107 103 101 101 102 102 102 103 103 103 104 111 110 108 106 104 105 104 102 111 106 113 109 110 114 111 109 110 111 114 115 113 114 115 119 122 120 119 118 121 122 127 127 128 127 129 129 131 131 133 132 134 134 136 137 139 139 138 138 139 139 139 144 145 146 147 145 148 149 149 150 151 149 146 144 144 146 153 151 149 150 152 155 159 161 162
106 105 106 108 108 106 107 105 103 105 106 103 103 102 101 102 100 103 103 104 104 110 110 108 107 105 104 102 104 106 106 111 109 112 115 113 112 112 112 115 116 119 116 117 120 122 125 122 121 123 123 124 132 131 129 130 130 132 132 134 134 136 135 137 138 141 140 140 141 141 141 141 149 147 148 151 146 149 150 151 153 151 153 156 148 148 146 148 150 147 148 148 153 158 157 152
107 107 106 108 109 105 108 105 104 103 105 103 103 103 103 100 100 102 104 104 105 110 108 108 107 104 105 105 102 105 108 110 112 114 114 113 113 112 113 118 116 116 117 119 120 123 125 126 123 123 124 125 128 130 131 131 132 133 134 136 135 138 138 138 139 139 145 142 142 143 145 144 148 150 147 149 149 150 153 156 156 152 155 153 153 148 150 151 150 147 147 152 155 146 155 155
107 107 104 107 108 105 107 104 106 103 105 103 103 103 101 101 100 102 102 106 104 106 110 111 108 108 105 102 103 105 109 108 109 113 117 116 113 114 115 119 116 121 120 120 122 125 126 126 125 124 125 127 129 130 132 133 132 134 135 137 136 137 139 140 139 142 147 143 143 146 146 144 153 152 154 151 151 150 154 159 157 157 151 157 154 156 154 154 147 147 149 155 158 148 152 155
108 105 109 107 109 107 107 106 106 103 105 105 101 101 102 101 101 103 104 105 104 109 111 108 109 105 105 105 105 106 110 107 109 114 117 116 114 115 116 118 117 124 120 120 122 127 128 127 127 124 125 127 130 130 132 132 134 135 136 136 138 140 139 140 142 143 146 146 147 147 146 147 155 155 155 155 152 154 158 162 158 158 161 161 160 159 161 157 150 150 149 154 158 155 156 155
108 107 108 104 110 108 107 106 107 103 105 104 102 103 102 102 102 103 104 106 104 111 111 112 107 107 107 106 106 106 105 107 111 113 117 116 116 116 119 119 121 125 121 121 121 126 129 129 127 126 127 128 131 130 132 134 135 136 138 139 139 140 140 142 143 143 146 147 149 150 150 152 160 158 155 155 157 158 158 160 162 159 154 164 162 162 160 155 152 151 150 159 162 158 156 146
108 109 106 106 110 108 107 107 107 104 107 104 103 103 103 102 102 102 104 105 105 110 112 112 109 107 107 107 107 110 107 108 110 112 118 116 116 117 118 121 122 121 122 121 122 125 130 130 128 128 128 128 131 132 133 135 137 137 138 141 140 141 141 144 144 145 147 148 150 150 152 154 161 160 158 160 158 157 160 162 159 158 160 163 158 159 159 154 152 151 150 155 160 157 149 148
110 109 107 106 110 108 110 108 108 105 108 105 103 103 103 103 103 102 106 108 107 111 111 109 108 107 107 107 107 109 107 107 111 111 118 116 116 117 120 122 123 121 122 122 122 125 129 132 129 129 128 130 133 133 134 136 137 138 139 140 140 143 144 145 145 146 151 150 150 152 154 154 159 160 161 161 158 160 164 164 158 160 160 164 167 159 158 155 150 150 150 153 157 156 146 162
110 109 108 107 109 110 110 111 107 110 110 105 104 103 104 103 104 103 106 107 107 111 110 108 107 107 107 108 107 107 108 107 109 112 116 116 116 117 121 122 126 122 123 124 125 125 133 131 134 129 129 131 132 134 135 135 138 138 139 141 141 143 145 146 147 146 154 154 153 153 153 152 152 161 162 161 161 164 165 167 164 158 157 162 162 158 155 150 147 147 149 147 151 149 151 169
111 108 105 110 113 113 113 110 109 113 111 106 104 104 103 103 103 104 105 105 105 107 109 109 109 108 108 109 108 108 108 106 107 108 112 114 117 117 121 122 125 124 124 124 126 126 129 134 133 130 131 134 134 136 136 136 138 139 139 142 144 145 146 148 148 149 155 155 154 154 154 152 151 162 162 161 162 164 162 164 165 160 160 159 159 155 153 148 146 146 147 148 146 148 155 168
111 110 108 113 115 116 115 113 112 112 112 109 104 104 103 102 103 104 105 105 105 107 110 109 108 107 108 111 108 108 108 107 105 108 113 117 118 121 122 124 128 124 125 126 126 126 129 133 135 133 133 135 136 135 136 136 138 140 141 143 145 146 147 148 148 151 156 159 158 154 155 154 160 162 164 162 163 163 164 162 160 157 161 156 155 155 152 147 145 145 146 146 146 149 158 175
113 113 112 115 113 115 118 116 113 111 112 107 104 104 105 106 104 105 106 105 106 107 110 109 109 110 109 110 110 118 111 109 108 110 113 118 122 122 122 123 127 127 127 126 126 133 131 137 134 132 137 136 136 136 137 142 138 139 141 146 145 147 148 149 149 151 158 161 154 156 156 156 160 161 163 162 165 166 164 162 160 158 160 156 156 153 152 147 144 145 145 145 145 155 174 172
114 113 113 116 117 114 119 118 115 111 112 112 107 104 105 105 106 107 106 106 107 106 110 111 110 111 112 112 112 118 113 112 113 113 116 120 121 124 123 129 128 129 133 127 131 136 133 137 136 134 139 138 137 139 138 144 138 139 142 145 145 148 149 150 153 152 161 159 156 157 158 155 165 165 164 164 166 168 166 168 163 162 161 159 161 158 154 150 145 146 145 144 155 155 167 173
117 113 114 116 118 114 119 115 115 112 114 113 108 106 105 106 108 106 106 106 106 106 108 111 113 112 113 112 118 121 118 115 117 116 118 120 125 125 125 131 128 129 128 131 137 136 135 135 136 136 140 140 138 138 138 144 140 140 142 145 146 147 149 151 154 155 155 157 158 158 158 155 162 163 164 165 167 166 169 166 168 163 167 166 166 161 158 154 149 149 145 145 156 156 159 170
117 115 116 116 116 117 118 117 116 115 115 112 108 107 107 108 109 109 107 107 106 106 109 112 112 113 115 117 117 123 122 121 118 119 120 123 126 125 128 133 131 130 129 134 138 139 135 138 139 138 140 141 140 139 140 141 140 141 144 144 146 148 151 155 155 157 160 158 159 160 160 160 169 170 169 168 170 170 171 171 170 164 168 169 169 168 161 159 153 151 148 146 156 167 167 179
116 116 116 118 116 116 118 118 117 116 114 114 107 109 107 110 109 108 109 109 108 109 111 113 113 116 118 119 117 122 125 126 122 122 124 123 126 128 131 132 133 131 130 135 139 140 138 137 140 139 142 143 140 142 142 141 141 147 144 143 147 149 151 156 155 162 164 158 159 162 163 158 169 172 172 172 175 172 170 171 170 168 173 168 172 166 163 162 156 152 150 149 156 165 179 179
115 115 116 117 117 119 119 118 118 117 118 116 109 108 109 108 109 109 109 109 109 111 112 116 119 121 120 123 124 122 131 128 127 124 125 124 129 128 135 134 137 129 130 134 140 141 133 139 142 141 142 144 140 142 143 143 143 145 146 145 146 150 152 156 159 164 168 159 161 163 163 159 174 175 176 175 180 176 177 176 175 175 175 175 178 171 171 169 158 156 155 154 155 161 175 188
113 115 117 118 120 119 121 118 119 118 117 118 112 110 110 110 110 109 108 108 111 111 114 117 120 122 126 124 126 126 132 129 129 131 133 125 137 133 136 137 133 128 131 136 142 138 139 142 144 142 144 141 145 145 145 145 145 148 149 150 149 152 153 159 166 161 162 167 162 164 168 166 163 179 179 182 184 182 179 179 180 180 180 180 178 171 168 169 163 160 157 158 161 167 182 196
113 114 119 119 120 120 122 120 121 119 118 116 113 111 109 110 110 110 110 110 113 111 114 119 121 123 129 128 126 127 133 132 132 130 133 131 132 136 137 137 131 133 133 143 138 139 145 144 148 144 144 141 144 146 147 146 149 150 151 150 151 153 154 163 163 161 167 162 162 164 168 171 168 168 178 176 179 184 184 180 180 182 183 177 179 168 170 170 164 163 162 162 162 169 180 198
115 119 120 119 120 121 122 122 121 120 120 119 112 111 110 109 110 109 112 110 116 113 116 118 119 128 130 133 127 127 128 132 132 135 136 137 131 140 140 139 139 142 140 144 140 142 146 145 148 143 144 142 145 149 149 147 152 153 153 155 153 154 158 163 166 164 162 168 165 168 171 173 173 171 168 179 182 184 187 183 181 187 186 177 174 171 173 169 166 166 165 165 165 169 179 196
116 121 121 120 122 122 122 122 121 121 122 116 116 115 113 110 110 108 110 112 118 113 117 120 121 122 133 133 128 128 128 130 135 132 141 141 134 143 145 140 145 147 148 141 142 142 150 151 150 149 147 146 148 152 152 153 157 157 157 154 158 156 160 164 166 169 165 168 169 168 174 177 178 178 168 170 182 180 184 183 186 186 187 187 176 175 170 176 170 168 166 168 170 173 181 196
