grids/precipitation/oct/RSMS_10_1881_01.asc
NCOLS 654
NROWS 866
XLLCORNER 3280414.711633467
YLLCORNER 5237500.62890625
CELLSIZE 1000
NODATA_VALUE -999
[rows 663 to 713 of 866, columns 288 to 383 of 654]
66 66 65 65 66 64 66 66 66 66 67 66 70 70 73 71 70 74 74 75 73 74 72 74 73 73 69 68 68 68 69 67 64 64 64 63 60 58 57 59 57 58 55 52 52 51 50 50 52 50 51 51 51 52 51 49 48 50 49 48 46 46 46 45 47 49 49 47 48 47 48 47 47 47 46 46 48 49 51 50 49 51 53 52 54 56 57 55 56 59 62 61 57 60 54 51
67 66 68 69 67 70 71 68 67 66 66 68 67 67 67 68 74 73 73 74 73 73 73 71 73 72 72 69 67 70 68 67 68 67 66 63 60 59 58 55 57 57 56 54 51 51 50 50 50 50 50 50 51 51 51 50 49 51 50 48 48 46 46 45 45 48 49 46 45 46 47 47 47 46 47 46 48 49 50 49 50 52 60 58 56 57 55 54 56 58 60 61 61 60 60 57
66 69 68 68 67 68 68 66 66 66 65 67 66 71 69 72 73 73 73 73 73 72 73 72 72 71 70 69 69 69 67 65 68 67 64 62 62 61 57 55 55 64 65 62 54 54 52 52 49 48 48 49 53 51 51 51 49 51 49 48 48 48 46 45 46 47 47 44 45 44 47 48 47 47 44 48 49 49 47 55 52 53 60 58 57 54 51 55 58 57 58 59 60 60 60 61
65 69 68 67 68 68 67 70 69 68 65 66 71 71 71 72 73 73 72 74 73 70 73 74 73 71 70 69 70 68 66 66 65 65 64 63 62 60 59 56 55 54 57 58 54 52 52 49 50 47 50 50 50 51 50 51 50 50 49 48 47 48 47 46 45 46 46 45 45 44 46 47 46 47 44 46 48 48 49 55 60 59 61 58 58 56 54 52 54 56 58 59 58 59 59 58
64 71 71 72 69 71 69 66 70 68 66 65 67 71 71 71 68 73 71 74 73 72 74 74 73 69 70 69 69 67 66 64 67 65 64 63 62 60 57 55 55 53 52 51 52 52 49 48 49 48 51 51 50 53 51 50 52 58 52 49 50 48 48 47 46 45 44 45 46 45 48 49 49 48 46 43 46 48 57 51 56 59 60 58 58 56 55 53 55 55 57 57 58 58 58 57
69 71 71 71 71 69 70 70 70 66 68 69 69 70 68 70 72 73 74 74 73 71 72 71 73 70 72 71 72 69 66 63 63 67 63 64 62 59 57 58 59 56 52 50 50 50 48 47 47 50 51 50 52 52 51 51 54 57 59 55 57 56 50 47 46 46 44 45 45 46 50 49 48 47 45 45 46 49 50 59 56 57 59 57 59 58 56 56 52 54 57 58 58 57 57 57
67 69 70 71 71 72 70 70 68 70 67 65 69 71 70 71 73 73 74 74 72 72 71 70 71 72 70 69 70 68 68 63 62 61 60 60 60 60 58 58 60 58 54 53 50 50 48 48 46 47 50 48 49 50 48 49 54 52 54 59 52 50 47 47 47 46 44 44 45 45 48 47 46 45 44 45 46 50 55 58 57 56 57 58 59 58 57 55 55 56 56 57 57 58 57 55
70 69 71 71 68 71 71 68 70 69 68 68 68 68 71 72 74 72 73 74 73 72 72 70 70 68 68 69 67 67 66 65 62 62 63 67 64 62 62 60 62 57 56 53 52 53 50 48 47 46 47 47 48 47 45 48 55 51 51 58 59 55 47 49 50 46 45 45 46 48 47 46 46 45 44 46 49 50 57 58 57 57 57 58 60 58 57 56 56 56 55 56 55 57 56 58
66 69 71 71 71 71 71 71 69 70 70 68 68 69 71 70 72 70 75 76 78 74 72 69 68 70 69 67 67 67 66 65 64 63 63 66 66 62 64 63 63 56 55 57 56 54 53 49 47 47 46 47 47 45 44 44 49 51 52 56 58 57 54 58 54 47 46 46 48 49 50 50 48 46 47 56 54 55 58 58 60 57 57 59 59 59 58 58 59 58 58 57 52 55 57 57
70 72 71 71 72 72 70 70 69 68 69 67 66 70 70 69 71 71 71 74 77 74 74 71 68 69 71 68 68 67 66 66 66 66 63 64 66 62 61 64 64 61 60 59 55 54 51 49 52 49 45 47 47 46 43 43 50 48 50 52 58 59 57 58 59 56 52 50 47 47 47 48 49 48 46 53 56 55 55 58 58 57 57 58 59 59 59 59 59 59 56 57 56 55 56 52
69 70 71 68 69 71 70 74 71 69 68 68 68 66 69 70 72 72 73 73 74 74 71 70 71 71 69 69 68 68 66 66 65 66 64 63 67 65 64 64 59 60 57 56 55 54 52 50 50 49 45 45 45 45 42 42 47 50 48 55 60 59 59 56 59 55 56 55 51 47 47 48 48 47 47 50 55 56 56 56 56 58 56 59 60 60 59 59 59 58 57 58 58 56 57 57
68 70 71 71 69 69 71 72 70 71 69 68 68 67 70 70 71 74 76 71 71 70 72 73 75 75 75 75 74 73 73 68 64 65 65 65 63 65 63 64 62 59 57 58 58 52 54 52 49 47 45 45 45 44 45 48 48 49 49 53 58 55 58 58 54 57 56 49 49 49 48 48 48 49 49 54 56 55 55 56 56 55 60 59 60 59 59 59 60 58 58 58 57 57 57 56
69 70 68 71 70 69 71 71 71 69 68 70 67 66 68 68 68 74 73 73 70 73 74 72 73 74 75 74 73 73 71 71 71 69 65 62 62 60 61 62 59 59 58 57 59 54 51 52 49 48 45 46 45 45 49 50 51 50 49 54 56 57 60 58 57 51 54 56 52 51 54 50 49 52 50 57 53 51 51 56 59 62 59 60 61 60 60 60 59 58 57 58 57 57 57 56
66 66 68 70 69 68 71 75 72 70 69 70 68 67 66 69 73 72 70 73 70 73 71 71 73 73 74 73 73 73 69 68 70 67 64 61 62 61 59 58 57 58 57 59 58 55 52 49 50 49 45 47 49 49 47 49 50 50 53 57 56 58 58 58 59 59 54 52 51 58 56 50 50 49 50 52 58 56 58 60 59 61 62 61 61 60 59 59 60 59 57 58 57 58 57 57
69 68 68 70 70 71 71 71 71 72 69 68 70 65 66 71 71 72 70 71 69 71 70 70 71 71 74 72 71 71 66 68 67 67 66 64 61 60 58 57 60 58 55 54 54 52 49 48 49 46 46 45 50 51 49 48 52 54 52 58 56 58 59 56 58 59 56 54 55 55 54 48 49 48 55 55 56 57 59 60 60 62 62 63 60 61 59 58 58 58 57 58 58 58 57 58
69 68 70 71 72 68 72 70 71 70 69 68 68 65 66 70 71 72 70 70 70 69 69 70 70 71 73 72 70 69 69 68 67 67 66 64 63 60 57 57 59 57 54 53 51 50 49 47 44 44 45 49 51 50 48 52 53 50 58 58 59 59 61 57 60 57 58 56 54 52 54 49 48 49 54 57 55 59 60 61 60 61 63 62 61 61 61 59 59 57 58 59 59 59 57 58
70 70 68 70 72 71 68 75 73 70 70 72 68 68 66 71 70 71 70 68 69 68 70 68 70 71 71 71 68 68 67 65 66 65 65 63 60 59 58 57 56 55 53 51 50 49 47 45 44 44 45 46 49 48 48 51 54 51 54 61 61 62 62 60 60 56 55 56 53 49 48 48 52 49 49 53 54 55 58 60 61 63 62 62 61 60 60 60 60 60 59 60 60 59 59 55
73 70 69 69 71 70 69 71 73 71 68 68 68 69 66 66 70 70 70 67 68 69 68 69 71 70 69 68 68 67 68 64 65 65 63 60 60 58 57 57 55 54 51 50 50 50 46 44 44 46 46 46 47 47 48 50 50 51 59 61 62 63 61 57 59 54 55 54 53 53 54 55 49 54 54 50 50 59 59 60 62 63 62 61 61 61 60 60 61 60 61 60 61 60 56 54
72 72 70 70 70 65 68 74 70 72 71 72 70 70 67 66 67 69 68 67 68 67 69 68 71 68 68 68 67 67 63 63 63 63 64 60 58 56 58 55 54 53 51 50 50 47 46 44 46 45 46 46 47 47 48 48 49 51 57 61 60 60 58 57 54 53 50 52 53 54 56 53 53 58 54 52 51 53 59 63 62 61 60 61 60 59 60 61 61 61 63 61 61 61 59 56
69 68 73 68 67 65 69 73 72 68 72 71 70 70 70 66 67 65 65 65 67 66 67 68 68 67 71 66 65 64 65 64 63 61 62 59 59 56 55 53 52 51 51 49 49 48 46 47 46 46 46 46 46 46 46 49 50 51 55 60 61 58 56 53 54 55 53 53 53 53 51 53 55 56 59 59 58 56 63 64 61 59 61 60 58 60 63 63 63 63 64 63 61 62 60 58
64 66 68 69 66 65 67 71 71 68 71 69 69 68 68 65 67 66 67 66 64 67 67 67 65 66 68 67 65 65 62 61 61 63 61 58 55 56 54 53 52 50 49 49 47 46 47 46 46 46 44 46 45 45 46 49 52 51 53 59 58 57 54 57 56 54 52 54 52 52 50 54 57 57 60 62 58 57 61 61 56 60 59 58 60 60 52 54 63 63 57 55 58 59 59 56
66 64 62 64 65 67 67 67 70 71 68 68 69 67 67 67 67 66 66 67 70 69 67 64 67 69 71 64 67 63 61 61 61 64 60 57 57 55 52 50 50 50 49 47 47 47 46 46 46 46 44 45 45 45 46 49 50 53 52 54 59 56 56 54 52 53 53 53 55 53 53 55 58 59 61 64 63 54 57 59 54 54 55 58 61 53 59 59 53 60 55 59 53 56 57 53
72 71 65 67 62 62 63 63 63 63 63 62 65 68 67 68 68 68 66 66 69 68 67 64 69 74 65 65 63 62 60 62 63 62 59 56 55 53 53 52 50 49 49 47 47 47 46 46 46 46 44 44 45 45 46 48 51 52 52 53 56 58 55 53 53 53 56 55 55 56 57 57 58 59 64 66 62 65 64 56 54 57 56 52 59 53 60 61 59 53 53 61 57 52 50 49
70 70 70 64 63 65 65 70 68 64 69 65 63 64 65 68 71 69 67 64 68 67 67 63 70 72 66 67 63 61 60 59 63 61 58 57 55 53 52 49 49 47 47 47 47 47 47 46 46 46 45 44 45 45 46 48 47 49 51 54 55 55 54 54 54 54 57 57 58 57 56 57 56 57 62 63 64 66 67 64 59 60 61 52 52 50 58 59 60 58 56 58 59 58 52 57
70 69 64 63 64 66 69 69 69 66 66 65 64 65 70 73 78 73 69 67 67 64 64 62 64 68 66 64 65 65 59 63 64 64 60 55 53 52 50 49 47 47 47 47 47 47 47 47 47 46 45 44 45 45 46 46 47 48 50 52 54 54 53 54 55 56 59 58 57 55 55 56 58 57 59 57 59 67 62 64 63 66 61 53 54 57 56 57 55 56 56 53 57 56 55 54
70 69 63 70 69 70 68 70 70 69 68 66 64 66 68 81 81 81 74 73 69 73 66 64 72 72 67 63 60 59 58 60 60 62 59 55 53 50 50 48 47 47 48 47 47 47 47 47 47 47 45 44 45 45 45 46 47 47 52 52 51 52 54 55 55 55 57 58 57 57 58 57 55 55 59 56 63 58 66 66 63 63 60 51 54 56 58 57 56 52 54 54 53 54 54 52
67 66 66 69 70 71 70 70 69 68 67 65 64 68 73 81 82 80 79 77 75 73 73 72 73 70 70 61 67 71 58 56 57 60 58 54 52 51 50 48 47 47 47 48 47 46 46 47 47 46 46 45 45 45 45 45 47 47 49 50 51 51 53 53 55 55 56 54 57 55 58 59 55 57 60 62 63 59 63 63 60 57 54 54 56 58 57 56 54 54 54 54 54 54 53 53
63 66 66 69 68 68 70 70 69 66 66 65 64 66 73 85 80 78 77 78 78 72 71 71 71 69 70 69 67 67 63 62 55 54 54 53 53 51 50 48 48 47 47 48 47 46 48 48 48 48 48 46 45 45 45 45 48 48 49 49 50 51 51 52 54 54 56 54 54 55 56 56 55 56 59 61 63 63 63 60 59 59 51 55 55 51 54 55 55 51 56 54 53 53 53 53
67 67 68 68 68 69 70 69 66 65 66 64 66 67 70 83 82 77 76 74 75 76 74 69 67 71 70 72 71 70 69 68 64 56 53 51 50 51 49 48 48 49 48 47 46 46 48 49 48 47 49 46 44 45 44 45 46 49 49 51 51 51 52 51 53 53 55 58 57 56 55 57 56 58 59 59 61 60 59 55 52 57 54 50 48 47 55 56 52 51 52 54 53 53 52 50
67 67 65 65 66 67 70 69 68 65 65 65 66 67 75 81 80 78 76 73 74 74 72 70 68 70 72 71 70 69 68 63 61 63 57 54 50 53 50 48 48 49 46 46 46 46 49 47 48 49 50 46 44 45 49 48 47 51 51 52 52 51 53 53 53 51 55 56 55 57 57 59 56 56 59 58 58 56 52 57 57 55 56 55 48 49 49 51 49 52 51 53 53 53 50 49
65 64 63 65 66 67 67 68 66 66 68 69 70 68 72 74 76 77 75 74 72 71 70 68 69 72 69 68 68 66 68 64 62 63 62 57 55 51 54 51 49 52 49 46 48 47 48 49 48 49 50 47 44 46 48 47 50 48 51 55 52 52 53 54 53 53 52 53 56 55 57 58 58 59 59 57 57 56 57 55 58 58 58 55 54 54 50 45 48 49 52 50 49 52 53 51
65 64 64 64 65 66 66 68 69 75 81 78 82 76 69 71 71 77 75 72 70 70 69 69 69 70 69 67 70 65 64 62 62 62 63 59 57 56 52 50 52 51 51 47 47 47 48 48 48 47 46 45 47 50 49 48 49 48 49 54 51 53 54 54 54 56 56 56 53 56 55 55 55 56 55 57 56 55 55 52 54 56 53 57 54 47 47 48 47 47 50 49 50 50 49 49
64 65 65 66 68 72 67 75 77 79 78 73 80 78 68 79 78 78 75 72 68 67 68 69 68 67 65 65 67 68 64 64 61 60 61 59 56 56 57 50 48 50 48 47 47 48 48 48 46 47 46 46 46 46 43 43 48 49 50 53 51 54 53 55 56 55 54 54 53 52 52 54 53 55 55 56 55 54 54 56 55 52 52 50 49 52 49 51 50 48 49 51 52 50 49 48
66 73 82 73 77 70 74 71 78 77 76 82 70 79 68 81 80 76 73 72 69 69 67 67 67 67 64 65 65 64 62 60 60 59 60 59 60 59 54 52 51 50 48 54 48 47 47 54 46 47 46 46 48 45 51 43 48 49 50 50 51 53 55 55 56 56 57 57 56 55 53 54 53 54 53 53 52 55 57 55 54 54 55 52 50 56 58 55 52 51 54 56 52 52 51 49
67 77 75 80 78 78 78 81 80 82 82 79 69 68 67 75 79 77 72 72 69 67 65 66 66 66 63 62 63 61 61 59 61 61 60 59 59 58 57 54 54 51 49 49 47 47 46 54 48 48 47 48 50 54 51 50 49 46 49 49 53 53 55 55 56 56 57 60 58 58 57 57 57 55 57 52 52 51 50 52 48 51 50 49 53 57 60 58 55 52 54 52 55 53 52 50
79 86 83 82 81 82 82 83 85 80 78 80 68 81 77 78 76 76 73 71 71 66 66 65 64 63 64 60 60 60 63 59 56 59 58 58 57 56 54 52 55 54 52 52 49 49 50 51 51 53 51 51 51 56 55 52 47 45 46 47 51 54 56 55 54 57 58 58 58 56 58 59 60 58 54 54 56 55 56 55 52 49 49 49 55 55 56 59 57 56 55 55 56 54 52 50
79 82 84 85 82 83 83 82 83 83 79 75 68 78 77 76 74 72 71 69 69 65 65 63 63 62 59 60 58 59 60 60 56 58 58 58 54 54 53 52 50 53 54 52 48 49 50 47 53 53 53 53 45 53 52 49 49 48 46 47 52 52 52 53 57 56 58 60 59 58 54 57 62 60 59 57 56 57 54 55 54 51 50 49 51 54 55 55 58 57 54 54 51 54 52 49
85 83 81 87 83 83 83 84 83 79 79 78 68 73 74 73 73 72 70 69 67 64 66 62 60 60 58 57 56 57 61 59 58 58 56 54 55 54 53 51 51 50 50 50 50 49 48 48 49 52 52 51 51 52 50 52 50 47 47 47 52 54 51 55 56 56 58 59 54 57 55 55 58 58 57 53 53 53 52 51 50 49 49 49 50 52 50 55 57 57 54 50 50 50 50 48
81 81 81 82 85 85 85 83 83 82 75 75 66 70 74 73 73 72 71 68 67 66 63 62 60 60 60 60 57 59 56 55 59 58 57 56 56 54 52 49 48 46 47 48 49 49 50 48 46 48 50 50 49 50 51 52 51 51 47 48 48 51 51 56 53 53 58 54 51 57 53 51 53 53 53 51 51 51 51 50 49 49 49 50 49 50 50 51 51 52 54 53 51 50 50 48
81 81 81 82 84 84 83 81 81 80 77 75 66 63 69 69 69 70 71 69 66 65 65 62 61 61 60 60 58 56 56 57 54 57 58 55 54 52 51 48 49 46 46 47 47 47 47 46 47 46 49 49 47 50 52 52 51 48 48 50 47 49 50 55 53 54 57 57 59 52 51 51 51 51 51 51 51 51 51 50 50 50 50 50 52 54 56 54 54 56 56 53 51 51 50 49
82 80 82 82 84 80 79 79 80 78 77 75 70 70 67 63 62 69 67 68 67 67 66 63 61 66 62 61 64 62 58 54 54 57 56 55 53 52 51 50 48 48 47 47 48 47 46 47 47 45 46 50 46 50 51 51 53 49 48 47 49 48 49 55 52 51 56 55 51 51 51 52 52 52 52 51 51 51 51 50 51 51 51 52 53 54 54 54 53 55 52 52 52 50 50 49
80 79 81 82 83 79 76 77 78 78 75 71 71 69 69 66 62 69 69 66 67 68 64 62 64 66 63 64 60 58 62 58 53 53 55 53 51 51 51 49 48 48 48 48 48 48 47 46 47 46 47 49 45 50 49 51 52 54 53 51 50 48 49 49 49 49 49 51 51 51 52 52 52 52 52 51 51 51 51 51 51 51 52 52 54 54 55 55 54 53 54 51 51 51 50 49
81 78 78 82 82 78 76 76 75 75 74 71 71 70 68 65 62 65 62 65 65 66 63 62 64 63 61 58 62 57 56 54 51 56 55 54 52 52 50 49 49 50 50 49 50 50 48 48 45 45 43 42 44 43 46 49 52 52 53 50 48 48 49 49 49 49 50 51 51 51 52 52 52 52 52 51 51 51 51 51 51 52 55 54 53 55 55 55 54 52 50 51 51 51 49 49
78 77 79 76 78 76 74 71 72 70 69 69 71 70 67 67 64 60 66 63 63 62 62 62 63 64 62 62 56 55 54 53 53 54 52 50 52 50 51 51 51 50 51 49 50 49 48 47 46 42 37 40 46 47 44 46 48 52 53 48 48 48 49 49 49 49 51 51 51 52 52 52 52 52 53 52 52 52 51 52 53 52 56 55 56 55 53 53 53 52 53 50 50 50 50 49
77 77 75 75 76 76 72 68 68 64 64 63 70 69 67 66 62 59 60 60 63 60 63 62 62 63 61 60 61 59 55 51 52 52 50 51 49 51 51 50 50 50 49 49 46 48 46 44 46 43 41 47 45 46 46 47 46 47 47 47 47 48 49 49 49 49 51 51 51 51 52 52 53 53 53 52 53 53 53 53 55 56 55 57 57 57 56 54 53 52 51 51 50 49 50 50
76 77 75 73 75 75 72 69 68 62 62 62 64 65 63 61 59 63 63 64 65 64 62 63 61 62 61 58 56 59 56 51 50 51 49 47 48 48 47 48 49 47 47 48 42 45 45 43 46 46 43 46 45 49 49 47 46 45 47 47 47 47 49 49 50 50 51 51 52 52 52 53 53 53 53 53 53 52 53 54 57 57 56 57 58 57 57 53 52 51 51 50 50 50 49 50
75 74 73 72 72 71 70 70 67 61 61 61 62 59 60 58 58 57 61 62 62 62 62 62 61 57 59 58 58 56 53 54 48 50 47 47 46 48 47 50 48 45 46 50 42 44 42 41 49 45 42 46 44 44 45 46 45 45 47 47 47 48 49 50 50 51 51 52 52 52 52 53 53 53 53 53 53 54 53 54 58 56 58 58 57 59 59 55 53 52 51 50 50 50 50 50
72 72 70 69 64 64 67 63 64 61 63 67 67 68 63 62 57 58 58 60 60 61 61 57 59 58 58 57 54 51 50 49 49 47 46 46 48 45 46 47 44 44 45 48 47 43 42 43 47 44 43 48 49 45 44 45 46 46 47 47 47 49 49 50 50 51 51 51 52 53 53 53 53 53 53 52 52 54 54 52 54 57 58 57 58 59 55 54 53 51 50 49 49 49 50 50
70 71 71 69 68 67 68 64 64 63 64 66 62 59 60 63 59 58 61 61 60 58 58 57 57 54 52 52 52 51 49 47 47 48 45 47 45 46 43 45 42 42 44 47 43 43 42 43 45 46 45 46 46 45 46 46 45 46 46 48 49 49 50 50 51 52 51 51 52 52 52 52 52 52 52 52 54 55 55 53 55 53 52 57 57 59 54 52 52 51 51 50 50 49 49 50
72 70 70 68 68 64 63 64 63 64 63 64 62 59 62 61 59 56 56 59 60 58 59 55 55 54 53 51 50 50 48 47 47 47 45 45 44 43 42 43 42 41 42 46 45 41 42 44 44 45 46 46 46 46 46 46 46 46 47 49 50 50 50 52 52 52 51 52 52 52 52 53 53 53 54 53 53 53 57 55 56 54 54 58 57 55 54 52 51 51 50 50 48 50 49 50
70 69 69 70 66 62 66 62 61 61 62 62 60 60 61 59 58 54 57 52 52 54 52 54 53 55 53 50 50 50 47 48 46 46 46 45 44 43 42 43 41 41 41 43 42 41 42 43 44 46 46 46 46 46 46 46 46 46 48 49 50 50 52 53 52 51 52 52 52 52 52 53 54 54 54 53 53 55 54 52 54 56 55 55 57 57 53 52 51 51 50 50 50 50 50 50
