grids/precipitation/oct/RSMS_10_1883_01.asc
NCOLS 654
NROWS 866
XLLCORNER 3280414.711633467
YLLCORNER 5237500.62890625
CELLSIZE 1000
NODATA_VALUE -999
[rows 312 to 363 of 866, columns 288 to 383 of 654]
42 43 41 42 42 42 46 47 47 46 47 47 47 47 47 49 49 48 49 49 49 49 48 48 48 46 47 47 48 48 48 48 48 48 46 45 46 46 48 48 48 48 48 50 50 52 53 55 57 58 63 66 66 65 61 60 60 58 56 56 55 55 53 53 52 52 52 53 53 54 56 53 53 52 52 48 50 51 53 51 52 51 51 51 51 51 52 51 49 49 50 49 49 49 50 50
42 42 42 42 42 43 44 47 46 47 47 47 46 47 47 48 48 48 48 49 49 49 48 48 48 46 48 48 48 48 48 47 48 47 46 46 47 47 49 49 48 48 48 50 52 52 53 55 57 62 65 69 70 65 67 64 63 59 58 56 56 55 53 53 53 52 50 52 52 53 53 53 53 52 52 49 50 51 54 53 51 51 51 51 51 50 52 51 49 49 50 50 50 49 50 50
43 43 42 42 43 43 45 45 47 47 47 47 47 47 47 47 47 47 48 47 48 48 48 48 48 46 48 47 48 47 48 49 47 47 46 46 46 46 46 48 47 48 49 49 49 51 53 55 58 64 68 71 73 71 67 70 64 62 59 59 56 55 56 54 53 52 52 53 52 53 53 54 52 53 52 51 50 48 53 52 51 51 51 49 49 49 51 51 51 50 50 49 51 50 50 51
44 44 44 43 44 44 44 46 47 47 47 48 48 47 47 46 46 47 47 46 47 47 48 48 48 46 48 47 48 48 48 48 47 47 46 45 45 46 47 48 48 48 49 49 49 50 53 55 60 63 68 73 73 74 69 70 66 62 58 58 55 55 53 54 53 53 52 50 50 52 53 50 53 53 53 53 49 48 49 50 49 48 48 49 49 50 51 51 49 50 48 49 49 51 52 53
45 45 45 44 44 44 44 47 47 47 47 48 48 48 47 47 46 46 47 46 47 47 47 48 48 46 48 48 48 48 48 48 47 47 46 45 46 46 48 48 48 48 48 49 49 51 53 56 62 66 63 68 68 75 72 70 66 64 60 58 56 56 54 53 53 54 52 52 50 50 48 50 53 53 52 52 52 50 47 47 48 48 48 49 49 50 54 51 51 51 50 50 51 51 52 53
45 46 46 46 46 46 46 47 47 47 48 48 48 48 47 47 47 47 47 47 47 47 47 48 48 46 48 49 48 48 47 48 47 47 46 46 46 48 50 48 48 48 48 48 50 50 53 55 59 67 70 69 75 75 72 70 67 64 63 59 58 58 56 53 53 54 52 53 52 48 46 49 50 50 51 51 52 50 47 45 48 45 46 47 49 51 52 52 49 51 51 50 51 51 52 51
46 45 46 46 46 46 46 46 47 47 47 47 47 47 48 48 48 48 49 48 47 47 47 47 48 46 49 49 48 48 47 48 47 47 46 46 48 48 48 47 49 49 49 50 50 53 53 57 58 63 67 73 73 73 73 70 67 66 66 62 57 57 56 54 52 53 52 52 50 48 46 48 48 49 52 51 51 50 45 42 38 44 46 47 48 49 51 51 50 50 50 49 50 50 52 51
46 46 45 46 47 46 46 47 47 46 48 48 48 49 49 48 51 49 48 48 48 47 47 47 47 49 49 48 47 47 47 47 46 46 46 45 45 48 50 48 48 49 48 48 49 52 53 54 55 58 63 65 66 69 69 69 67 65 65 63 61 57 56 53 53 53 52 50 50 48 46 47 47 48 48 51 51 49 45 41 34 41 46 49 49 49 51 50 49 50 49 51 50 50 52 53
46 46 45 46 47 47 47 47 47 47 48 49 49 51 51 51 49 48 48 48 47 47 47 47 47 48 49 47 47 47 48 47 47 47 46 45 45 47 48 49 49 49 48 48 49 50 51 52 55 56 57 59 59 62 65 65 64 65 65 64 63 61 57 54 53 52 50 50 50 49 48 47 47 49 47 47 50 49 46 42 39 39 49 52 50 49 48 50 49 50 49 51 50 50 54 53
46 46 46 47 47 47 47 47 47 47 47 48 49 51 49 49 48 48 48 47 47 47 47 47 47 48 46 46 47 48 47 47 47 46 45 45 45 46 48 49 48 47 47 48 48 50 50 52 55 55 57 56 56 58 61 59 59 62 63 63 65 64 61 58 54 52 49 50 50 50 48 49 45 48 48 49 47 46 46 45 42 44 49 51 52 52 48 50 50 51 50 51 50 50 53 53
47 46 46 46 45 46 46 47 47 47 49 49 50 49 48 48 48 49 49 48 48 47 47 47 48 48 49 48 48 48 47 46 47 47 46 46 46 46 46 46 47 47 49 49 48 47 47 50 52 52 51 53 53 55 56 55 59 60 62 65 65 66 65 61 57 51 49 49 49 49 48 48 48 47 48 47 46 46 46 45 47 44 47 51 52 52 51 50 52 51 51 51 52 52 53 52
47 47 46 45 46 47 48 48 48 48 49 51 50 49 49 49 49 49 48 48 49 48 47 47 48 48 48 48 48 48 47 47 47 48 47 48 46 46 46 45 46 47 50 54 51 47 47 48 49 50 51 50 50 52 52 55 56 57 58 59 63 65 65 62 58 54 51 49 49 49 48 48 48 48 50 49 49 52 48 49 50 47 47 48 50 51 53 52 54 53 51 50 52 50 51 52
51 50 49 46 46 47 52 50 50 49 54 54 51 51 51 49 49 48 49 49 49 49 47 48 48 48 48 48 48 48 48 48 49 49 47 49 47 46 46 46 46 47 48 52 52 56 50 50 49 49 50 51 50 50 53 54 54 53 55 55 56 60 60 61 59 54 50 49 47 47 48 48 49 49 48 50 50 51 52 52 53 50 50 49 49 51 53 54 53 53 51 50 52 50 51 52
51 55 51 51 49 50 50 52 52 51 51 50 49 49 49 49 49 50 52 51 51 51 49 47 47 48 47 48 48 49 48 48 48 51 51 51 47 46 45 45 48 47 46 49 51 53 52 52 55 52 49 51 51 50 50 51 54 51 53 52 54 52 54 54 54 51 49 49 47 49 49 48 48 49 52 50 49 49 50 52 54 54 51 52 50 51 51 54 56 53 51 51 50 49 51 52
49 51 51 51 51 53 50 50 51 51 55 50 49 49 49 49 51 54 52 58 56 52 50 51 48 47 47 47 48 48 49 48 49 51 52 50 49 45 45 46 48 47 47 49 50 50 51 54 54 52 52 51 51 48 48 48 51 50 50 50 49 49 51 51 51 49 49 49 47 47 48 48 49 48 51 50 50 49 50 52 53 51 55 54 55 54 54 55 54 54 54 51 52 49 50 52
48 50 49 49 51 49 47 50 51 50 51 49 51 50 55 55 55 57 52 52 55 55 56 54 48 47 47 47 47 47 48 48 48 51 54 54 49 46 45 45 46 47 46 48 50 49 50 50 50 50 50 49 48 47 47 48 48 48 48 48 46 49 49 50 47 48 49 49 47 47 48 49 48 48 48 48 47 47 49 49 51 51 55 55 57 56 56 55 53 55 53 51 52 49 50 51
47 48 48 50 50 50 47 48 49 50 50 49 49 49 50 52 51 52 57 52 51 52 55 51 49 48 48 48 47 47 48 48 48 49 51 53 50 47 45 46 46 46 47 47 46 47 48 48 50 50 49 48 49 47 47 46 48 48 47 45 45 45 48 47 46 46 48 49 50 50 50 48 48 48 48 47 46 47 49 49 51 53 56 55 56 56 56 56 53 52 53 51 50 49 51 52
48 48 48 47 47 47 49 50 50 49 49 50 51 50 50 50 55 52 52 50 50 51 55 54 54 51 48 48 48 48 49 46 48 49 51 52 49 46 45 45 47 47 48 48 48 48 49 47 47 48 50 49 48 46 46 46 48 48 47 48 46 45 45 44 47 46 47 47 47 49 48 48 46 46 45 45 46 46 48 48 51 51 52 54 56 56 56 55 53 54 50 51 52 47 50 52
52 53 48 52 55 53 54 53 52 56 49 50 51 54 50 50 50 50 50 49 49 50 53 55 56 55 52 49 48 49 49 48 48 49 51 54 52 46 45 46 48 49 47 47 46 46 46 46 47 45 46 46 47 46 45 46 44 47 52 48 47 46 45 45 47 46 47 47 49 49 49 46 45 45 45 44 44 44 48 48 48 50 49 53 54 53 56 55 53 52 51 48 47 49 50 50
53 55 50 53 60 58 54 52 51 50 49 51 50 52 57 52 50 50 50 49 50 50 50 53 56 54 54 49 49 49 49 48 49 49 50 51 50 48 46 46 45 46 47 48 48 48 46 47 45 45 45 44 44 47 46 46 47 44 47 46 47 45 45 45 45 45 46 47 50 51 49 46 45 45 44 42 44 46 46 48 48 49 49 48 49 51 55 52 51 51 51 48 47 49 50 51
55 52 54 53 52 58 53 54 55 49 50 51 51 51 56 55 51 50 51 50 51 51 52 54 59 53 52 49 49 48 49 49 50 50 50 50 50 47 45 45 45 45 46 47 48 46 46 45 46 45 45 44 44 47 46 46 44 46 44 43 43 46 43 44 44 44 45 47 47 49 47 45 45 45 44 44 44 44 45 47 47 47 48 48 50 49 49 49 48 48 47 47 49 49 50 51
52 55 62 58 56 53 53 59 51 49 53 52 52 54 56 56 52 50 49 51 51 51 51 54 54 52 51 49 48 48 48 49 50 49 47 48 47 46 45 45 45 45 48 48 46 44 43 42 43 45 45 44 44 43 44 44 44 44 43 43 43 43 43 45 44 44 44 46 46 46 45 45 45 44 42 43 43 43 43 45 45 47 49 47 47 47 47 46 46 47 47 47 49 49 50 51
50 56 54 55 56 53 56 53 49 50 53 55 52 52 54 59 54 52 51 50 51 51 52 51 51 50 51 52 49 48 47 48 50 50 46 44 44 44 43 45 45 44 44 44 44 44 43 43 45 45 44 44 44 44 45 44 43 43 43 44 43 46 46 45 45 44 44 43 43 43 43 43 44 42 42 43 43 43 43 44 44 44 45 45 45 46 46 46 47 47 47 47 47 49 48 50
49 52 52 53 59 54 52 50 49 50 52 54 54 52 57 60 57 53 50 50 50 51 50 50 51 52 52 53 51 49 47 50 46 47 44 47 44 44 43 43 44 45 44 43 43 43 43 48 47 48 48 45 44 43 46 43 43 44 44 44 44 46 48 46 45 44 45 43 41 42 42 42 42 42 42 43 43 43 43 44 44 44 45 45 44 42 43 44 45 45 44 46 46 46 48 49
50 52 54 51 51 50 50 49 49 49 50 52 54 54 56 62 59 55 51 50 50 50 50 50 52 57 55 58 53 51 48 49 46 48 49 48 45 42 43 43 46 43 45 43 43 47 46 53 55 53 51 48 45 43 44 44 43 42 44 44 44 44 47 46 45 46 45 45 45 43 42 41 41 41 42 43 44 44 45 44 44 44 45 44 44 42 43 44 44 45 44 46 46 46 48 47
51 52 51 53 51 50 49 50 49 49 49 52 54 56 56 57 60 55 52 51 51 50 50 50 51 52 55 63 54 51 49 51 48 49 48 48 44 44 44 44 46 44 46 48 44 44 50 50 53 57 55 51 47 45 43 44 44 43 44 46 47 44 46 46 46 45 44 44 44 44 42 41 41 41 42 44 44 44 45 44 44 44 43 43 44 42 43 44 44 44 43 44 44 45 45 47
51 54 52 51 52 51 50 50 49 50 49 51 53 53 55 55 57 55 52 52 53 54 53 52 51 51 52 54 54 55 52 51 50 48 49 47 44 44 44 44 44 44 42 44 45 43 46 48 50 55 56 53 49 45 44 44 44 44 46 46 45 44 44 44 42 43 44 42 43 43 43 42 42 42 42 43 43 43 43 42 43 43 43 43 44 43 41 42 42 42 43 43 44 45 45 45
52 55 53 53 53 53 51 51 48 50 50 52 53 53 53 51 56 50 49 55 56 58 59 54 52 51 52 54 56 57 53 51 51 51 49 47 44 46 44 42 42 45 44 41 42 45 44 46 46 49 53 55 48 45 43 44 43 47 48 49 44 44 44 43 43 43 42 42 43 41 42 43 43 44 44 44 44 44 43 42 41 41 41 43 42 41 41 40 41 41 44 44 46 45 45 45
55 54 54 58 56 56 54 52 48 51 50 52 52 54 54 52 53 50 49 53 56 60 58 53 52 52 54 55 57 59 56 51 52 52 49 48 48 46 46 45 45 45 42 42 42 42 44 41 44 46 48 48 47 45 43 43 44 49 52 50 46 44 44 43 42 42 42 44 44 44 43 46 46 46 46 47 47 46 45 42 41 41 42 42 42 41 43 42 42 42 44 46 47 46 45 45
58 53 52 58 59 58 54 52 51 51 52 52 53 58 55 53 52 50 49 53 54 58 55 54 53 53 53 54 58 62 62 56 52 51 50 50 48 46 46 46 44 44 44 44 43 42 42 41 41 44 46 46 46 43 44 44 43 45 49 50 49 45 45 43 43 43 42 42 45 44 46 51 50 49 48 48 46 44 43 41 41 40 40 41 42 42 41 42 42 42 44 44 46 46 45 45
58 52 52 51 55 58 58 51 51 50 50 51 53 57 56 55 53 51 51 53 56 58 57 55 54 53 55 55 58 58 60 62 58 52 50 51 55 50 50 47 45 45 46 45 46 47 43 44 42 43 43 44 43 43 45 44 44 45 47 48 52 47 45 41 47 48 49 49 49 49 52 51 50 49 48 45 45 44 43 41 41 40 39 39 39 41 41 41 43 44 44 44 46 46 47 45
57 51 55 53 57 55 53 52 51 50 53 56 55 55 55 61 54 53 53 57 60 62 59 59 58 57 58 58 58 60 62 62 62 56 52 51 50 54 53 51 47 46 46 47 47 46 47 46 44 45 42 42 43 43 44 43 43 45 47 48 50 51 50 48 47 50 51 50 51 53 52 50 51 51 49 49 46 44 43 42 41 40 37 37 40 40 41 43 43 43 44 45 45 46 45 45
52 55 53 61 55 58 56 53 53 50 51 56 60 61 62 57 56 57 57 59 58 62 62 60 59 58 59 59 60 60 60 58 56 55 53 53 50 50 48 47 47 48 48 48 48 48 49 47 45 44 43 42 43 43 43 44 43 43 44 47 48 50 51 50 56 49 50 53 59 49 51 47 47 47 47 46 45 42 43 42 41 40 39 38 40 40 43 43 43 43 44 45 45 46 46 47
53 57 56 56 57 55 53 52 51 51 55 56 59 58 59 58 58 59 61 62 62 63 64 62 62 60 60 59 60 60 59 57 56 58 56 53 51 51 50 51 50 50 51 50 50 50 50 49 47 45 46 46 45 46 46 45 44 45 45 44 47 46 46 45 48 49 50 49 47 45 47 46 46 46 45 45 42 42 42 41 41 40 39 39 40 41 44 47 47 45 45 44 45 46 46 45
55 53 59 58 58 57 53 52 51 51 52 58 61 64 64 60 65 66 73 78 73 68 66 65 66 64 62 61 60 61 60 60 60 59 58 55 53 54 51 53 52 50 51 50 50 48 49 49 48 48 49 50 48 47 45 46 46 45 43 43 45 47 45 42 44 44 45 44 45 44 44 44 44 44 42 42 42 43 43 42 42 40 40 42 41 41 44 44 44 46 47 47 46 46 48 47
53 55 56 59 56 55 56 55 52 52 53 57 60 59 58 62 66 73 73 91 85 78 67 66 67 64 63 61 62 62 62 60 61 60 58 57 57 57 53 53 53 50 50 48 48 48 50 50 49 47 47 48 46 46 45 45 43 44 43 42 43 44 44 44 42 43 42 42 41 43 44 44 43 43 42 42 41 42 42 41 39 41 42 42 45 43 43 43 43 43 45 47 50 49 48 48
53 53 53 56 58 58 53 55 52 52 55 56 57 58 60 65 74 73 81 81 74 70 74 68 68 67 66 63 62 62 60 64 66 64 59 58 59 57 55 54 53 51 49 50 50 50 48 50 50 46 47 48 48 46 44 45 45 45 44 42 42 43 43 44 42 43 43 42 42 41 43 44 43 42 43 42 41 41 42 41 39 41 41 42 45 47 44 42 45 46 47 48 49 50 49 48
53 53 53 54 55 60 62 56 55 53 53 55 57 58 60 65 81 86 74 73 74 74 72 75 77 76 71 79 69 64 59 62 61 60 61 60 59 58 56 55 54 54 53 52 50 47 47 50 52 46 46 46 46 46 45 44 43 42 41 43 43 42 42 44 42 41 40 42 42 41 43 43 43 44 43 44 42 41 40 39 41 40 39 42 44 43 44 43 43 45 50 53 52 50 50 50
52 51 52 52 54 57 63 64 56 55 56 59 59 57 60 68 77 86 79 73 80 75 75 78 77 77 73 82 72 66 63 67 64 60 60 66 62 58 57 56 56 56 56 54 51 47 46 51 48 46 46 44 45 45 44 44 43 41 40 41 43 42 43 42 41 41 40 40 41 41 43 41 44 45 43 42 42 40 39 39 38 40 40 40 42 44 46 45 45 47 50 52 54 54 50 50
52 51 51 51 52 54 59 62 60 54 56 58 59 60 63 75 82 84 76 77 82 80 82 82 79 81 75 81 74 76 84 78 79 63 77 67 62 61 56 58 56 59 60 58 53 50 50 50 48 46 45 43 43 44 44 42 44 43 42 41 43 42 42 39 38 40 40 39 40 42 41 41 40 42 42 42 41 40 39 38 38 38 39 40 42 44 46 48 47 50 52 52 55 55 53 50
55 51 51 52 53 54 58 63 58 54 57 58 60 59 63 70 84 92 88 80 79 88 95 88 88 89 89 84 97 78 86 85 77 70 84 83 71 63 58 62 63 66 81 76 54 50 53 52 50 48 46 43 44 42 45 44 45 43 43 42 43 41 40 39 40 40 39 40 40 41 41 41 43 42 41 41 41 40 39 38 38 38 40 42 40 41 44 48 50 48 50 53 52 54 54 53
54 56 51 56 56 56 59 64 62 55 57 59 62 63 71 75 76 85 92 82 87 95 95 101 96 93 90 85 93 85 94 94 82 83 93 89 83 74 71 74 69 83 74 60 63 61 54 53 52 51 47 44 46 44 44 44 44 44 43 42 41 40 39 38 41 41 40 42 42 41 40 40 43 43 43 42 41 41 40 39 39 38 41 43 42 42 41 46 50 51 50 50 50 51 54 55
48 48 49 49 54 57 57 59 63 57 58 58 60 64 71 84 92 92 99 93 88 97 104 105 95 106 105 101 101 94 99 102 90 87 93 95 87 88 76 75 76 83 66 71 78 73 56 57 55 52 50 46 45 45 46 44 44 41 43 43 41 40 39 39 42 44 41 41 39 39 38 43 41 40 41 41 41 43 42 42 41 41 41 42 44 42 43 44 48 48 50 49 49 49 53 51
48 52 51 50 50 50 54 58 61 57 60 60 62 64 69 81 85 95 98 83 101 97 101 103 105 109 97 113 106 99 98 92 82 97 95 98 93 88 75 84 81 76 70 81 78 71 64 70 64 55 52 47 46 42 43 46 46 45 45 44 43 41 41 39 41 42 41 41 40 41 40 44 40 42 41 41 41 42 46 43 42 41 41 45 44 42 44 44 45 47 47 47 47 47 50 52
50 52 56 55 51 52 55 57 58 59 60 60 62 63 71 78 93 99 89 88 99 97 98 101 106 111 118 108 105 107 97 93 97 100 103 100 98 88 80 85 85 84 83 80 83 72 60 81 68 57 49 51 48 45 46 48 47 49 46 45 44 42 40 39 41 42 41 42 42 43 41 40 40 39 40 41 39 41 43 43 44 41 41 43 42 42 44 44 45 45 47 45 46 46 47 49
54 50 57 59 58 54 55 56 57 62 60 64 63 65 70 80 82 98 89 106 94 102 105 107 104 113 113 101 100 99 94 90 92 98 98 103 98 100 88 93 90 93 92 84 73 67 79 74 77 70 70 58 58 53 50 49 50 55 51 50 46 44 40 38 39 39 40 41 43 45 45 46 40 41 40 43 39 40 40 41 42 43 41 42 42 42 46 44 45 45 45 45 46 46 47 47
46 51 59 62 59 62 58 59 58 59 64 63 66 67 69 75 88 92 103 97 92 99 101 106 107 106 104 97 98 99 92 97 92 93 98 105 103 102 96 99 95 94 96 93 86 84 83 82 79 68 64 63 55 61 60 59 49 66 50 56 50 49 48 43 38 38 40 43 42 42 42 41 40 39 39 39 39 40 39 39 39 40 40 42 42 45 46 46 44 45 45 45 46 46 47 47
47 47 52 60 58 57 57 58 58 64 68 67 74 64 67 75 79 95 92 93 106 108 107 111 110 110 103 103 100 99 101 96 95 102 105 99 107 103 101 103 102 103 108 102 93 95 94 89 84 68 65 61 65 67 69 72 62 62 66 57 57 56 46 41 39 38 41 41 42 42 43 38 38 39 39 39 38 39 38 39 41 39 40 43 44 44 46 46 46 47 45 47 47 47 48 47
48 46 48 51 59 62 59 56 56 61 66 71 63 64 67 73 84 78 99 97 106 105 102 105 106 108 103 101 101 104 101 106 106 107 104 101 112 115 106 109 103 113 125 113 105 101 99 88 83 81 77 78 80 73 71 65 67 65 68 65 62 56 55 43 40 41 42 45 43 43 41 38 38 40 40 40 38 39 41 42 39 38 40 43 44 44 46 47 46 46 45 47 47 47 46 47
56 50 48 53 58 58 55 54 55 57 67 71 63 64 72 74 73 78 86 102 99 101 108 109 108 109 109 106 106 105 105 102 107 110 113 112 108 123 120 116 115 122 139 142 119 116 105 96 90 89 82 71 80 76 71 73 72 71 70 67 65 61 50 50 48 43 44 44 44 42 39 38 40 41 43 43 40 39 38 39 39 39 41 42 44 44 45 46 46 46 45 45 47 47 46 48
52 51 53 44 47 51 52 51 52 56 59 64 67 63 63 65 78 77 90 95 99 102 113 116 111 111 110 111 109 112 109 108 112 113 124 133 123 123 124 123 125 127 137 142 124 121 102 115 107 91 85 78 78 76 76 76 74 73 70 70 62 59 62 52 54 50 44 44 40 39 35 38 40 40 40 40 40 44 40 37 39 39 40 41 43 44 44 46 46 44 45 44 44 46 46 47
52 50 48 44 45 45 49 51 55 55 60 65 66 62 64 66 70 78 92 101 99 104 108 111 108 111 114 116 116 112 119 118 114 127 136 139 127 122 125 125 125 127 131 124 129 120 118 107 110 98 84 77 74 74 76 73 72 70 70 68 67 66 64 58 59 52 50 47 45 39 37 41 40 38 40 42 40 39 38 40 39 39 44 46 43 43 44 44 46 46 45 44 44 44 45 47
