grids/precipitation/oct/RSMS_10_1881_01.asc
NCOLS 654
NROWS 866
XLLCORNER 3280414.711633467
YLLCORNER 5237500.62890625
CELLSIZE 1000
NODATA_VALUE -999
[rows 765 to 815 of 866, columns 96 to 191 of 654]
-999 -999 -999 -999 -999 -999 -999 -999 -999 -999 -999 -999 -999 -999 -999 -999 -999 -999 -999 -999 -999 66 66 68 69 68 68 67 66 68 68 69 73 77 76 77 79 86 92 91 93 91 92 93 95 106 107 111 103 107 107 102 106 100 95 101 108 122 141 132 121 126 133 131 118 111 94 111 112 108 112 111 102 99 89 90 83 83 79 78 75 69 65 59 63 60 62 63 61 62 64 63 61 60 59 57
-999 -999 -999 -999 -999 -999 -999 -999 -999 -999 -999 -999 -999 -999 -999 -999 -999 -999 -999 -999 66 66 67 68 68 68 68 68 68 68 69 70 71 76 74 79 76 87 91 91 88 95 95 88 100 97 109 105 105 100 102 107 105 96 98 110 118 127 133 137 131 133 135 132 115 109 98 118 107 110 115 108 108 95 98 91 91 84 81 74 72 68 64 61 62 63 60 63 58 61 63 64 62 60 59 58
-999 -999 -999 -999 -999 -999 -999 -999 -999 -999 -999 -999 -999 -999 -999 -999 -999 -999 -999 64 65 65 67 67 67 68 68 69 69 69 69 71 71 74 77 77 78 89 90 91 92 93 98 89 94 108 108 99 108 110 103 95 104 99 107 106 112 114 123 141 134 134 140 132 129 124 110 115 110 117 113 106 105 99 100 95 89 85 76 72 70 69 66 65 64 63 60 59 62 58 62 63 62 60 58 59
-999 -999 -999 -999 -999 -999 -999 -999 -999 -999 -999 -999 -999 -999 -999 -999 -999 -999 -999 64 67 64 65 67 67 67 68 69 69 73 74 71 72 73 76 74 79 79 89 88 88 88 99 94 105 99 102 95 108 103 103 94 99 107 120 114 107 122 124 146 136 137 139 138 137 131 120 115 117 115 117 111 109 102 102 93 91 88 79 71 70 69 64 65 64 61 62 60 63 61 63 63 60 59 57 56
-999 -999 -999 -999 -999 -999 -999 -999 -999 -999 -999 -999 -999 -999 -999 -999 -999 -999 -999 63 63 63 64 65 67 71 72 72 72 73 71 71 72 73 74 75 78 79 89 89 90 92 88 97 94 108 98 97 99 100 96 102 106 107 130 121 118 126 138 140 141 137 139 135 130 136 126 121 122 118 120 116 112 107 98 94 88 86 80 73 69 67 69 66 64 63 60 61 61 59 57 62 61 58 57 55
-999 -999 -999 -999 -999 -999 -999 -999 -999 -999 -999 -999 -999 -999 -999 -999 -999 -999 60 60 64 63 66 70 73 74 72 75 74 74 71 72 73 73 74 74 77 79 84 88 86 86 93 99 104 101 106 101 95 97 104 116 129 118 125 137 147 139 155 146 140 143 144 142 142 130 132 111 114 113 118 115 109 102 100 96 89 85 83 75 72 71 68 66 65 62 61 61 57 58 61 60 54 57 54 56
-999 -999 -999 -999 -999 -999 -999 -999 -999 -999 -999 -999 -999 -999 -999 -999 -999 -999 59 60 62 63 68 71 75 81 78 82 76 72 71 71 72 73 74 76 77 77 77 84 84 87 87 95 104 99 102 111 96 97 100 110 122 137 141 137 141 149 156 154 141 144 144 141 142 138 134 127 119 118 122 113 109 104 96 95 92 85 80 76 72 71 70 66 64 63 60 59 60 60 61 58 55 53 56 53
-999 -999 -999 -999 -999 -999 -999 -999 -999 -999 -999 -999 -999 -999 -999 -999 -999 -999 59 62 59 66 72 80 81 81 86 78 77 74 70 71 72 73 74 76 76 77 77 79 82 90 85 95 96 94 106 97 97 104 113 101 120 123 124 132 150 162 160 155 146 145 146 140 140 142 135 132 126 126 122 114 109 107 103 93 92 89 79 77 73 71 67 66 64 63 60 58 61 60 61 58 56 56 54 52
-999 -999 -999 -999 -999 -999 -999 -999 -999 -999 -999 -999 -999 -999 -999 -999 -999 -999 60 59 59 62 72 69 73 79 90 77 74 74 70 71 76 73 75 76 76 77 79 80 80 88 83 91 95 102 92 96 99 106 126 111 105 113 124 151 140 147 145 154 152 144 146 147 139 142 138 137 126 131 122 115 114 106 100 97 89 84 80 78 74 71 68 65 64 61 59 63 63 59 59 58 56 53 52 57
-999 -999 -999 -999 -999 -999 -999 -999 -999 -999 -999 -999 -999 -999 -999 -999 -999 60 60 60 61 63 65 77 75 80 94 78 74 74 70 71 76 73 75 76 77 79 79 79 81 82 87 89 95 88 93 96 105 109 125 130 118 120 127 138 140 133 144 158 155 148 146 145 143 138 138 137 131 128 121 118 110 108 102 98 91 86 81 78 74 70 70 66 64 63 61 64 63 61 59 54 54 54 59 59
-999 -999 -999 -999 -999 -999 -999 -999 -999 -999 -999 -999 -999 -999 -999 -999 -999 62 62 63 68 68 72 81 95 92 80 76 74 74 70 71 75 73 74 76 76 77 79 80 80 82 83 86 86 90 95 101 114 126 126 145 135 131 125 128 147 151 139 145 154 146 142 145 141 137 134 133 127 119 115 112 109 102 97 93 92 88 83 77 73 70 67 68 65 66 64 62 61 61 58 56 55 56 58 58
-999 -999 -999 -999 -999 -999 -999 -999 -999 -999 -999 -999 -999 -999 -999 -999 -999 63 63 63 72 77 79 81 86 81 75 75 71 70 71 71 74 73 74 76 76 78 79 80 82 86 83 83 97 100 112 106 114 146 137 156 131 148 148 140 133 147 133 142 151 152 143 145 139 139 132 123 119 122 117 113 110 105 102 92 88 87 82 72 72 69 66 66 64 64 63 60 61 59 58 57 57 56 56 57
-999 -999 -999 -999 -999 -999 -999 -999 -999 -999 -999 -999 -999 -999 -999 -999 -999 64 64 65 68 74 81 86 80 80 81 70 72 70 71 72 72 73 75 76 77 78 78 80 81 84 84 90 99 111 116 115 129 139 163 153 139 143 160 138 124 146 147 139 142 150 140 137 138 131 134 126 119 118 114 107 109 106 99 96 91 85 79 71 70 68 63 63 65 64 63 61 57 57 57 55 55 58 60 58
-999 -999 -999 -999 -999 -999 -999 -999 -999 -999 -999 -999 -999 -999 -999 -999 -999 63 64 64 69 71 77 81 72 77 70 70 71 73 74 73 74 74 78 75 77 78 78 81 81 84 86 89 98 110 106 115 131 149 158 152 154 154 153 137 118 136 146 148 142 147 145 140 135 130 130 119 117 112 108 103 108 106 101 97 92 85 80 74 70 66 62 61 62 63 61 60 58 55 55 56 58 57 60 60
-999 -999 -999 -999 -999 -999 -999 -999 -999 -999 -999 -999 -999 -999 -999 -999 -999 62 63 64 67 71 70 78 74 72 72 71 74 72 72 73 74 74 76 78 77 78 81 81 83 84 95 89 90 93 95 104 115 130 146 139 144 144 147 139 119 124 149 142 140 144 142 134 125 125 126 113 116 116 109 101 109 107 102 95 89 85 79 73 69 66 62 60 64 63 60 57 56 56 55 58 55 61 60 61
-999 -999 -999 -999 -999 -999 -999 -999 -999 -999 -999 -999 -999 -999 -999 -999 -999 63 62 64 66 67 71 73 74 72 72 74 77 72 72 74 75 75 75 77 77 79 81 82 86 91 93 90 102 96 103 100 114 118 136 130 137 144 143 144 124 121 135 137 139 140 137 129 128 123 113 114 106 103 103 103 102 106 101 95 89 86 79 71 68 67 65 63 65 64 60 56 56 58 57 59 59 58 61 60
-999 -999 -999 -999 -999 -999 -999 -999 -999 -999 -999 -999 -999 -999 -999 -999 -999 58 61 63 67 69 71 72 74 74 73 77 73 72 72 73 75 74 75 78 78 79 81 82 88 88 95 93 102 117 105 116 104 115 126 132 142 143 146 146 147 122 145 139 137 136 132 129 128 132 123 117 118 111 112 104 103 99 99 94 87 85 78 71 68 65 64 62 61 61 58 55 55 55 58 60 60 61 60 60
-999 -999 -999 -999 -999 -999 -999 -999 -999 -999 -999 -999 -999 -999 -999 -999 -999 -999 58 63 66 67 71 72 73 72 78 73 72 72 72 74 75 74 76 76 77 79 82 86 100 93 97 97 104 128 126 126 127 131 116 125 129 131 143 151 154 136 130 139 136 131 137 134 130 124 116 112 108 111 112 112 95 103 100 93 89 83 78 73 70 65 64 62 62 60 56 53 52 53 56 58 58 59 59 61
-999 -999 -999 -999 -999 -999 -999 -999 -999 -999 -999 -999 -999 -999 -999 -999 -999 -999 -999 65 66 67 69 70 74 75 76 74 71 73 74 74 76 76 75 74 76 81 86 94 95 114 108 116 108 115 111 109 109 114 123 124 126 123 137 146 153 143 125 129 123 125 124 124 127 125 125 121 119 116 108 97 100 103 98 93 88 83 79 73 71 68 66 61 62 60 56 52 50 51 58 57 56 59 59 64
-999 -999 -999 -999 -999 -999 -999 -999 -999 -999 -999 -999 -999 -999 -999 -999 -999 -999 -999 -999 66 67 69 70 76 75 73 72 71 72 74 76 76 76 75 76 76 81 82 89 99 99 96 105 97 104 108 98 107 120 129 117 119 125 128 143 147 144 140 122 131 136 133 124 124 122 114 111 108 107 98 103 101 93 95 90 88 85 77 72 71 68 65 60 62 62 56 52 50 53 57 57 55 57 58 64
-999 -999 -999 -999 -999 -999 -999 -999 -999 -999 -999 -999 -999 -999 -999 -999 -999 -999 -999 -999 66 67 68 70 70 76 73 72 72 72 72 74 76 76 78 78 79 81 87 87 89 93 89 95 101 96 97 106 118 113 106 118 117 114 136 131 142 146 129 129 129 133 131 125 123 123 117 117 111 114 106 96 96 87 86 87 87 83 78 72 72 69 67 60 63 61 56 52 51 52 57 56 55 56 57 60
-999 -999 -999 -999 -999 -999 -999 -999 -999 -999 -999 -999 -999 -999 -999 -999 -999 -999 -999 -999 65 67 68 68 69 74 71 69 70 72 72 74 75 76 78 78 80 81 81 82 82 82 79 82 88 92 93 103 103 103 120 117 107 122 118 136 133 136 137 136 131 125 125 127 124 120 112 111 111 111 107 95 97 95 92 81 78 79 77 72 68 68 63 63 60 59 55 54 54 56 58 56 55 56 56 58
-999 -999 -999 -999 -999 -999 -999 -999 -999 -999 -999 -999 -999 -999 -999 -999 -999 -999 -999 -999 65 66 67 68 67 73 71 69 69 70 71 74 75 76 79 78 83 82 95 93 93 84 84 85 89 93 96 101 103 101 113 109 118 125 128 129 127 131 137 131 127 120 125 124 117 112 109 108 105 98 103 97 97 95 90 85 84 76 76 71 67 68 66 62 60 60 57 54 57 56 59 57 56 57 56 58
-999 -999 -999 -999 -999 -999 -999 -999 -999 -999 -999 -999 -999 -999 -999 -999 -999 -999 -999 -999 65 65 65 66 67 69 68 69 69 70 70 72 77 90 89 83 85 89 91 96 98 101 95 90 93 96 99 101 101 109 113 112 118 111 112 114 129 131 132 121 121 125 111 111 117 114 113 111 107 100 99 101 96 93 91 88 84 81 76 68 67 65 66 64 59 60 57 56 56 56 58 57 57 56 54 56
-999 -999 -999 -999 -999 -999 -999 -999 -999 -999 -999 -999 -999 -999 -999 -999 -999 -999 -999 -999 64 64 65 66 67 67 68 68 70 71 72 74 79 89 101 86 83 97 92 98 109 93 99 100 100 100 105 104 103 104 104 119 118 127 121 119 130 132 123 120 116 119 114 105 112 112 111 105 103 101 99 99 98 93 91 86 83 79 75 70 67 65 66 64 58 60 57 55 55 56 57 58 57 55 54 54
-999 -999 -999 -999 -999 -999 -999 -999 -999 -999 -999 -999 -999 -999 -999 -999 -999 -999 -999 63 64 64 63 65 66 66 68 68 70 71 76 82 85 93 93 86 88 93 91 102 102 112 102 115 106 108 117 126 113 122 126 118 132 119 131 128 130 130 123 116 112 104 113 99 108 100 108 108 101 101 99 97 95 93 89 87 83 78 75 71 67 65 80 66 61 55 55 55 55 57 57 57 57 56 56 53
-999 -999 -999 -999 -999 -999 -999 -999 -999 -999 -999 -999 -999 -999 -999 -999 -999 -999 63 63 62 62 63 64 65 66 68 67 70 77 72 81 94 87 87 90 99 93 98 93 109 103 123 132 121 118 120 126 118 114 114 135 132 132 129 122 119 132 127 117 113 104 112 99 95 101 102 102 100 97 95 92 89 89 89 83 80 76 72 70 67 65 69 66 64 59 53 55 55 55 57 56 55 55 52 52
-999 -999 -999 -999 -999 -999 -999 -999 -999 -999 -999 -999 -999 -999 -999 -999 -999 -999 62 62 62 61 62 64 66 66 68 68 70 74 81 89 88 86 86 97 100 104 97 96 116 122 139 132 123 128 122 136 133 130 126 119 138 130 121 117 116 122 120 120 113 105 97 92 104 101 100 97 97 96 95 93 90 86 83 80 81 77 72 68 66 66 66 64 62 61 56 56 55 55 55 56 55 54 55 48
-999 -999 -999 -999 -999 -999 -999 -999 -999 -999 -999 -999 -999 -999 -999 -999 -999 -999 62 62 63 63 64 65 66 66 66 67 70 72 78 83 83 84 93 109 117 120 103 113 132 122 139 128 126 136 138 128 140 151 136 117 114 129 121 115 121 118 122 119 114 112 98 97 102 92 100 94 96 94 94 92 88 86 81 79 77 76 72 70 69 69 66 64 63 61 60 57 56 55 55 55 55 54 56 55
-999 -999 -999 -999 -999 -999 -999 -999 -999 -999 -999 -999 -999 -999 -999 -999 -999 -999 63 64 64 64 64 65 66 66 65 66 70 74 76 80 84 94 99 94 108 109 121 124 127 118 138 128 136 151 151 144 127 150 151 150 136 121 109 119 119 115 115 117 112 102 101 96 93 94 91 90 94 95 92 89 86 83 78 77 75 74 74 73 73 71 71 70 69 66 64 61 59 57 56 56 54 53 53 54
-999 -999 -999 -999 -999 -999 -999 -999 -999 -999 -999 -999 -999 -999 -999 -999 -999 -999 62 64 65 63 65 66 68 67 67 69 72 74 80 84 86 95 108 102 107 114 127 143 140 134 128 126 145 165 162 160 149 129 149 151 136 136 125 125 117 115 113 108 107 104 110 101 98 89 90 94 91 96 89 87 85 81 78 77 76 74 71 74 75 74 72 72 72 69 66 63 62 60 58 56 56 56 55 57
-999 -999 -999 -999 -999 -999 -999 -999 -999 -999 -999 -999 -999 -999 -999 -999 -999 -999 65 65 65 65 65 65 66 67 68 72 74 78 83 89 94 96 98 114 114 132 133 140 153 155 140 145 133 148 155 164 154 140 151 153 145 138 144 132 119 121 117 107 107 116 121 118 105 95 93 97 96 92 88 84 81 78 76 75 76 76 73 72 74 73 74 74 71 70 66 64 62 61 60 59 57 69 61 68
-999 -999 -999 -999 -999 -999 -999 -999 -999 -999 -999 -999 -999 -999 -999 -999 -999 66 66 65 65 65 66 59 65 67 70 73 74 81 91 95 104 109 113 122 122 112 125 138 154 150 144 155 163 145 138 151 163 146 155 146 140 137 139 129 126 117 112 108 121 113 110 110 113 109 98 92 95 90 85 85 81 76 73 72 73 70 70 68 68 72 72 74 74 70 70 67 63 64 68 68 70 69 68 63
-999 -999 -999 -999 -999 -999 -999 -999 -999 -999 -999 -999 -999 -999 -999 -999 -999 66 66 64 65 64 65 64 68 68 72 74 77 89 108 116 119 119 117 105 107 121 128 148 161 155 160 168 180 173 155 143 165 160 163 150 143 136 138 129 124 113 122 120 109 108 104 103 104 102 102 89 95 90 85 84 82 75 70 72 75 72 70 68 68 68 70 71 69 71 65 68 68 69 63 65 71 70 69 66
-999 -999 -999 -999 -999 -999 -999 -999 -999 -999 -999 -999 -999 -999 -999 -999 -999 65 65 65 65 65 65 69 70 72 74 81 83 84 99 101 105 110 103 114 137 123 137 157 165 160 156 167 167 174 175 164 169 173 169 153 147 142 132 136 131 132 120 120 119 116 111 102 104 99 99 95 93 94 87 84 81 76 73 73 73 72 71 71 68 66 71 69 67 69 61 65 63 62 63 70 69 69 66 63
-999 -999 -999 -999 -999 -999 -999 -999 -999 -999 -999 -999 -999 -999 -999 -999 -999 65 66 66 66 66 69 71 74 75 81 89 100 101 100 93 104 98 109 127 151 132 151 160 156 162 154 158 166 166 170 170 152 151 174 168 160 157 153 145 130 130 129 124 121 113 104 104 102 97 93 89 91 85 86 85 84 81 77 73 73 70 70 68 68 64 69 67 67 66 61 65 62 62 64 60 67 63 63 61
-999 -999 -999 -999 -999 -999 -999 -999 -999 -999 -999 -999 -999 -999 -999 -999 -999 65 66 66 67 69 71 72 76 78 86 101 107 103 107 108 105 110 130 129 143 142 145 159 152 152 154 163 155 164 149 162 139 163 172 165 156 161 167 156 138 137 129 125 122 119 120 114 103 104 100 97 91 84 75 77 76 73 70 69 67 67 68 67 64 61 68 65 68 67 55 62 63 63 65 60 65 58 59 61
-999 -999 -999 -999 -999 -999 -999 -999 -999 -999 -999 -999 -999 -999 -999 -999 -999 66 67 68 69 74 72 74 78 83 89 94 107 120 110 114 122 108 117 132 153 163 163 148 144 162 154 140 152 158 145 145 160 173 176 166 168 161 173 160 147 139 128 135 125 127 122 119 118 109 106 97 93 85 78 73 69 60 71 66 67 67 60 68 68 63 62 61 65 60 55 66 61 60 59 59 59 62 61 65
-999 -999 -999 -999 -999 -999 -999 -999 -999 -999 -999 -999 -999 -999 -999 -999 62 64 67 69 71 75 75 80 83 88 102 100 98 116 131 122 119 112 143 138 154 175 174 163 148 144 164 146 139 133 133 152 172 179 179 174 168 162 166 166 144 136 128 131 133 121 122 123 122 119 111 100 98 90 81 71 69 71 67 67 65 67 65 72 71 70 68 61 60 56 52 57 58 56 58 62 65 65 60 64
-999 -999 -999 -999 -999 -999 -999 -999 -999 -999 -999 -999 -999 -999 -999 -999 62 64 68 70 74 76 78 84 92 102 109 103 117 118 113 128 135 125 148 178 186 173 167 139 149 157 163 146 136 156 157 161 161 156 163 186 168 165 161 161 155 144 129 122 130 122 121 120 122 119 112 107 103 94 84 71 68 70 72 75 73 75 76 74 75 75 74 72 70 65 54 63 65 58 63 65 63 68 62 65
-999 -999 -999 -999 -999 -999 -999 -999 -999 -999 -999 -999 -999 -999 -999 -999 64 65 69 71 75 78 86 94 91 101 108 122 121 119 135 133 127 140 157 167 174 166 170 157 152 139 154 145 140 159 158 170 152 164 155 173 175 151 153 165 154 153 136 123 121 120 119 122 122 119 108 97 101 93 85 76 69 63 65 75 76 76 78 77 76 75 74 71 70 68 60 59 56 55 60 66 66 65 63 64
-999 -999 -999 -999 -999 -999 -999 -999 -999 -999 -999 -999 -999 -999 -999 65 68 69 71 79 76 82 84 85 90 98 101 118 128 143 146 151 151 151 156 156 137 160 161 161 145 146 155 142 148 139 158 159 159 153 150 152 159 158 143 158 158 153 147 137 129 121 120 121 118 113 111 105 98 92 79 75 69 65 65 71 76 76 77 77 77 77 72 66 66 70 66 64 59 59 63 69 70 65 65 59
-999 -999 -999 -999 -999 -999 -999 -999 -999 -999 -999 -999 -999 -999 68 69 71 71 72 82 80 85 86 95 110 111 115 135 144 154 149 156 163 154 150 146 155 156 156 154 157 144 149 159 153 145 167 144 168 159 152 136 143 143 139 156 146 153 148 146 141 128 119 113 111 109 105 101 99 94 90 86 79 74 70 75 72 76 75 78 78 78 77 76 71 68 70 66 63 67 72 66 67 67 66 63
-999 -999 -999 -999 -999 -999 -999 -999 -999 -999 -999 -999 -999 -999 68 71 71 72 76 84 82 90 93 96 116 139 146 144 159 159 153 157 163 159 149 144 166 151 152 151 146 151 165 158 159 151 149 159 162 158 147 145 140 137 135 135 139 140 147 137 133 128 120 120 118 109 98 98 97 94 88 85 79 80 76 76 75 73 70 79 77 70 72 77 76 66 68 63 70 70 78 73 -999 -999 -999 61
-999 -999 -999 -999 -999 -999 -999 -999 -999 -999 -999 -999 -999 -999 71 72 72 73 82 90 89 91 102 104 113 129 146 135 140 151 149 148 155 157 148 148 166 162 148 154 149 168 158 166 178 160 143 145 158 155 158 147 147 144 133 130 130 146 153 140 139 128 116 119 118 104 96 92 96 95 89 87 80 83 77 83 80 79 69 71 72 74 76 72 75 71 71 72 66 70 81 81 -999 -999 -999 61
-999 -999 -999 -999 -999 -999 -999 -999 -999 -999 -999 -999 -999 -999 73 73 74 81 81 84 85 94 94 102 115 132 140 129 138 148 151 137 151 157 158 145 158 170 155 137 149 176 179 176 176 165 160 165 168 162 156 159 146 139 133 137 139 136 151 141 141 133 113 119 113 102 101 96 94 96 92 89 86 78 81 87 85 79 81 79 75 73 73 74 74 71 75 71 -999 -999 -999 -999 -999 -999 -999 61
-999 -999 -999 -999 -999 -999 -999 -999 -999 -999 -999 -999 -999 -999 74 74 74 77 82 85 89 87 93 105 122 116 131 125 143 137 138 133 149 150 152 143 159 168 156 145 144 152 151 156 166 172 174 172 168 160 170 154 147 143 138 145 145 141 145 139 137 132 118 115 113 108 103 101 98 92 94 91 89 84 80 84 88 86 82 82 81 80 75 74 70 -999 -999 -999 -999 -999 -999 -999 -999 -999 -999 63
-999 -999 -999 -999 -999 -999 -999 -999 -999 -999 -999 -999 -999 -999 73 74 82 76 82 81 84 90 93 99 115 116 129 128 142 148 138 133 148 142 145 137 159 169 158 143 146 159 157 166 167 166 174 169 164 161 169 160 149 147 145 139 138 138 140 125 123 123 109 114 113 105 107 102 99 95 91 90 91 85 80 85 88 86 87 84 81 77 75 67 -999 -999 -999 -999 -999 -999 -999 -999 -999 -999 -999 -999
-999 -999 -999 -999 -999 -999 -999 -999 -999 -999 -999 -999 -999 -999 -999 77 84 85 78 81 93 95 100 101 102 117 121 123 149 140 138 132 140 134 131 140 155 164 150 136 156 157 163 160 152 157 171 162 164 156 158 154 148 146 147 143 141 141 136 115 123 118 110 101 111 109 105 101 98 96 92 90 88 87 81 86 89 85 86 83 81 73 71 74 -999 -999 -999 -999 -999 -999 -999 -999 -999 -999 -999 -999
-999 -999 -999 -999 -999 -999 -999 -999 -999 -999 -999 -999 -999 -999 -999 77 84 83 83 83 88 91 102 94 105 105 110 133 146 146 139 131 132 131 133 149 155 168 142 126 148 148 143 143 160 160 169 158 151 158 154 153 146 141 150 147 139 139 132 116 125 116 115 108 109 108 100 105 98 96 94 90 87 88 84 89 87 87 87 81 83 72 78 -999 -999 -999 -999 -999 -999 -999 -999 -999 -999 -999 -999 -999
-999 -999 -999 -999 -999 -999 -999 -999 -999 -999 -999 -999 -999 -999 71 80 80 81 87 91 82 87 91 97 97 107 118 143 143 152 142 133 132 124 148 149 142 140 137 130 124 140 146 153 159 160 158 155 140 152 152 148 147 140 145 139 133 125 127 118 124 120 119 111 93 112 104 103 99 95 92 89 86 89 82 89 89 80 87 85 85 78 78 -999 -999 -999 -999 -999 -999 -999 -999 -999 -999 -999 -999 -999
