grids/precipitation/oct/RSMS_10_1883_01.asc
NCOLS 654
NROWS 866
XLLCORNER 3280414.711633467
YLLCORNER 5237500.62890625
CELLSIZE 1000
NODATA_VALUE -999
[rows 780 to 831 of 866, columns 192 to 287 of 654]
64 61 65 69 66 64 69 67 74 73 66 63 73 75 75 75 76 67 77 72 70 73 60 70 64 69 72 75 72 74 74 72 72 71 69 67 67 65 64 65 62 65 64 63 63 61 63 66 67 66 64 64 66 63 62 62 62 62 64 65 65 65 65 67 67 67 68 70 68 67 70 71 71 67 70 70 71 71 73 74 71 71 71 71 70 70 67 69 71 75 70 73 77 77 78 77
65 63 64 65 64 65 66 65 74 75 68 64 76 78 78 77 71 73 66 62 67 61 70 62 63 67 70 75 73 74 70 72 70 69 68 66 66 66 64 64 64 66 65 64 63 63 62 62 63 64 64 65 65 65 64 62 62 65 67 65 64 65 68 67 67 68 67 70 70 68 70 70 71 70 70 71 71 72 73 73 71 71 72 71 70 67 68 73 75 76 74 78 77 78 78 78
65 63 69 71 67 64 65 65 75 76 66 68 79 80 72 73 73 64 62 61 65 68 59 69 65 73 74 74 75 72 70 69 67 66 65 65 64 64 64 67 67 66 67 67 63 63 64 66 66 64 65 68 65 66 65 64 65 65 66 66 66 66 68 67 67 67 67 70 70 71 73 71 71 70 73 73 72 73 73 72 72 71 70 70 68 68 70 76 76 75 75 77 78 79 77 78
66 63 64 66 64 62 61 62 75 69 66 71 81 83 78 74 73 62 62 63 68 59 61 69 61 69 71 73 72 72 71 68 68 67 65 63 64 64 64 65 67 69 69 64 64 64 64 66 67 67 67 68 65 65 64 65 66 65 65 66 65 65 67 68 68 68 68 70 73 74 74 72 74 73 73 74 73 74 74 74 73 73 70 71 71 71 72 76 78 73 77 77 77 80 76 78
67 65 62 62 65 73 74 62 73 65 65 72 78 76 66 64 63 62 69 67 63 61 61 69 70 71 73 74 73 71 68 66 65 64 63 64 64 64 66 64 68 66 64 70 66 64 67 67 68 68 68 68 65 67 67 67 65 66 64 66 66 66 68 68 68 66 69 71 72 73 74 76 74 73 74 74 73 74 74 71 73 73 71 71 73 74 78 76 77 73 76 80 80 81 79 78
67 67 71 73 62 64 71 62 70 72 65 69 77 69 65 69 65 67 64 67 67 64 67 69 71 72 73 69 69 69 69 67 64 63 64 64 62 62 65 67 64 65 67 67 67 64 68 68 68 70 70 67 65 68 68 66 67 66 65 65 66 67 68 68 69 69 69 71 71 73 76 76 76 76 76 73 73 73 73 73 71 71 71 73 73 73 79 76 76 76 77 79 81 81 80 78
64 65 65 72 72 70 63 64 63 63 64 65 68 68 65 73 70 68 68 72 72 72 67 71 68 70 71 70 68 67 68 67 66 66 66 64 65 69 68 68 68 68 69 69 65 68 67 70 70 70 71 71 67 68 70 66 69 66 64 66 67 69 69 68 69 70 71 74 70 73 74 75 79 79 78 74 72 73 73 73 73 73 72 73 74 71 73 76 75 76 78 81 81 81 81 81
63 68 66 65 73 72 71 70 66 66 73 72 63 64 66 67 68 71 68 73 72 72 70 69 70 71 71 71 70 70 68 69 67 67 67 67 68 68 68 68 71 71 69 70 69 71 69 72 71 71 71 71 71 68 68 67 70 66 66 64 68 68 68 69 71 72 72 73 73 72 73 77 78 79 78 75 73 73 74 74 74 73 73 73 74 73 74 75 76 80 79 82 81 83 83 82
63 63 69 72 63 72 72 73 70 61 70 62 66 68 63 64 69 73 71 72 72 71 71 70 70 70 68 70 69 68 68 67 67 67 68 70 67 70 71 70 71 71 71 71 69 70 73 73 73 73 71 72 71 69 68 69 69 69 68 69 68 69 70 71 74 71 71 75 74 74 72 76 77 79 78 76 73 74 74 74 74 74 74 73 74 74 74 76 76 80 79 80 84 85 85 83
68 60 60 70 70 69 68 70 68 66 66 61 70 72 71 67 63 68 71 70 71 71 71 71 70 70 70 70 70 71 70 69 69 69 68 71 71 71 71 71 73 74 73 71 71 74 74 71 73 73 73 73 72 71 70 69 69 69 69 70 71 71 73 72 73 72 74 74 75 72 74 75 77 79 79 76 73 74 74 74 74 74 74 74 74 76 76 76 76 76 80 81 84 85 87 85
68 60 62 68 65 66 62 69 66 59 61 62 64 69 72 72 65 70 70 71 71 71 70 71 69 72 70 70 71 70 71 71 71 72 70 71 74 74 73 73 76 75 76 74 73 77 77 74 78 75 76 76 77 74 76 72 72 72 70 72 72 74 75 72 74 75 75 72 72 73 73 74 75 76 77 74 74 75 75 75 74 76 74 75 76 76 74 77 77 78 81 80 84 84 85 84
61 64 62 57 59 63 68 62 65 58 68 70 71 66 72 71 67 65 71 71 72 70 71 69 70 70 70 71 73 73 73 75 73 73 72 73 75 75 75 75 78 77 77 74 74 78 78 78 78 78 78 77 77 76 76 74 73 73 73 75 77 75 75 77 77 77 75 77 75 74 73 74 77 76 77 73 77 76 74 74 76 75 74 76 76 76 78 77 77 79 82 83 84 83 84 85
53 53 64 70 70 63 62 58 59 61 68 71 71 71 75 71 68 67 68 70 71 70 71 70 70 70 71 73 73 72 74 76 73 73 74 76 75 75 76 77 77 77 78 78 78 76 79 80 79 80 79 77 79 77 78 74 76 77 77 77 76 76 77 79 79 78 76 75 74 74 75 75 74 74 76 74 77 76 77 76 76 77 75 74 74 77 78 77 78 84 84 86 82 82 82 82
51 52 58 61 58 58 62 61 64 64 63 69 69 72 71 67 66 67 69 69 69 70 71 71 71 71 73 72 73 74 76 76 73 74 75 76 76 76 78 78 79 77 78 79 78 78 81 83 81 79 79 79 79 78 77 76 76 79 81 80 80 81 81 81 81 79 78 77 75 76 76 75 74 76 76 76 77 73 76 77 76 76 74 74 74 76 77 79 82 88 87 82 82 82 82 82
55 55 58 61 66 58 66 67 65 66 64 67 69 69 66 67 68 66 70 69 68 69 70 68 73 71 73 74 73 76 74 73 75 76 76 77 77 77 80 80 81 81 81 79 79 81 83 83 81 82 83 82 81 79 79 79 79 79 82 82 84 86 88 84 81 81 80 77 77 77 75 75 77 77 77 76 77 75 77 79 77 76 74 73 72 76 78 78 86 88 84 82 83 83 82 86
70 65 63 63 65 66 67 68 63 64 63 67 66 67 67 67 68 68 68 69 69 70 67 68 73 71 73 76 72 74 73 76 76 76 77 77 78 78 79 81 81 81 79 81 81 83 83 83 81 83 84 83 86 81 80 81 82 82 82 82 82 85 86 84 81 80 80 79 79 79 78 78 78 78 76 77 79 77 77 77 77 77 75 76 77 78 81 83 88 86 84 83 83 83 83 84
63 67 59 66 67 62 68 68 64 60 60 66 60 65 66 66 64 63 69 71 69 67 68 67 68 71 74 71 71 73 76 77 76 75 76 77 79 80 82 84 82 81 81 82 83 86 84 83 83 81 84 85 86 88 85 83 84 84 83 83 83 83 84 85 82 81 80 80 80 80 78 79 79 78 75 77 78 78 79 76 77 77 77 76 76 78 81 84 87 86 84 83 83 86 83 87
68 67 61 68 69 67 61 65 62 61 62 63 60 64 63 67 66 61 68 67 67 66 67 68 70 70 73 73 71 75 75 79 80 79 77 78 79 79 83 82 81 81 82 79 83 84 86 85 84 85 85 88 89 92 92 88 85 85 85 85 84 84 84 86 87 82 82 80 80 78 78 78 79 76 73 73 73 73 78 78 79 79 80 77 79 79 83 85 86 84 83 84 84 89 84 84
67 61 62 67 68 65 65 63 64 60 62 64 64 59 68 68 63 68 68 66 66 67 67 67 69 70 73 70 73 74 77 79 81 78 77 77 79 79 83 82 81 86 82 81 83 85 84 84 86 88 86 88 89 92 96 95 88 87 87 87 92 86 85 85 88 86 82 80 80 79 79 79 77 72 70 72 75 77 77 79 79 79 81 79 81 83 86 86 86 86 86 85 88 90 88 84
67 61 67 67 68 66 63 58 62 60 58 56 63 64 68 63 67 66 64 65 66 64 63 67 68 69 72 71 75 74 75 74 74 77 79 79 83 81 83 84 83 82 79 80 83 83 86 86 90 91 90 93 91 92 92 95 93 90 89 89 90 92 88 89 90 88 84 81 81 79 78 75 72 68 70 72 76 77 77 81 81 81 82 81 85 84 85 88 87 88 84 86 91 91 86 83
61 62 63 68 66 68 66 59 57 57 58 61 62 63 66 62 67 64 60 61 61 62 61 67 67 67 72 70 71 73 76 74 72 76 74 74 76 77 84 87 84 83 83 82 81 85 86 90 90 92 94 95 95 94 95 95 101 98 92 90 90 95 93 92 91 91 86 84 81 81 79 74 71 69 71 73 75 76 80 79 80 81 81 82 83 83 84 88 88 88 88 88 91 91 86 84
63 65 69 64 67 66 66 64 66 59 57 56 59 62 64 64 67 61 63 61 60 60 63 63 69 72 73 71 69 70 70 71 70 70 76 75 77 79 88 88 86 86 85 82 81 84 88 93 92 95 95 95 91 99 99 95 99 100 97 90 88 94 99 97 95 94 87 83 83 82 78 75 72 70 73 73 76 78 80 81 82 82 83 84 86 86 87 89 88 90 90 91 91 89 87 86
65 65 69 68 62 62 62 69 60 57 58 58 59 59 59 59 63 61 61 61 60 61 62 64 64 67 71 70 68 74 76 76 72 76 80 76 77 81 84 90 90 91 86 88 83 81 88 94 95 99 98 99 94 92 101 101 98 103 104 95 91 93 96 97 100 99 89 85 86 85 81 80 74 73 75 76 77 80 81 84 84 82 83 86 86 85 87 92 90 90 91 90 90 88 87 86
69 66 63 63 62 62 64 63 72 57 55 60 58 57 60 58 60 58 59 60 63 61 61 65 64 65 67 72 75 73 77 78 80 81 81 83 78 79 84 87 94 96 91 90 84 86 86 90 100 100 99 99 101 102 92 106 105 104 103 102 93 93 96 102 104 101 92 91 92 90 83 82 80 78 76 79 81 83 80 80 82 86 82 82 87 84 86 90 92 92 91 91 91 90 86 87
67 63 64 62 60 64 62 65 64 54 55 56 56 56 58 58 60 58 59 61 67 66 64 64 65 67 67 70 75 73 74 80 80 80 80 84 88 81 82 88 92 94 94 91 83 84 86 88 95 94 103 105 105 102 101 97 110 109 107 104 101 96 99 104 105 105 100 92 94 94 86 85 82 80 80 83 83 85 88 88 88 89 88 89 89 92 86 91 92 92 92 95 93 91 88 84
60 63 61 60 63 62 64 55 63 55 55 57 57 57 60 58 58 59 60 61 64 64 70 69 63 65 65 66 66 73 76 73 76 79 82 84 84 87 82 89 88 86 93 90 85 82 82 83 84 92 97 104 106 105 109 95 104 113 113 110 104 100 102 105 104 103 101 96 95 93 90 84 84 84 84 85 87 90 92 92 91 92 92 92 94 92 88 91 90 93 94 93 95 90 89 86
66 59 61 62 56 63 60 57 66 60 66 63 60 57 58 61 60 62 61 62 62 66 73 71 72 65 66 67 68 70 72 72 72 79 87 88 84 90 90 92 84 88 87 88 88 83 83 82 84 86 92 97 99 108 112 100 101 107 116 112 108 109 106 107 107 106 103 97 94 92 91 93 88 86 86 87 89 96 95 95 95 96 95 97 95 92 88 90 92 93 95 97 97 94 94 91
66 62 58 60 56 66 57 60 63 64 63 68 69 68 61 61 62 63 63 65 66 66 67 70 77 68 66 71 70 72 72 74 73 73 79 86 85 83 89 88 84 86 88 88 87 83 83 82 82 82 87 89 94 99 99 104 106 107 113 114 112 111 110 114 112 109 106 103 101 97 95 95 94 89 88 90 94 98 97 99 99 100 97 98 99 98 90 92 92 94 95 97 98 98 97 98
66 62 58 56 56 58 58 63 75 71 66 64 64 71 63 63 63 63 66 66 70 66 65 73 77 68 72 85 76 76 72 73 73 72 71 72 78 74 83 86 86 80 82 84 83 83 83 82 82 82 86 88 91 92 99 103 96 103 112 114 111 108 113 112 112 111 101 103 100 99 97 94 93 88 90 94 96 99 98 100 100 102 102 98 97 96 94 93 92 94 96 98 99 98 99 101
63 -999 -999 -999 58 58 61 64 70 72 70 68 68 70 64 63 64 65 66 68 67 64 67 73 73 68 77 83 82 84 84 79 72 71 71 72 72 81 81 82 84 84 82 83 83 85 89 85 83 83 85 88 89 98 97 101 97 99 109 113 107 112 111 111 112 111 108 103 101 99 96 95 89 99 95 98 100 100 101 102 102 105 107 99 99 99 98 94 94 94 99 99 100 102 102 101
73 -999 -999 -999 62 60 61 63 71 74 67 67 68 68 64 64 65 67 67 66 67 67 66 66 68 68 75 77 79 79 84 81 83 70 70 72 72 73 80 80 81 83 84 81 85 85 88 87 83 83 85 87 90 92 97 96 100 102 105 111 112 114 111 111 113 110 106 106 101 99 97 95 92 95 98 100 102 101 102 105 106 108 107 103 100 100 99 100 98 99 100 100 102 102 102 103
71 -999 -999 -999 62 62 62 62 65 66 66 67 68 76 65 65 67 66 66 66 67 69 65 68 67 69 69 69 72 76 78 81 83 79 75 72 72 73 74 77 82 86 86 83 85 85 82 84 83 83 86 90 95 99 102 101 107 108 111 108 112 115 110 108 108 108 107 105 105 101 96 94 95 100 99 102 104 102 102 107 109 111 107 105 104 105 103 101 101 102 101 102 103 100 102 102
-999 -999 -999 -999 59 62 68 65 64 64 66 68 71 68 68 66 67 67 67 67 65 65 65 67 66 67 69 69 69 70 73 75 75 76 81 77 73 73 75 77 76 78 81 84 83 83 84 84 83 84 86 89 92 96 101 104 109 114 118 114 113 111 111 109 109 109 106 106 104 100 97 96 95 103 104 104 104 102 106 109 111 110 106 106 107 105 104 104 102 102 104 114 102 103 103 102
-999 -999 -999 -999 -999 -999 66 65 66 70 74 73 70 69 68 67 68 68 67 67 64 65 66 67 66 66 68 68 69 72 70 74 76 79 81 81 80 79 75 77 76 77 78 81 83 82 81 82 84 83 85 86 90 97 99 104 111 118 124 118 116 113 110 109 108 107 107 104 103 102 100 98 105 103 104 106 107 107 109 112 112 109 108 109 107 105 110 104 103 102 108 104 104 104 105 105
-999 -999 -999 -999 -999 -999 65 64 67 67 68 68 68 70 70 68 68 69 69 68 66 66 66 67 66 66 67 67 69 72 73 72 74 74 75 77 78 77 77 84 75 76 78 78 78 81 82 80 83 83 87 88 90 97 98 104 110 122 122 127 116 112 110 108 108 108 108 105 104 100 102 102 101 106 107 110 109 110 109 113 113 108 106 107 107 108 110 105 103 108 110 108 107 107 103 107
-999 -999 -999 -999 -999 -999 67 67 68 67 67 68 70 69 70 70 70 70 70 72 69 69 67 66 66 66 67 67 67 67 70 73 72 72 75 77 78 78 80 78 75 76 76 77 78 80 82 84 83 84 86 90 91 93 96 104 105 109 116 114 111 108 108 107 111 110 110 108 106 106 104 106 106 109 112 112 115 109 110 114 112 110 105 108 110 110 111 109 107 110 111 112 111 110 110 111
-999 -999 -999 -999 -999 -999 -999 71 69 67 67 69 70 68 70 71 71 68 68 68 68 68 68 66 66 66 67 67 67 67 69 70 72 72 73 77 79 79 81 81 77 75 75 78 78 82 88 91 88 84 87 91 91 92 95 98 100 103 106 108 105 104 106 110 112 112 110 109 108 107 106 106 107 108 112 113 111 111 111 110 111 111 105 109 109 114 113 108 110 111 112 110 113 115 115 115
-999 -999 -999 -999 -999 -999 -999 71 73 75 74 75 -999 -999 -999 -999 71 71 71 70 69 68 68 66 68 66 67 67 67 67 69 69 70 72 72 76 78 81 78 81 78 75 76 76 78 80 85 88 91 89 89 91 91 93 97 97 97 100 101 102 104 105 107 109 112 111 111 109 108 106 107 109 107 110 108 112 106 107 109 110 100 110 105 108 110 111 112 108 109 107 111 113 116 116 118 117
-999 -999 -999 -999 -999 -999 -999 69 73 77 80 80 -999 -999 -999 -999 74 76 85 85 79 76 72 70 71 72 69 67 69 69 69 68 70 71 71 72 75 78 78 77 79 74 76 76 77 79 81 88 89 90 93 92 95 93 96 97 98 100 102 103 105 107 109 110 111 112 112 110 108 107 107 108 107 112 109 108 106 109 109 105 105 105 106 106 108 110 109 108 109 111 111 115 118 118 118 119
-999 -999 -999 -999 -999 -999 -999 66 68 69 70 71 71 -999 -999 -999 79 80 83 86 87 88 83 78 75 73 72 70 69 69 70 71 72 71 71 72 73 75 78 76 78 77 75 77 78 78 80 81 86 90 91 93 94 95 95 95 96 99 101 104 106 107 109 113 114 112 112 112 109 110 108 109 110 113 112 105 106 104 107 107 105 106 104 108 108 109 110 113 115 113 112 113 117 118 116 116
-999 -999 -999 -999 -999 -999 -999 -999 -999 -999 67 69 -999 -999 -999 -999 76 82 84 84 86 89 86 79 76 73 70 69 69 69 70 70 70 71 71 72 73 73 73 76 75 77 76 77 78 78 80 81 82 87 90 94 94 93 97 97 95 97 102 106 108 106 109 111 112 110 109 110 110 109 110 109 112 115 112 104 104 106 106 106 105 105 105 106 108 110 112 114 114 112 113 112 116 118 116 116
-999 -999 -999 -999 -999 -999 -999 -999 -999 -999 -999 -999 -999 -999 -999 -999 -999 -999 81 81 84 81 78 75 71 68 69 69 -999 -999 -999 -999 -999 71 71 72 73 72 73 73 74 76 75 76 78 79 81 81 82 83 84 88 91 91 93 93 95 96 101 102 106 106 110 108 110 111 112 110 110 109 107 109 112 112 112 103 103 105 107 105 106 107 105 108 105 108 111 112 112 113 113 116 117 115 120 121
-999 -999 -999 -999 -999 -999 -999 -999 -999 -999 -999 -999 -999 -999 -999 -999 -999 -999 71 74 74 77 71 70 68 68 -999 -999 -999 -999 -999 -999 -999 -999 -999 -999 72 72 73 73 74 75 75 78 78 79 81 82 83 83 84 86 87 91 92 92 94 96 97 101 105 108 107 106 108 112 115 112 107 105 105 105 109 110 110 102 101 103 105 106 106 107 107 105 107 110 110 111 113 113 117 116 117 119 117 120
-999 -999 -999 -999 -999 -999 -999 -999 -999 -999 -999 -999 -999 -999 -999 -999 -999 -999 68 69 71 67 67 68 -999 -999 -999 -999 -999 -999 -999 -999 -999 -999 -999 -999 -999 -999 -999 -999 74 73 74 77 79 79 81 82 83 83 84 86 87 88 90 92 95 96 98 102 100 104 106 106 104 107 110 107 103 103 103 106 108 109 105 102 100 103 103 105 107 106 106 106 110 109 109 111 113 113 114 116 116 118 120 122
-999 -999 -999 -999 -999 -999 -999 -999 -999 -999 -999 -999 -999 -999 -999 -999 -999 -999 -999 66 66 -999 -999 -999 -999 -999 -999 -999 -999 -999 -999 -999 -999 -999 -999 -999 -999 -999 -999 -999 -999 -999 -999 -999 -999 -999 81 83 83 83 84 86 87 88 90 95 96 96 97 100 101 101 103 104 104 106 102 100 100 102 105 107 109 109 105 102 100 101 104 108 108 109 105 110 110 109 112 111 113 114 113 116 118 119 121 124
-999 -999 -999 -999 -999 -999 -999 -999 -999 -999 -999 -999 -999 -999 -999 -999 -999 -999 -999 -999 -999 -999 -999 -999 -999 -999 -999 -999 -999 -999 -999 -999 -999 -999 -999 -999 -999 -999 -999 -999 -999 -999 -999 -999 -999 -999 -999 -999 -999 -999 -999 -999 -999 88 90 94 95 96 97 100 100 101 103 104 104 100 96 92 96 100 101 103 107 107 102 99 99 100 99 103 106 103 103 109 107 110 110 112 112 113 112 118 119 118 124 127
-999 -999 -999 -999 -999 -999 -999 -999 -999 -999 -999 -999 -999 -999 -999 -999 -999 -999 -999 -999 -999 -999 -999 -999 -999 -999 -999 -999 -999 -999 -999 -999 -999 -999 -999 -999 -999 -999 -999 -999 -999 -999 -999 -999 -999 -999 -999 -999 -999 -999 -999 -999 -999 -999 -999 92 94 94 97 99 100 100 103 101 101 97 90 80 92 97 100 100 101 101 100 99 101 100 99 103 104 107 106 109 108 107 109 110 111 112 114 119 120 122 126 125
-999 -999 -999 -999 -999 -999 -999 -999 -999 -999 -999 -999 -999 -999 -999 -999 -999 -999 -999 -999 -999 -999 -999 -999 -999 -999 -999 -999 -999 -999 -999 -999 -999 -999 -999 -999 -999 -999 -999 -999 -999 -999 -999 -999 -999 -999 -999 -999 -999 -999 -999 -999 -999 -999 -999 -999 -999 95 96 98 99 100 100 100 100 98 93 90 94 98 100 100 101 104 102 102 102 103 105 104 107 108 107 106 105 108 108 106 109 113 116 119 127 129 130 130
-999 -999 -999 -999 -999 -999 -999 -999 -999 -999 -999 -999 -999 -999 -999 -999 -999 -999 -999 -999 -999 -999 -999 -999 -999 -999 -999 -999 -999 -999 -999 -999 -999 -999 -999 -999 -999 -999 -999 -999 -999 -999 -999 -999 -999 -999 -999 -999 -999 -999 -999 -999 -999 -999 -999 -999 -999 -999 -999 97 99 99 97 97 98 97 95 98 98 98 98 100 104 104 101 99 99 99 102 105 106 106 106 104 105 105 106 107 109 114 121 127 133 136 136 134
-999 -999 -999 -999 -999 -999 -999 -999 -999 -999 -999 -999 -999 -999 -999 -999 -999 -999 -999 -999 -999 -999 -999 -999 -999 -999 -999 -999 -999 -999 -999 -999 -999 -999 -999 -999 -999 -999 -999 -999 -999 -999 -999 -999 -999 -999 -999 -999 -999 -999 -999 -999 -999 -999 -999 -999 -999 -999 -999 -999 -999 -999 -999 95 96 95 95 97 100 97 97 98 100 100 101 100 101 100 101 104 105 102 102 104 104 103 102 105 111 116 128 133 135 140 137 133
-999 -999 -999 -999 -999 -999 -999 -999 -999 -999 -999 -999 -999 -999 -999 -999 -999 -999 -999 -999 -999 -999 -999 -999 -999 -999 -999 -999 -999 -999 -999 -999 -999 -999 -999 -999 -999 -999 -999 -999 -999 -999 -999 -999 -999 -999 -999 -999 -999 -999 -999 -999 -999 -999 -999 -999 -999 -999 -999 -999 -999 -999 -999 -999 -999 93 94 94 95 96 95 96 96 97 95 96 99 97 99 101 99 99 102 103 101 100 -999 -999 108 123 124 130 135 136 135 133
-999 -999 -999 -999 -999 -999 -999 -999 -999 -999 -999 -999 -999 -999 -999 -999 -999 -999 -999 -999 -999 -999 -999 -999 -999 -999 -999 -999 -999 -999 -999 -999 -999 -999 -999 -999 -999 -999 -999 -999 -999 -999 -999 -999 -999 -999 -999 -999 -999 -999 -999 -999 -999 -999 -999 -999 -999 -999 -999 -999 -999 -999 -999 -999 -999 -999 95 94 93 93 93 92 92 94 93 92 93 94 94 93 94 96 97 100 96 -999 -999 -999 -999 -999 128 130 132 132 131 130
