grids/precipitation/oct/RSMS_10_1882_01.asc
NCOLS 654
NROWS 866
XLLCORNER 3280414.711633467
YLLCORNER 5237500.62890625
CELLSIZE 1000
NODATA_VALUE -999
[rows 424 to 476 of 866, columns 384 to 479 of 654]
51 51 48 47 46 46 46 48 46 45 44 44 44 45 44 45 43 40 43 43 41 39 38 39 38 39 39 37 38 42 42 41 40 42 41 40 40 41 39 39 39 40 39 41 41 45 47 49 49 48 49 49 51 51 51 53 53 53 53 55 55 53 53 53 52 52 52 53 55 55 55 56 56 55 56 57 57 57 57 57 57 57 57 60 58 58 59 60 59 60 58 58 58 58 60 61
49 49 46 48 45 46 45 46 45 46 48 44 45 44 41 44 41 41 41 41 40 41 41 44 41 41 40 39 43 37 38 37 39 39 39 39 40 41 40 40 39 40 40 41 44 45 47 49 49 50 50 51 51 50 52 53 53 53 55 55 55 54 54 54 52 52 52 55 55 55 56 56 56 56 56 56 57 57 57 58 58 58 58 60 60 59 59 60 60 59 58 58 58 58 58 59
46 47 45 47 48 45 45 45 45 48 48 49 45 43 46 43 43 47 47 44 42 44 43 44 43 41 39 42 43 40 36 36 37 38 40 40 41 41 38 38 41 42 42 42 46 46 48 49 50 49 50 49 52 52 52 54 54 54 57 55 55 54 54 54 54 54 54 54 55 55 55 56 56 56 55 56 56 56 56 57 57 58 58 60 59 59 59 59 59 59 59 60 60 60 60 59
43 44 44 46 49 46 48 49 48 49 49 48 46 45 46 44 41 47 47 46 44 44 44 44 43 41 37 41 42 38 36 36 39 38 39 36 36 37 38 38 42 43 43 45 47 48 50 51 50 49 50 51 53 54 54 53 56 56 55 55 54 54 54 54 53 53 54 54 54 55 55 56 59 56 56 54 54 54 56 56 56 57 57 58 59 58 58 59 59 59 58 58 61 60 59 61
45 45 45 46 51 49 50 49 48 49 49 48 48 46 43 43 43 46 47 45 45 45 46 44 42 41 41 42 41 39 35 34 34 35 36 36 37 40 41 43 44 43 44 45 47 48 49 50 51 51 50 50 50 54 56 53 55 55 54 56 54 54 54 54 53 54 55 54 54 54 57 56 56 56 56 54 54 54 53 56 56 56 57 58 58 59 59 59 59 59 58 58 58 60 60 61
46 46 45 45 45 45 48 49 49 49 49 48 46 46 45 46 46 44 45 45 45 45 46 44 41 40 43 43 41 38 34 33 35 34 35 35 38 39 38 40 44 44 45 46 47 48 49 52 51 50 52 51 54 55 56 55 55 56 56 56 54 54 55 54 54 54 54 54 55 55 57 58 56 56 55 54 54 53 53 54 54 54 57 59 58 58 58 57 57 57 58 58 61 60 60 59
46 46 45 44 43 44 43 46 48 49 49 49 48 47 46 46 43 42 42 41 41 45 43 41 41 39 43 40 36 34 34 34 34 34 34 35 39 39 39 39 41 43 44 46 47 48 49 49 48 51 53 53 53 55 57 55 57 57 57 55 53 53 55 55 56 54 54 54 54 55 57 57 57 56 55 54 54 56 50 54 55 55 57 59 59 59 59 57 59 57 59 58 61 63 64 62
44 44 43 43 42 42 43 43 43 46 49 50 49 47 46 44 44 43 43 44 44 43 39 40 41 41 36 35 35 38 36 34 36 36 36 36 37 38 40 39 42 42 45 48 49 48 48 51 51 53 53 54 56 56 56 54 54 56 56 53 53 54 53 53 55 55 55 55 55 56 57 57 57 56 55 54 54 56 54 54 55 55 57 59 59 59 59 59 59 59 60 61 61 63 62 63
42 43 42 42 41 41 42 43 43 43 44 48 49 48 46 45 44 42 46 45 43 43 41 44 44 43 36 36 40 40 38 38 39 37 36 36 36 39 39 41 41 43 45 48 49 48 50 52 53 51 52 53 56 56 56 56 56 56 54 53 53 53 54 53 55 55 53 55 55 54 55 57 57 57 56 54 54 57 56 54 54 55 57 59 59 59 59 57 59 59 60 63 63 61 63 62
41 42 41 41 42 42 41 42 43 43 43 45 46 48 47 46 44 46 45 41 43 43 43 44 44 41 39 40 41 41 41 40 40 38 40 36 37 39 38 41 44 44 45 48 49 49 52 52 51 52 54 56 56 56 56 56 56 55 54 54 53 53 54 54 55 55 55 56 55 56 56 57 57 57 56 54 54 56 55 55 54 55 57 58 59 59 61 59 57 59 61 61 63 63 65 63
39 41 40 41 41 41 41 41 43 42 42 43 44 47 47 46 43 42 40 40 41 41 44 44 41 39 41 42 40 41 41 40 40 39 38 36 37 39 40 41 42 45 48 48 48 51 51 52 53 55 54 56 56 56 58 56 55 55 53 53 53 53 54 55 55 55 55 55 55 56 56 55 55 57 56 52 54 56 55 55 55 54 55 57 58 59 59 59 59 60 62 61 61 64 65 63
40 40 41 42 41 42 41 40 40 40 42 42 42 43 43 46 44 42 40 40 41 43 44 41 40 37 43 43 41 41 40 39 36 38 38 38 40 41 42 44 45 46 48 48 51 51 51 54 55 57 56 57 56 56 55 57 55 55 55 54 53 53 56 55 57 56 55 55 55 53 56 55 55 55 56 56 54 54 57 57 55 54 55 58 57 58 59 59 59 59 61 61 63 61 65 63
41 41 42 42 42 42 42 41 41 40 41 41 39 39 41 41 43 42 43 40 39 41 37 37 37 38 43 43 41 41 40 39 38 38 38 40 42 42 44 46 46 47 50 51 51 52 51 54 55 56 56 56 56 55 55 55 56 56 54 54 54 53 56 55 55 55 55 55 55 55 54 55 55 55 56 56 54 54 56 57 57 55 55 58 58 58 61 60 59 60 61 63 63 63 62 63
42 42 43 42 43 43 42 42 41 41 41 41 39 41 39 39 38 37 41 42 36 38 38 41 41 44 44 43 43 43 41 41 39 38 37 41 41 40 45 46 46 47 50 51 53 52 54 57 58 56 56 55 55 57 57 56 56 55 54 54 54 54 56 56 55 55 55 55 55 56 56 55 55 57 57 56 56 54 56 57 57 55 55 58 58 58 59 60 60 59 60 63 63 64 63 63
44 44 44 44 44 44 44 43 42 42 42 42 42 41 40 40 40 41 41 38 40 42 41 37 40 43 44 42 42 43 42 42 43 41 39 38 40 43 42 44 44 48 49 51 53 55 56 57 58 57 56 58 57 57 58 55 53 53 55 54 54 55 56 56 57 57 55 55 56 56 56 57 55 57 57 55 55 56 57 57 57 55 55 57 58 58 59 60 62 60 60 61 63 63 63 63
45 45 46 45 45 45 44 44 44 42 42 43 43 43 43 41 40 39 38 40 43 45 43 42 37 43 43 41 44 44 43 43 45 43 41 39 39 43 45 47 46 49 52 54 53 54 57 57 58 57 58 56 56 57 57 56 54 54 53 55 56 57 58 57 57 57 57 56 56 56 56 55 57 55 55 55 53 53 56 57 57 57 57 57 56 56 58 60 62 62 60 60 63 61 61 62
44 45 46 45 46 45 46 46 45 44 44 42 43 42 41 39 38 39 39 42 43 44 46 42 38 42 40 42 44 44 45 46 45 45 43 42 41 43 44 47 49 50 52 54 55 56 57 57 57 57 56 56 55 55 54 54 54 57 55 58 57 59 58 57 57 57 57 56 56 55 54 57 57 57 57 56 55 55 56 57 57 57 58 58 58 56 61 62 62 62 61 63 63 63 63 63
42 46 44 42 45 45 44 44 42 42 42 42 42 42 39 38 39 40 41 44 45 45 46 44 38 40 41 44 46 46 47 46 45 46 44 44 41 43 46 49 49 50 53 55 55 55 57 59 58 57 57 56 55 54 54 58 59 60 58 59 59 59 58 56 57 57 57 57 58 56 56 57 57 57 57 55 55 55 56 56 57 57 58 58 59 59 59 62 62 62 61 61 64 64 64 62
44 45 45 45 46 45 44 44 44 42 41 42 41 41 40 40 42 43 45 46 48 46 46 47 41 43 45 45 46 48 47 47 48 47 45 43 45 44 47 49 50 52 53 55 58 58 59 58 57 57 58 56 55 55 57 56 60 62 60 59 60 59 57 56 56 57 59 58 58 57 57 57 57 55 55 55 53 55 55 57 59 60 58 61 61 61 61 60 60 63 63 63 61 64 64 62
44 45 46 46 48 48 46 45 44 45 43 45 42 41 41 44 45 46 48 48 48 47 46 39 38 43 45 48 48 49 49 47 47 45 46 46 47 50 48 51 53 55 56 56 57 58 58 59 60 60 58 54 55 58 60 60 62 63 61 59 59 55 57 59 56 59 57 58 58 58 57 58 58 57 57 58 56 56 54 56 57 59 60 61 62 62 63 62 62 64 64 63 64 63 62 62
46 46 48 49 48 48 49 46 45 43 44 44 42 43 44 45 46 47 48 48 48 47 46 40 40 44 49 49 49 48 46 49 49 48 46 47 47 50 52 55 55 55 57 57 57 58 59 61 57 60 53 56 55 59 61 62 63 63 62 60 60 55 55 60 59 59 60 59 59 58 57 58 58 60 58 56 55 55 57 57 56 59 61 62 62 62 61 63 63 64 65 63 64 63 64 63
48 48 49 49 49 48 46 44 43 43 45 43 44 46 45 46 46 46 49 49 48 46 46 40 42 48 48 50 50 50 49 49 49 48 48 47 51 52 53 53 55 56 57 55 56 58 58 59 60 54 53 57 54 62 62 63 60 63 62 60 60 60 56 57 59 60 60 61 61 61 59 60 58 57 57 55 58 56 59 57 56 57 60 62 62 63 65 63 64 63 65 64 64 64 63 62
49 49 49 49 48 46 43 43 44 46 46 43 43 44 44 44 46 46 48 49 50 49 48 47 40 47 49 49 49 49 48 49 50 52 50 50 53 55 56 55 54 56 57 58 55 53 57 54 52 59 59 59 58 60 60 62 60 62 62 62 60 58 57 57 59 60 60 61 61 59 57 57 57 57 58 59 58 59 57 59 56 58 60 60 61 62 61 63 63 64 66 65 64 64 63 65
50 50 50 44 44 44 42 44 45 44 43 42 43 44 47 46 46 47 48 51 51 50 50 45 40 42 47 42 46 48 48 50 50 50 51 50 53 57 57 58 57 58 60 59 54 50 49 51 52 59 60 60 59 58 58 61 61 60 61 61 59 59 59 59 60 60 60 61 59 59 56 58 57 58 58 59 59 59 59 58 57 58 60 60 61 62 62 62 63 64 64 64 65 64 63 65
48 47 44 44 45 45 45 45 45 44 42 44 46 46 47 47 47 48 50 51 50 48 48 40 45 48 44 48 48 46 47 49 50 50 54 52 52 55 59 59 59 60 59 59 54 51 54 52 57 60 60 60 59 59 61 63 63 61 61 59 59 61 60 61 60 60 61 61 61 59 60 58 60 58 59 60 58 59 59 58 58 58 60 61 62 61 62 62 63 64 65 65 64 64 62 65
44 42 42 45 46 45 45 45 45 44 44 47 48 46 47 47 47 46 49 52 52 49 43 40 49 51 47 50 49 48 50 50 52 54 54 53 55 56 59 61 60 61 62 60 54 54 52 59 58 60 62 59 60 59 59 61 61 61 62 61 60 60 59 61 60 59 59 58 59 58 59 60 58 61 59 60 59 60 60 60 58 60 60 61 61 62 63 63 63 64 64 64 63 63 63 63
44 44 45 45 46 46 46 46 45 42 47 47 48 50 50 48 45 44 46 49 48 45 43 41 53 52 52 52 51 53 52 53 54 51 50 52 55 55 56 58 62 64 62 63 57 55 58 60 59 60 60 59 59 59 59 59 60 60 60 62 62 60 60 61 63 61 61 61 62 60 59 61 61 59 59 60 60 59 59 60 60 60 61 61 62 63 65 62 62 63 63 64 64 64 63 63
46 47 47 47 47 47 47 46 44 45 47 50 50 51 50 49 49 50 54 55 50 44 41 42 54 54 53 54 55 52 53 52 53 52 52 53 53 58 58 60 59 60 65 62 57 56 55 54 58 60 60 60 59 59 59 59 59 59 60 60 61 60 63 62 62 62 61 61 62 61 62 61 62 61 62 62 59 60 61 62 62 62 61 61 62 63 65 63 66 66 64 64 64 64 63 63
47 47 47 48 48 48 48 47 44 45 48 50 51 51 52 53 54 52 54 54 43 43 47 46 43 44 46 48 50 55 54 55 57 53 52 53 55 60 62 61 60 58 61 62 57 56 55 54 56 58 61 60 60 60 60 59 59 59 60 63 63 61 61 64 62 61 64 62 62 64 63 62 62 62 60 60 60 61 63 62 62 62 62 63 63 62 63 64 66 66 65 65 65 67 62 62
45 46 48 47 47 48 48 46 45 48 48 51 49 50 52 53 54 50 47 46 45 48 59 52 48 53 47 48 50 51 51 52 52 55 56 57 57 60 57 57 58 60 61 67 60 57 55 57 60 59 60 58 60 62 60 57 57 60 60 61 61 62 62 64 64 62 64 64 62 63 64 64 64 62 63 60 59 61 62 62 62 64 64 63 63 62 63 64 66 69 65 67 65 64 65 62
46 45 47 44 46 49 49 48 48 49 50 50 50 50 53 54 58 54 46 46 50 49 48 58 51 48 52 50 50 51 52 49 54 56 57 56 59 58 59 62 63 62 64 66 62 60 55 54 55 57 59 59 61 61 58 58 58 58 59 59 62 61 62 62 64 62 63 63 63 63 66 64 64 63 63 60 63 60 62 64 64 64 64 63 63 65 65 66 66 67 67 68 67 67 63 63
49 46 44 44 46 46 48 48 50 52 50 50 52 53 50 50 57 47 45 46 62 61 61 56 53 52 49 51 50 50 53 53 56 57 58 58 58 59 59 62 64 60 64 64 62 60 58 55 55 55 60 58 62 61 59 59 60 58 58 60 60 60 60 60 63 62 63 65 64 64 64 64 63 60 62 64 64 60 62 64 64 67 64 65 63 63 64 64 66 69 67 64 65 64 62 65
51 51 49 46 45 46 49 50 52 50 53 52 52 51 55 57 50 47 45 46 48 47 49 49 53 55 52 54 51 52 53 58 56 58 56 58 58 60 58 63 63 62 64 62 61 59 57 59 55 54 55 59 56 56 56 57 59 60 60 62 62 60 63 60 62 63 64 66 64 63 65 63 63 60 64 64 63 61 65 64 65 67 66 65 63 63 63 66 66 66 64 64 64 61 63 63
48 50 49 48 49 49 48 50 52 52 55 55 53 55 56 53 47 46 49 53 60 56 57 57 53 58 58 55 54 53 57 58 56 60 58 58 59 60 59 61 63 60 59 62 62 62 61 57 60 57 55 57 54 59 60 58 60 61 61 61 60 61 61 60 58 63 62 64 64 64 65 62 60 63 64 66 63 66 67 67 67 67 66 65 63 63 63 64 66 64 64 61 64 65 64 66
53 44 52 52 52 52 48 47 52 55 56 53 53 54 58 53 48 46 58 59 62 62 62 60 60 60 59 54 55 54 58 60 59 58 57 58 60 59 61 61 61 64 62 60 60 60 61 61 58 54 55 55 57 58 61 59 61 61 61 61 61 62 64 61 62 59 62 62 60 60 59 60 63 63 66 66 62 67 70 70 68 66 66 65 64 63 64 66 64 65 61 64 64 63 65 68
52 52 58 57 55 53 51 50 50 56 56 58 55 53 54 46 47 45 47 54 58 58 58 57 54 54 52 55 55 53 56 57 56 55 58 59 59 59 61 60 61 62 62 59 59 60 59 57 54 55 59 56 59 60 59 59 60 59 60 60 60 62 62 63 62 62 59 57 59 60 60 60 61 64 64 67 62 65 70 68 66 68 68 64 64 63 66 64 63 63 60 67 63 64 63 68
60 58 61 56 53 53 52 51 50 50 53 55 55 56 54 57 48 45 45 50 56 53 56 52 51 52 52 49 52 53 53 54 55 54 59 62 59 60 61 60 61 61 62 61 55 56 57 59 60 61 62 57 60 60 59 59 60 60 61 61 61 61 63 63 63 61 59 60 61 60 62 61 62 62 65 65 62 67 67 68 69 68 68 64 64 66 66 61 60 58 64 65 64 64 66 68
60 62 60 57 58 54 53 51 54 55 53 54 55 55 54 55 57 50 44 46 48 50 51 50 50 47 49 52 54 55 53 55 58 58 59 62 62 60 59 58 58 56 55 55 57 58 60 56 60 62 61 55 58 61 58 60 57 57 61 60 60 61 62 63 63 60 61 62 61 60 60 64 64 64 62 64 64 65 65 65 66 68 66 66 66 64 61 60 60 61 65 65 65 64 68 66
56 60 59 59 56 56 51 55 58 57 57 55 53 53 55 57 56 46 43 45 45 46 45 46 48 48 50 48 51 52 52 55 58 60 59 62 62 60 61 61 60 58 60 60 62 61 61 57 56 59 57 54 55 55 58 57 58 60 58 58 60 62 61 61 61 60 60 61 62 61 62 62 64 61 62 61 62 65 63 62 63 66 66 64 62 60 62 63 63 63 65 65 63 65 63 68
56 60 59 58 59 53 52 55 55 57 52 54 50 50 48 47 47 44 42 46 44 43 44 44 45 45 46 49 52 52 48 53 56 57 63 63 63 62 62 61 59 60 60 62 62 57 56 56 59 59 59 53 55 58 61 58 58 60 58 60 60 61 60 58 59 59 61 58 58 61 62 62 62 61 59 59 62 63 63 62 63 64 63 60 59 59 63 64 64 65 65 65 66 65 66 65
55 53 51 54 57 55 55 58 57 55 57 57 58 58 58 58 53 48 44 43 50 52 48 49 48 48 51 51 53 53 53 56 59 61 63 63 63 62 61 59 58 58 56 58 59 59 58 56 57 60 56 55 55 56 58 59 59 61 61 62 61 61 61 61 61 59 61 59 61 61 62 62 62 61 58 61 61 62 62 60 62 63 62 59 59 59 62 64 65 67 67 68 68 68 66 66
52 50 53 53 54 57 55 57 58 57 55 58 59 58 50 55 53 46 44 43 44 45 50 46 46 51 49 47 52 56 57 60 60 56 60 62 60 62 62 61 59 60 59 59 58 58 61 58 62 56 55 55 55 59 59 56 59 59 62 62 62 61 61 61 61 61 61 62 61 61 62 61 62 59 58 59 62 63 63 62 63 62 60 59 59 60 59 63 67 67 68 69 69 69 68 69
50 49 54 54 54 52 55 54 54 56 57 53 58 58 55 47 46 48 43 44 46 52 49 49 53 53 54 52 49 50 52 53 59 60 59 62 60 60 62 62 61 60 56 58 61 59 60 60 57 56 55 55 53 55 56 59 59 58 59 61 62 62 62 61 62 61 62 62 62 62 62 59 59 58 58 58 61 62 62 62 62 60 59 59 60 63 63 60 61 64 67 68 68 69 69 70
55 52 53 56 56 51 52 56 56 53 48 52 50 48 46 48 48 49 43 45 48 48 55 51 51 48 48 55 56 53 57 53 56 56 58 63 63 62 61 62 60 58 59 58 61 59 61 60 58 57 59 56 53 55 57 60 60 60 61 62 62 63 63 62 61 59 62 63 62 62 59 62 61 59 58 61 59 61 63 63 60 60 60 60 62 63 63 60 60 63 65 67 67 67 65 68
55 53 53 53 53 52 52 56 55 56 58 59 58 57 55 51 48 43 44 45 48 49 48 55 52 51 49 57 60 57 56 55 60 60 62 58 59 60 62 61 61 58 58 59 58 59 57 56 54 54 56 55 53 55 57 62 60 62 61 61 62 62 61 61 62 62 65 63 63 62 61 61 59 58 58 61 59 59 59 62 60 59 59 59 62 63 63 62 63 63 60 64 65 65 65 62
56 53 53 55 51 52 49 47 46 49 54 49 46 48 51 51 46 42 49 51 53 52 52 54 55 54 51 55 60 59 59 54 60 62 62 59 58 66 63 63 63 60 59 61 61 59 58 56 58 56 55 55 55 53 53 62 60 59 58 61 59 59 59 61 62 62 63 62 61 62 62 61 61 61 56 59 61 61 61 63 62 59 57 59 63 63 63 63 64 63 63 60 61 63 64 62
56 54 59 58 59 56 55 50 52 49 48 49 48 48 46 47 47 43 52 54 55 54 54 57 57 54 56 57 60 59 55 55 58 57 65 65 63 62 63 61 63 60 59 61 59 60 58 57 58 58 57 55 55 56 54 57 61 58 58 59 58 61 61 61 61 61 61 63 62 62 61 62 62 59 58 59 61 59 61 61 60 59 59 59 59 62 64 64 64 63 63 65 61 63 63 63
59 58 56 52 50 54 53 62 60 57 59 56 55 52 51 47 47 46 42 48 51 53 54 57 56 56 55 58 58 59 59 59 58 57 63 66 65 60 64 60 62 62 61 58 57 57 57 57 56 56 55 55 54 58 59 55 56 59 59 58 59 61 61 59 59 62 59 62 62 62 63 62 63 59 61 59 62 62 62 61 59 58 59 60 62 62 60 62 64 63 63 61 61 63 63 65
59 59 59 61 54 46 48 53 55 58 56 56 49 48 50 47 43 43 45 51 54 54 55 57 57 57 54 54 56 56 59 61 59 57 63 65 64 61 62 63 60 59 58 57 56 56 56 56 56 56 53 54 54 56 55 59 59 61 62 61 61 61 59 58 59 59 62 63 62 63 65 65 62 61 61 61 61 61 62 61 61 58 59 60 62 63 62 60 62 64 64 64 64 64 61 65
56 62 58 50 50 48 49 49 47 47 51 61 51 50 51 48 43 49 49 53 53 53 55 57 59 55 58 58 59 57 62 62 61 60 60 64 63 60 60 63 60 58 58 58 57 57 58 57 56 53 50 52 56 58 61 61 58 59 59 61 61 59 59 58 61 62 63 63 62 62 63 63 61 59 62 62 62 62 63 63 61 58 58 60 62 63 64 60 63 63 64 64 61 67 64 67
53 53 51 51 51 55 48 52 50 47 46 47 48 45 46 46 51 50 55 52 55 55 58 56 56 58 58 57 61 59 61 64 61 61 62 63 62 62 61 61 58 57 57 56 56 56 58 58 57 57 57 58 54 61 61 59 58 61 54 56 59 58 61 59 61 61 62 61 61 61 63 63 62 61 61 61 61 63 63 62 61 58 58 59 63 63 65 64 64 64 67 64 63 63 66 64
52 55 53 47 54 52 51 54 57 57 47 45 48 42 46 46 53 55 53 50 52 56 56 54 57 59 58 58 58 60 58 60 58 58 58 58 61 61 59 58 58 57 57 57 57 56 56 63 60 60 59 56 55 59 58 58 58 55 59 61 56 62 62 59 59 61 61 61 59 61 63 63 62 62 59 61 62 65 65 64 60 58 58 59 62 62 65 65 62 68 66 64 67 64 63 64
48 49 48 48 55 57 46 53 53 53 48 42 42 46 49 52 45 52 55 57 51 58 50 57 58 58 59 61 57 57 58 56 56 56 55 57 58 59 59 60 60 60 58 57 57 57 60 62 62 60 58 52 52 58 59 61 62 61 55 56 59 58 61 62 61 59 61 62 63 61 62 62 62 62 61 62 63 63 62 61 60 58 58 61 62 63 66 65 65 65 63 64 66 70 66 67
