grids/precipitation/oct/RSMS_10_1883_01.asc
NCOLS 654
NROWS 866
XLLCORNER 3280414.711633467
YLLCORNER 5237500.62890625
CELLSIZE 1000
NODATA_VALUE -999
[rows 312 to 363 of 866, columns 192 to 287 of 654]
60 59 60 61 59 58 58 58 59 60 58 57 58 59 60 60 64 67 63 55 57 53 53 53 53 54 52 52 52 52 50 54 54 52 51 53 56 62 66 64 63 62 58 58 57 57 55 57 56 55 55 53 52 52 53 54 56 58 57 55 59 60 62 60 58 53 50 46 45 44 45 46 50 45 44 45 45 45 45 44 44 44 44 43 43 43 44 46 46 45 45 45 45 45 44 43
60 60 60 60 59 58 57 58 58 58 56 58 58 56 56 57 55 54 54 53 62 55 62 62 60 59 58 54 54 53 52 53 55 57 53 55 61 59 59 58 57 56 56 56 57 57 57 57 57 57 57 55 53 52 52 54 55 54 55 56 58 57 62 63 64 60 55 53 50 48 46 46 46 44 45 45 45 45 45 45 44 44 44 44 43 43 44 45 45 45 45 45 45 45 44 44
60 61 63 60 59 59 58 59 60 59 56 56 56 55 55 57 53 54 54 54 54 54 59 60 59 59 60 59 60 57 54 53 54 55 54 56 58 57 55 55 55 55 55 56 57 58 60 60 60 61 57 57 55 55 53 54 55 55 57 56 57 60 64 64 55 56 54 55 59 53 51 46 46 44 44 45 45 45 46 45 45 45 44 44 43 43 44 43 44 44 45 46 45 46 45 44
60 61 63 63 60 59 58 57 57 58 57 55 55 54 55 54 54 54 54 55 54 57 59 58 58 56 55 57 59 60 59 59 57 56 54 54 57 56 55 56 56 55 57 58 59 59 61 62 64 61 64 61 57 55 54 54 55 54 56 57 63 60 65 66 54 53 52 52 53 52 51 50 46 46 45 45 45 45 46 46 45 45 44 44 43 43 43 44 45 45 45 46 46 46 45 44
60 60 61 61 60 59 60 57 57 57 56 54 55 53 54 55 54 54 54 55 55 57 58 58 57 56 56 54 54 57 58 59 67 61 61 56 61 59 62 59 59 58 58 58 59 62 64 64 65 65 65 62 58 59 55 54 55 56 55 57 62 63 64 65 54 53 52 52 51 50 49 48 48 47 46 46 46 46 46 45 45 45 44 43 44 44 44 45 45 45 46 46 46 46 45 44
59 59 60 60 60 60 62 57 57 56 55 53 55 53 54 55 55 54 55 55 55 55 57 58 57 56 56 53 53 54 56 55 54 55 54 54 54 55 55 56 64 64 63 63 61 59 62 64 60 62 66 65 64 59 55 55 54 58 55 55 58 59 57 63 53 54 54 53 51 50 49 48 47 47 47 46 46 46 45 45 45 45 43 43 44 44 43 45 45 45 46 47 46 46 45 45
59 58 58 60 58 57 57 57 56 57 56 55 56 54 55 56 58 58 58 58 58 58 55 56 56 56 55 53 53 52 52 52 52 52 52 52 52 52 53 52 53 55 57 57 56 61 61 64 61 61 65 66 69 59 59 56 55 55 55 55 55 56 57 55 56 56 56 54 52 51 50 48 46 46 47 47 47 46 46 46 45 45 43 44 44 44 44 46 46 46 47 46 46 45 46 46
62 60 60 60 59 59 61 61 61 60 58 60 58 57 56 58 61 59 56 62 61 59 59 55 56 55 54 53 53 53 52 52 52 52 52 52 52 52 51 51 52 53 51 53 61 61 57 57 62 59 65 66 66 66 64 62 59 56 56 56 55 56 55 54 56 64 56 54 52 52 51 49 49 46 47 48 47 46 46 45 44 44 44 44 44 44 46 47 50 47 46 46 46 46 46 46
60 60 63 63 59 60 60 64 65 65 62 61 61 62 63 59 63 64 57 62 61 59 55 55 55 55 54 53 53 53 53 52 52 52 52 52 52 52 51 51 51 51 52 53 53 53 55 53 53 57 61 60 67 68 70 65 62 56 55 56 56 59 58 54 56 58 64 55 53 53 52 50 50 49 48 46 47 47 46 46 45 44 44 44 44 44 47 47 50 49 46 45 46 46 46 46
60 60 63 65 61 64 63 64 65 66 64 62 63 66 64 61 68 62 57 58 59 57 60 62 57 58 57 53 56 53 53 52 52 52 52 52 53 54 51 51 51 51 51 52 53 53 52 55 55 56 54 55 62 70 69 62 58 58 55 56 56 55 55 55 62 63 63 66 55 53 52 51 50 49 48 46 46 45 46 43 44 43 43 45 45 45 47 47 49 47 46 46 46 46 46 46
61 63 62 67 62 62 64 65 64 65 65 66 67 68 68 65 67 60 62 59 59 59 59 57 62 63 63 58 57 56 56 54 53 54 54 56 60 59 59 53 51 51 52 52 52 52 52 53 55 53 54 54 57 64 67 66 60 56 55 54 54 55 57 60 64 64 62 58 59 53 53 51 50 48 48 48 47 45 44 44 43 43 43 45 45 46 47 48 48 47 48 46 47 46 46 46
63 63 64 67 67 63 71 67 67 68 67 68 68 71 68 70 64 66 67 73 67 60 62 62 57 58 58 61 60 58 57 57 56 55 55 58 62 65 65 62 53 52 53 53 53 53 52 52 53 53 57 56 57 56 58 58 55 55 55 54 53 54 54 56 56 58 62 63 56 60 54 52 51 50 48 48 48 47 44 43 43 42 45 46 48 48 48 48 50 51 48 46 47 48 47 47
63 62 62 65 70 66 69 70 74 73 68 67 66 64 64 66 66 64 70 75 67 64 60 63 59 59 63 61 67 60 57 56 55 55 56 59 64 64 61 62 60 53 52 53 53 53 52 51 51 56 54 55 59 58 56 56 54 53 53 53 54 55 54 54 55 56 56 57 56 63 59 60 53 51 50 48 47 46 45 43 43 44 46 52 56 50 49 49 51 53 49 47 47 47 50 50
64 64 62 64 67 67 70 69 70 71 66 64 66 66 65 64 67 67 66 68 69 67 68 62 65 60 63 68 68 62 61 57 56 56 58 58 64 65 60 59 57 55 55 55 53 53 52 51 51 53 52 53 59 56 60 59 56 53 53 53 54 56 54 53 53 55 55 59 64 64 62 65 57 53 51 50 48 47 46 44 45 44 48 46 55 55 52 51 51 57 51 49 47 47 49 50
64 65 66 65 65 64 67 67 71 67 69 68 63 64 66 64 67 67 66 67 69 68 66 64 72 73 65 64 68 64 63 61 57 57 57 58 61 63 64 62 65 63 57 53 53 52 52 51 51 50 51 50 54 56 55 60 54 53 52 54 55 55 55 55 54 54 54 56 62 68 65 62 63 53 49 49 48 47 46 45 48 47 47 50 53 55 54 52 51 54 50 50 48 47 48 49
64 63 66 66 64 63 67 67 71 66 64 64 62 63 66 67 67 71 72 68 71 68 67 67 69 75 70 65 65 67 64 57 60 58 57 57 60 61 70 69 64 61 58 55 53 53 52 53 52 50 48 50 49 51 58 54 53 53 56 52 52 54 55 55 54 52 54 55 57 63 58 56 57 51 49 48 48 47 46 46 47 48 47 50 53 54 53 57 52 52 50 50 49 49 47 48
64 63 62 65 62 62 64 64 65 69 63 61 63 64 66 65 70 71 72 75 70 68 71 68 65 72 72 66 63 68 61 59 59 57 59 59 58 63 69 68 62 59 63 59 57 54 54 53 54 54 49 50 49 50 52 53 53 53 52 52 51 54 56 60 62 54 52 53 54 55 55 53 52 51 49 48 47 47 47 46 48 47 48 48 50 52 55 52 58 52 52 50 49 49 49 47
65 64 63 62 62 62 62 61 64 67 61 62 64 64 66 66 67 71 72 71 72 72 71 69 68 68 68 65 64 68 64 59 60 58 60 60 61 63 66 64 64 61 63 63 60 58 57 56 55 57 52 50 49 50 51 52 53 56 57 54 52 52 55 68 62 62 57 54 53 53 52 52 50 50 49 48 47 48 47 48 46 46 48 50 50 53 53 54 51 52 52 52 52 52 52 50
64 63 63 63 62 63 63 61 60 61 60 61 66 69 70 70 68 67 66 68 70 72 72 71 69 70 71 65 67 65 62 65 63 62 57 61 61 64 65 65 62 60 62 62 58 58 59 59 57 55 52 51 51 50 50 50 52 58 58 55 54 52 55 68 62 57 55 55 54 54 52 50 51 51 49 48 47 48 48 48 47 47 47 48 48 51 55 53 56 52 50 57 57 55 55 54
66 61 64 63 63 64 64 63 61 60 60 60 64 67 71 71 68 63 63 64 68 73 71 69 71 72 67 67 64 68 64 65 65 62 60 60 64 66 63 62 62 58 58 60 60 57 57 60 60 59 51 50 51 50 50 50 51 55 59 57 55 54 54 61 62 60 56 55 53 54 52 52 51 51 50 50 48 48 48 48 47 48 48 49 50 50 51 52 56 57 54 55 56 60 63 58
63 61 63 64 64 64 64 63 61 61 59 60 62 62 64 69 69 66 63 63 67 68 66 73 72 72 69 69 69 73 71 68 63 61 60 59 62 63 64 63 59 59 58 57 57 57 57 56 53 52 51 55 51 51 50 50 51 52 56 57 57 55 55 58 68 60 55 55 55 55 56 52 52 51 51 50 49 48 48 48 48 48 49 50 51 51 52 50 51 53 54 59 57 60 64 62
61 62 61 64 64 64 63 63 63 61 60 60 60 60 62 64 69 67 63 62 63 63 66 69 72 73 74 68 66 68 71 70 68 62 61 62 63 64 63 60 62 63 64 64 59 57 57 55 53 53 51 51 51 51 50 50 51 53 55 56 60 57 56 57 58 63 56 55 58 61 61 59 56 52 51 50 50 50 49 48 48 48 49 50 52 53 54 51 52 52 53 56 57 64 62 54
59 60 60 61 64 63 61 64 63 62 61 60 60 61 61 62 63 64 64 62 63 64 67 68 70 69 72 63 65 65 71 71 70 66 64 69 69 72 68 68 68 71 65 65 63 60 58 57 56 54 54 52 51 50 50 52 52 51 54 56 56 60 56 54 55 61 60 55 56 59 68 70 61 54 52 51 51 55 51 50 49 49 52 61 59 56 55 53 53 53 52 52 54 57 53 56
58 58 57 59 63 63 62 62 63 62 62 61 61 60 61 62 63 62 63 62 61 62 69 74 70 65 69 62 62 64 65 67 68 67 65 67 68 70 66 65 66 66 65 66 65 64 63 65 59 61 57 54 51 51 50 48 52 55 52 54 54 52 57 55 54 55 63 57 55 57 63 69 67 63 55 52 51 53 54 50 50 50 56 63 63 60 65 57 56 54 52 51 52 53 54 52
58 57 58 60 63 62 62 63 63 63 62 62 60 60 62 62 62 63 60 59 59 60 62 63 64 62 62 61 61 62 60 64 65 67 66 65 67 68 66 65 64 65 68 70 67 66 66 70 64 60 57 52 51 51 49 48 48 48 49 49 49 51 52 51 52 54 59 63 56 55 56 60 59 61 55 54 52 52 55 52 50 51 56 65 65 64 63 64 59 57 53 52 51 50 51 49
59 58 59 60 63 62 63 62 62 62 63 62 62 60 60 61 61 61 60 60 59 58 60 60 62 62 60 59 59 59 59 62 63 68 69 67 69 70 64 65 70 71 71 73 70 67 65 67 69 67 61 52 55 52 50 48 48 49 48 50 49 49 50 51 54 52 56 66 55 55 55 54 55 57 59 61 55 54 54 59 51 50 53 58 64 61 61 59 63 62 54 53 52 51 51 50
60 61 60 61 61 64 63 64 62 61 62 62 63 62 62 61 59 59 61 59 59 59 60 59 59 58 62 60 60 59 60 59 60 64 65 68 66 72 68 70 71 70 66 73 71 70 69 65 60 59 55 54 59 54 51 49 48 48 48 49 49 49 49 49 53 53 53 57 55 54 54 55 57 56 56 60 63 55 55 52 54 49 50 53 60 62 56 58 60 61 56 52 51 51 48 51
61 62 62 63 64 64 65 65 66 63 63 63 64 63 62 61 61 60 60 61 62 60 60 59 59 59 59 60 61 62 64 60 60 61 64 65 64 69 66 67 63 64 66 72 73 73 74 66 61 56 51 51 59 53 50 49 49 48 48 54 56 50 48 49 51 52 52 55 61 55 54 53 54 57 56 58 61 64 55 54 53 50 49 49 56 60 57 55 58 60 57 52 51 51 51 55
63 63 63 65 65 64 66 66 65 64 63 62 62 65 62 61 61 61 62 62 65 66 63 63 59 62 62 62 64 67 66 62 60 61 62 61 64 67 64 63 64 68 66 67 69 66 62 61 64 59 54 53 54 54 53 51 49 48 47 48 48 53 52 55 51 50 50 52 59 61 55 54 54 54 57 57 58 61 60 55 53 53 50 49 56 57 54 52 55 58 58 53 51 50 53 54
64 64 66 66 67 67 66 65 65 65 64 64 62 61 62 60 62 62 63 63 65 65 66 64 60 60 61 61 61 63 65 62 62 62 59 61 61 64 63 69 70 64 60 58 58 60 60 58 57 51 50 53 55 56 53 52 53 47 47 48 47 46 46 51 55 50 48 50 54 60 62 57 55 55 55 56 56 56 60 57 53 56 51 49 51 55 63 58 56 53 60 56 52 51 51 56
68 69 69 68 67 67 66 67 65 65 66 66 66 62 60 60 61 62 65 65 64 64 65 63 61 60 59 60 60 62 62 61 61 61 61 61 61 64 65 68 69 61 60 57 56 55 54 51 52 52 58 52 55 56 54 56 54 51 53 47 48 48 47 46 47 53 49 51 52 54 59 61 55 57 56 55 55 56 55 57 56 54 53 52 50 52 53 55 57 59 60 61 56 53 53 57
71 71 73 71 69 68 67 67 67 67 66 67 67 64 62 62 60 61 66 67 64 65 67 62 60 62 61 61 60 61 62 60 63 65 66 65 64 64 66 67 67 67 66 56 55 54 54 55 58 55 57 59 62 60 57 59 58 51 55 47 50 51 50 50 56 49 49 51 51 52 55 65 59 57 59 59 60 60 57 54 60 58 54 55 51 55 56 53 56 60 62 64 60 56 53 52
67 70 72 73 72 71 71 70 70 68 68 68 67 66 63 63 61 61 61 64 64 65 63 64 61 66 62 60 61 60 63 65 65 63 63 68 67 67 71 65 63 64 65 58 55 55 61 63 60 60 63 63 62 60 59 55 56 56 55 50 52 52 46 50 57 54 51 52 51 52 53 60 64 60 63 68 64 60 61 59 57 61 56 56 54 51 55 56 55 57 56 65 63 60 56 53
65 67 69 73 72 73 70 70 72 72 72 72 69 68 65 63 61 61 60 63 64 68 65 62 62 62 61 63 60 59 59 65 61 61 60 61 63 69 75 66 65 61 56 59 54 57 54 61 62 62 62 61 61 59 58 59 56 56 56 52 52 54 47 52 62 57 58 51 52 52 53 56 64 63 66 66 62 60 56 58 61 60 63 60 55 55 50 56 54 56 54 59 58 62 57 56
63 66 67 69 71 73 77 73 74 72 73 75 70 68 66 64 61 60 60 63 63 65 66 64 63 63 64 63 64 60 59 58 59 59 60 63 68 66 69 63 66 61 60 60 53 56 60 58 57 61 63 63 62 59 60 59 57 58 52 55 56 52 47 60 61 55 57 57 54 51 54 55 58 65 65 69 62 61 63 63 63 64 61 59 55 55 55 50 52 57 58 52 57 56 57 56
62 64 65 66 67 68 71 73 79 74 74 73 71 71 68 66 65 62 63 61 65 65 66 64 64 63 66 61 60 59 60 59 58 59 59 61 61 62 68 59 57 57 54 53 57 55 53 58 58 60 60 61 54 56 61 59 56 55 51 53 52 51 47 59 63 60 62 58 58 55 55 54 55 57 65 62 67 66 61 71 63 66 66 58 59 63 56 56 50 49 54 51 51 53 56 58
61 63 65 66 66 66 68 69 71 73 75 71 73 70 69 68 65 66 66 64 63 65 65 64 67 67 65 62 62 60 58 59 58 58 57 57 60 58 58 54 55 55 54 53 56 58 56 56 57 57 60 61 59 55 56 55 58 55 53 47 47 48 47 50 56 59 64 63 61 54 54 55 55 56 59 63 70 63 60 64 62 63 63 61 57 59 67 52 50 49 52 56 56 53 56 56
61 61 62 65 66 66 66 67 69 69 69 72 74 73 69 70 69 67 67 66 65 65 64 65 66 67 66 64 63 61 59 59 59 58 58 57 58 55 55 59 57 62 58 55 53 55 53 53 55 54 59 59 56 57 55 57 49 54 48 50 54 57 54 50 55 57 57 62 60 55 57 60 56 54 56 60 64 69 68 68 62 69 66 63 63 58 58 61 58 50 48 50 55 57 53 53
59 61 61 62 64 65 65 66 67 66 67 69 72 74 78 75 78 70 66 67 67 65 65 64 67 69 69 66 66 63 60 60 58 60 62 60 55 54 57 66 66 66 63 57 56 54 55 54 56 56 58 57 56 57 55 55 49 48 48 48 53 56 56 56 57 54 52 54 60 57 59 64 59 55 56 57 60 64 69 68 64 62 64 69 70 61 57 61 66 58 51 51 59 58 54 53
58 59 60 61 62 64 64 65 65 66 67 69 69 70 74 76 73 72 70 67 67 67 65 67 68 66 67 65 65 63 61 59 58 58 57 54 55 58 58 63 69 71 73 61 56 54 58 59 62 60 58 55 54 54 53 51 49 49 48 47 52 54 49 52 48 50 50 52 53 56 57 59 63 57 54 53 53 57 61 64 66 67 64 64 71 62 57 57 60 66 55 47 54 55 58 55
58 58 60 60 62 62 63 64 65 65 66 66 68 70 74 78 76 78 70 69 68 67 67 67 67 68 66 65 63 62 59 57 57 57 55 56 55 57 59 59 64 70 71 69 62 55 62 59 57 57 53 53 52 52 50 51 49 51 51 53 53 54 47 48 48 48 48 51 53 54 55 55 62 58 54 56 54 55 57 58 59 61 64 64 68 61 55 56 56 60 64 49 49 52 54 56
57 57 57 59 60 62 62 62 65 65 66 66 68 70 72 75 76 80 70 76 73 68 69 68 68 69 65 64 61 61 61 58 57 57 54 57 56 56 57 56 58 62 61 64 62 59 56 57 57 55 55 54 55 50 58 55 52 49 48 47 48 48 52 55 50 51 48 49 53 55 54 55 57 54 53 58 61 59 58 58 56 55 56 58 59 55 53 54 55 55 58 49 47 54 54 51
54 56 56 58 59 59 60 62 62 63 65 65 66 67 69 70 74 77 74 73 73 73 73 71 70 69 68 72 67 60 60 58 57 56 54 57 59 57 57 56 56 61 63 59 59 57 58 58 59 60 59 57 55 54 61 57 58 57 54 48 47 54 58 57 54 54 52 52 54 54 54 54 59 55 55 56 63 57 59 62 58 54 53 54 55 54 51 52 53 56 54 46 46 52 49 50
54 55 55 56 56 58 59 60 60 63 64 65 65 66 66 68 71 73 75 79 78 73 74 75 74 73 69 72 69 62 60 57 57 56 54 56 58 57 58 56 56 58 57 59 61 60 59 61 63 67 57 58 56 60 61 60 60 59 58 48 47 48 49 48 49 51 51 52 54 55 54 56 58 58 55 57 55 56 57 59 59 59 54 53 49 52 51 51 53 55 52 51 45 49 52 49
52 53 54 55 55 56 58 60 60 60 62 64 64 65 66 67 68 71 74 74 81 79 75 79 75 75 71 66 66 63 61 58 58 56 56 56 58 59 57 57 55 55 56 55 55 55 59 59 60 67 66 60 58 58 57 59 58 58 49 47 47 48 47 49 51 52 51 54 55 55 55 64 60 61 58 61 53 55 52 54 54 57 58 54 53 52 53 55 56 57 58 52 47 45 49 50
51 52 53 54 54 55 57 58 59 60 61 62 64 64 64 65 66 68 70 73 78 75 78 80 79 77 74 69 70 62 60 58 57 57 55 57 57 58 59 57 56 55 56 57 57 58 58 60 62 66 63 59 59 57 54 55 52 57 48 47 47 48 50 52 54 55 56 56 57 57 56 66 64 60 59 63 53 51 52 53 54 54 53 54 54 50 52 56 60 58 59 59 55 51 45 50
50 51 52 52 53 53 55 56 57 59 60 61 63 63 64 63 64 66 69 68 72 74 84 87 93 81 75 73 72 64 61 58 57 55 56 58 58 57 57 57 55 56 59 59 58 59 60 59 59 59 56 58 57 59 57 52 51 48 48 48 47 49 52 54 56 59 58 59 60 60 59 57 59 59 64 57 53 50 51 51 51 51 51 51 49 47 52 52 54 54 59 56 46 45 51 46
49 50 51 50 52 52 53 56 56 57 59 60 61 62 62 62 61 63 64 68 75 78 85 87 93 81 77 72 70 63 62 58 57 56 56 57 57 59 56 56 56 57 56 58 55 58 58 58 58 58 55 57 57 53 54 51 49 49 48 48 48 50 53 56 59 61 60 63 63 61 59 55 60 55 62 54 51 50 50 49 50 51 49 47 45 46 44 45 45 52 51 50 45 49 52 48
49 49 50 50 51 52 53 56 56 56 57 60 61 61 62 61 61 62 64 69 72 79 85 85 89 81 77 72 69 69 62 58 56 56 56 56 56 56 55 55 55 54 55 54 55 56 57 59 57 57 56 59 58 52 51 50 49 49 48 49 50 51 55 57 60 59 59 64 63 62 60 61 56 55 54 58 51 50 50 49 50 47 46 46 46 45 45 43 42 46 50 48 46 48 54 52
50 49 50 50 51 51 52 54 55 56 57 58 61 61 60 60 61 61 65 67 72 73 82 87 84 79 76 72 68 63 61 58 57 57 57 56 57 56 56 55 55 56 53 54 56 56 60 58 57 58 53 57 58 58 57 49 49 48 48 51 50 54 56 60 60 63 63 67 66 61 57 63 60 57 54 55 54 50 50 48 48 48 47 45 45 44 43 42 43 43 44 47 51 50 54 54
49 50 50 50 50 50 51 52 54 55 56 58 58 59 59 60 60 61 65 68 70 78 84 81 84 76 73 70 72 64 63 60 60 59 58 58 60 58 60 57 57 56 56 58 59 56 59 58 59 58 54 53 50 57 58 49 49 48 50 53 54 57 60 62 63 66 67 69 62 63 65 62 59 56 54 54 52 53 50 50 50 48 47 46 45 45 44 43 43 44 45 47 54 55 50 51
48 48 49 50 50 50 51 53 53 54 55 57 58 58 59 61 61 62 64 68 70 74 73 82 81 73 72 72 67 67 66 69 66 63 63 63 62 60 61 58 57 56 57 58 61 58 54 60 55 61 56 53 52 58 59 49 49 50 53 55 54 59 61 61 65 68 68 63 66 69 65 62 58 57 54 55 56 57 53 50 50 48 48 46 45 44 45 44 44 43 44 44 47 54 49 53
