grids/precipitation/oct/RSMS_10_1883_01.asc
NCOLS 654
NROWS 866
XLLCORNER 3280414.711633467
YLLCORNER 5237500.62890625
CELLSIZE 1000
NODATA_VALUE -999
[rows 312 to 363 of 866, columns 384 to 479 of 654]
51 50 51 52 52 52 51 51 48 48 48 48 48 48 50 50 50 50 50 51 51 51 51 54 54 55 53 52 55 55 53 53 53 53 53 53 52 52 53 57 57 57 57 58 58 58 59 59 59 59 62 64 64 64 64 65 64 65 64 62 62 62 62 60 59 60 60 60 60 60 64 64 64 64 64 64 64 64 65 64 64 61 59 57 57 57 55 53 53 53 53 52 52 52 52 53
51 51 52 52 52 54 53 51 50 48 48 49 49 49 49 51 51 51 49 49 49 51 52 51 54 54 55 54 53 55 55 53 53 53 53 53 52 52 55 55 57 57 57 57 57 59 59 59 59 61 62 62 64 64 62 66 65 64 64 62 64 64 62 62 59 60 61 60 62 64 64 65 65 65 66 64 64 64 64 66 64 61 61 57 57 57 55 55 53 53 53 52 52 52 52 53
50 52 52 54 54 55 53 50 48 47 47 49 49 49 49 49 51 51 51 51 49 49 51 51 51 52 52 52 52 52 54 54 54 54 54 52 52 54 55 55 55 57 57 57 59 59 59 59 59 59 61 61 63 63 63 64 64 64 64 64 64 64 64 64 62 61 64 62 62 64 66 66 67 67 67 66 64 64 67 67 67 66 64 61 59 57 57 55 55 54 54 54 53 52 52 53
52 52 54 54 53 53 52 50 49 49 47 49 50 50 50 50 50 50 49 49 49 49 51 49 50 51 52 52 53 52 52 52 54 52 54 54 54 54 54 55 56 56 57 58 58 59 59 59 59 59 59 59 61 63 61 63 63 63 63 64 64 64 64 64 62 61 64 64 62 64 66 66 68 69 69 66 66 66 69 67 67 64 62 61 61 61 57 56 57 57 54 54 54 52 52 53
52 52 52 54 55 52 52 50 49 49 48 50 50 50 50 50 50 50 50 49 51 51 51 50 50 50 51 51 53 53 51 52 54 57 55 54 54 54 55 56 56 57 58 58 60 60 60 60 60 60 59 61 61 61 63 63 63 63 65 65 65 65 66 64 62 62 62 64 62 66 66 68 68 68 69 68 68 68 69 67 67 62 62 64 64 61 57 57 57 57 54 55 55 55 52 53
52 52 53 54 55 56 55 52 49 49 48 50 50 50 50 50 50 50 48 50 51 51 50 50 50 50 51 51 53 53 53 52 54 54 54 54 54 54 56 57 57 58 56 58 60 60 58 60 60 60 60 59 61 61 63 63 63 65 65 65 65 65 66 66 64 62 66 64 64 66 66 68 68 69 73 69 71 69 69 67 66 66 64 64 62 61 59 57 57 57 56 55 55 55 55 55
52 54 54 56 55 53 53 51 49 50 48 49 49 49 49 49 50 50 48 48 48 51 50 50 51 51 51 51 51 53 53 54 54 54 54 56 56 56 56 58 56 58 58 60 60 60 60 62 61 61 61 61 61 65 65 63 63 63 65 65 65 66 66 66 66 64 66 68 68 66 66 68 69 71 73 73 71 69 69 66 64 66 62 64 62 61 59 58 57 57 56 56 55 57 55 55
54 54 56 53 53 53 54 51 50 50 50 49 49 49 49 49 49 49 48 50 50 50 51 51 51 51 51 51 51 51 51 54 54 54 54 54 54 56 56 56 56 58 58 58 59 60 62 62 62 62 61 63 63 65 65 65 66 65 65 65 65 67 66 66 65 64 66 66 68 68 68 66 68 70 71 71 70 66 66 66 66 64 64 63 61 61 61 58 58 58 57 56 56 56 55 55
54 54 53 53 53 53 52 51 50 50 50 51 50 50 49 49 49 49 48 50 50 50 51 51 51 51 51 51 51 51 51 54 54 54 53 54 54 54 56 56 56 56 57 57 57 59 59 60 62 62 62 63 63 63 66 66 66 66 66 65 65 67 65 66 65 66 66 68 68 68 66 70 70 70 70 71 68 68 66 66 69 68 66 63 61 63 61 58 58 58 57 59 59 57 56 55
54 54 53 53 52 52 51 51 50 50 51 49 50 48 50 49 47 49 49 50 50 50 52 51 51 51 52 51 51 51 51 53 53 53 53 55 55 55 55 57 57 57 57 57 57 57 59 60 60 60 63 64 64 64 64 64 66 66 66 66 66 66 66 65 67 67 70 72 70 68 70 70 70 68 68 71 70 68 68 70 69 68 65 63 61 61 59 58 58 58 59 59 59 57 56 56
51 51 51 50 50 51 49 50 51 52 51 51 48 48 48 48 48 47 47 50 50 50 52 52 52 52 52 52 52 53 52 52 53 53 53 53 55 57 57 57 57 57 57 57 57 57 58 59 60 61 63 63 63 65 65 65 65 66 66 66 66 68 68 67 67 67 69 69 71 72 72 72 67 68 68 68 70 68 72 72 70 70 70 65 63 61 60 60 58 58 59 61 61 59 57 56
52 51 50 52 53 52 52 51 50 50 51 51 50 48 48 48 48 48 47 49 49 49 52 52 52 52 52 52 52 52 53 52 52 52 54 56 56 56 56 56 56 56 58 58 58 58 58 60 60 60 62 62 62 64 65 65 65 65 65 68 68 68 68 68 69 71 69 69 69 71 71 69 67 67 68 71 69 69 68 70 72 68 65 65 63 61 60 60 58 60 59 61 61 61 58 58
52 52 53 52 52 52 51 51 52 52 52 51 51 50 49 49 48 48 47 49 49 49 49 52 52 52 52 52 52 52 52 52 52 52 54 54 54 56 56 56 56 58 60 60 60 60 60 58 60 60 62 62 62 62 65 65 65 65 68 68 68 68 68 68 70 70 71 69 69 69 69 67 67 67 71 69 69 71 71 71 71 71 68 65 63 63 60 60 60 60 59 61 61 61 61 58
52 53 53 53 52 52 54 53 53 52 52 53 53 51 49 49 48 46 47 47 49 49 49 50 50 52 52 52 52 52 52 52 52 52 53 54 54 56 56 56 56 58 60 60 60 60 60 60 60 61 61 62 62 62 64 66 65 67 67 68 68 67 68 68 68 71 70 68 69 69 69 69 67 67 69 69 67 69 71 71 71 71 67 63 63 62 60 60 60 60 61 63 63 61 61 59
52 53 52 52 52 54 54 54 53 53 52 52 51 51 49 47 47 47 45 47 47 49 49 49 49 50 50 50 52 52 52 52 52 53 53 53 55 55 55 56 56 58 62 60 60 62 61 61 61 61 61 63 63 64 66 66 66 67 67 67 67 67 68 70 70 70 74 73 71 70 70 69 69 69 69 69 69 69 69 69 71 71 69 66 64 63 62 60 60 60 61 61 63 63 61 63
49 50 52 52 52 54 54 53 53 53 52 52 52 50 49 49 49 47 47 47 47 47 49 49 49 50 50 51 51 51 51 52 53 53 53 55 55 57 55 57 57 58 60 62 61 62 61 61 61 61 61 63 63 65 66 66 66 67 67 67 67 67 67 69 71 72 72 72 72 71 71 71 71 71 71 73 71 71 71 71 73 73 69 69 66 64 63 62 63 63 61 63 65 65 65 65
52 51 50 50 52 52 52 53 53 51 51 52 52 50 49 49 49 49 47 47 47 47 49 49 49 49 51 51 51 51 51 53 53 53 55 55 57 57 55 58 58 58 62 62 62 62 61 61 61 61 61 63 63 63 65 66 66 64 67 67 67 67 67 69 72 72 74 72 72 72 72 71 71 71 71 71 71 71 69 69 71 71 71 66 66 66 63 63 63 63 63 63 63 66 66 66
52 53 52 52 52 52 52 51 51 51 51 52 50 50 48 49 49 47 47 47 47 49 49 49 49 49 49 51 51 51 51 51 53 53 55 55 57 57 58 60 60 59 61 62 61 61 61 61 61 62 62 62 63 63 63 65 64 66 66 67 67 67 71 71 69 72 74 72 72 72 72 72 71 71 71 73 73 73 71 71 69 68 68 67 67 66 66 65 65 65 63 65 66 65 66 66
52 51 52 52 52 51 51 51 51 51 51 51 50 50 49 50 47 50 49 47 47 49 49 49 49 49 49 49 51 51 51 53 53 53 53 55 55 57 58 61 61 61 61 61 61 61 62 60 62 62 62 62 62 63 63 65 67 67 66 68 68 69 69 71 72 71 71 72 72 70 72 72 72 72 71 71 71 74 74 74 73 71 73 74 73 69 71 69 67 67 65 67 65 65 66 66
51 51 50 49 49 51 51 51 51 50 51 50 50 50 48 49 47 49 47 49 47 49 49 51 51 51 51 51 51 51 51 51 52 52 53 55 57 57 59 61 61 61 60 62 62 62 60 60 60 62 62 62 62 62 63 63 63 65 67 68 68 68 69 71 73 71 72 72 72 74 74 74 74 74 72 71 71 71 74 73 73 73 74 71 73 71 71 71 69 69 67 68 70 68 66 68
51 51 48 47 49 49 51 51 51 50 50 50 50 50 48 47 47 49 47 49 49 49 51 51 51 51 51 51 51 51 51 52 52 52 53 55 55 57 57 59 59 59 61 62 62 62 60 60 60 60 62 62 62 62 63 63 63 63 65 68 68 68 71 73 73 73 71 71 71 71 74 76 76 76 74 71 70 70 73 73 73 73 73 73 74 73 72 71 71 71 68 68 68 68 66 66
51 50 48 49 49 49 51 51 50 50 50 50 50 48 48 49 49 52 52 50 49 49 51 51 51 51 51 51 51 51 52 52 52 52 53 53 55 55 57 59 59 60 58 62 62 62 60 60 60 60 60 62 62 62 62 63 63 63 65 65 68 68 70 71 73 71 71 71 71 72 74 74 74 77 75 72 71 71 70 73 73 73 73 73 74 73 69 69 69 69 69 68 68 67 67 66
49 49 48 50 50 51 51 49 51 51 51 50 48 50 50 49 50 50 50 49 49 51 51 51 51 51 51 51 51 52 52 52 52 52 52 54 56 56 56 58 60 60 60 62 62 61 61 61 61 61 60 62 62 62 62 62 63 63 63 65 67 68 71 71 71 71 71 71 71 71 74 76 76 74 74 75 72 70 70 71 71 71 73 76 73 73 71 69 69 67 67 67 67 67 67 67
49 49 50 50 50 50 51 51 51 51 50 50 50 50 50 50 50 49 49 49 49 49 51 53 53 53 51 52 52 52 52 52 52 52 52 54 54 56 56 58 58 58 58 60 61 61 61 63 63 62 61 62 62 62 62 62 62 62 63 65 67 68 70 68 68 70 71 71 71 71 74 74 74 76 74 72 70 70 72 72 72 71 73 74 74 73 71 69 69 68 67 66 66 66 67 67
47 47 50 50 50 50 51 49 50 50 50 50 50 52 52 52 52 50 51 51 51 49 51 53 53 53 52 52 52 52 52 52 52 52 52 54 54 56 58 58 58 58 60 61 61 61 63 63 63 63 63 61 62 62 62 62 62 62 63 67 65 67 68 68 68 68 70 71 71 71 73 74 72 74 72 70 70 70 72 72 70 72 71 73 73 73 73 71 69 71 69 67 66 66 65 67
47 49 49 48 48 49 51 49 50 50 50 50 50 52 52 52 52 50 51 52 51 51 51 53 53 53 52 52 52 52 52 52 52 52 53 54 54 56 58 58 58 60 61 61 61 61 63 63 63 63 63 61 61 61 59 60 62 62 64 65 65 67 67 68 68 68 71 71 71 71 71 72 72 71 71 68 70 70 72 72 72 72 71 73 73 73 74 71 69 69 67 67 67 67 66 63
47 47 48 48 48 49 51 51 49 51 51 51 51 52 52 52 54 52 51 51 51 51 51 53 52 52 52 52 52 52 52 52 52 53 53 55 55 55 58 58 60 61 61 61 63 63 63 63 63 63 63 63 61 61 62 62 62 64 64 65 65 69 69 68 68 70 70 70 70 69 69 71 71 71 71 71 72 71 72 74 72 72 72 71 71 73 73 71 71 69 68 67 66 66 66 64
46 46 49 50 50 50 50 51 51 51 51 51 51 52 52 54 54 52 51 51 51 50 51 52 52 52 52 52 52 52 52 53 53 53 53 55 55 55 57 61 61 61 62 63 63 63 63 63 63 63 63 63 63 63 62 62 64 64 64 67 69 67 67 69 69 68 68 68 68 70 71 69 71 71 71 71 71 72 72 72 72 72 72 71 70 73 74 73 69 69 69 67 67 67 66 64
46 46 48 48 50 50 50 51 51 51 51 51 51 53 54 54 54 52 51 51 51 50 50 52 52 52 52 52 52 52 53 53 53 53 53 55 55 55 57 59 59 59 61 61 61 61 61 63 63 63 63 63 63 63 64 64 64 64 67 69 67 67 69 69 70 70 68 70 70 70 70 69 71 71 72 71 71 71 71 71 72 72 72 68 73 75 71 71 71 68 68 66 66 67 66 64
46 46 46 48 48 50 50 51 51 51 51 51 51 53 54 54 54 53 51 51 50 50 50 52 52 52 52 52 52 52 53 53 53 53 55 55 55 55 57 59 59 59 61 61 63 63 63 63 63 63 63 63 63 64 64 64 64 66 66 67 67 67 69 69 70 70 68 70 70 70 70 69 69 73 71 71 71 71 69 71 72 72 72 70 70 71 68 68 68 69 68 67 66 64 64 64
46 46 46 48 48 48 49 52 51 49 50 50 50 50 50 52 51 53 51 52 52 50 50 50 50 52 52 52 52 53 53 53 53 53 55 55 55 55 57 57 59 59 63 63 63 63 63 63 63 63 63 63 63 64 64 68 66 66 68 67 67 69 69 69 69 67 69 68 68 68 70 70 69 71 71 69 67 69 69 71 71 69 67 68 70 70 68 68 68 69 71 71 67 66 66 64
46 46 48 48 48 48 50 51 49 49 48 50 48 48 50 51 51 51 51 52 54 52 52 52 50 50 52 52 52 53 53 53 53 53 55 55 55 55 57 57 57 59 61 63 63 63 63 63 63 63 63 63 63 65 66 66 68 66 68 67 69 69 69 67 67 67 67 67 69 68 68 71 71 69 69 67 67 69 67 71 71 71 67 68 67 68 65 68 68 69 69 69 67 66 66 64
46 46 48 48 48 48 47 49 49 49 48 48 48 48 49 51 51 51 50 52 52 54 52 50 50 50 50 52 52 53 53 53 53 53 55 55 55 55 57 59 57 57 59 63 63 63 63 63 63 63 63 63 63 65 67 68 68 66 68 67 67 69 69 67 67 67 67 67 69 69 68 70 70 71 71 69 69 69 67 69 71 71 67 68 67 70 68 70 68 68 68 67 69 66 66 64
46 46 48 48 48 49 49 49 49 48 48 46 46 48 49 51 49 50 50 52 52 52 54 50 50 50 50 52 53 53 53 53 53 53 55 55 55 55 55 58 57 58 61 63 63 63 63 63 63 63 63 63 63 65 65 67 68 68 68 68 67 67 69 65 67 65 65 65 67 69 67 70 70 68 69 69 69 71 69 69 69 69 69 67 67 68 67 66 68 66 66 64 66 66 66 64
46 46 48 48 48 49 47 49 49 48 46 45 43 47 49 51 49 50 50 50 52 54 52 48 49 50 51 51 51 53 53 53 54 54 55 55 55 55 56 58 58 60 60 62 63 63 65 65 65 65 63 63 63 65 65 67 68 68 70 70 69 68 67 65 67 67 65 67 67 67 67 68 68 68 70 71 73 71 67 71 67 67 67 67 65 65 65 63 65 65 65 64 64 64 64 64
47 47 48 48 48 49 49 47 48 48 48 46 45 47 49 51 50 50 50 50 50 52 50 49 49 51 51 51 51 52 53 54 54 54 54 56 56 56 56 58 58 60 62 64 64 64 66 66 66 65 65 65 65 65 67 67 69 68 70 70 70 69 67 65 65 65 65 67 67 67 67 68 68 68 68 71 73 71 69 73 67 67 67 67 65 64 63 63 65 65 63 63 64 64 62 62
47 47 48 50 48 48 49 49 49 48 48 45 47 47 49 49 50 50 50 50 50 50 48 50 49 51 53 51 52 52 54 54 54 54 54 56 56 56 58 59 59 59 61 63 63 64 66 66 66 66 66 65 65 65 67 69 69 69 68 70 68 68 66 65 65 65 65 65 65 65 67 67 67 67 68 70 70 70 67 66 66 67 65 65 65 65 63 63 63 63 63 63 63 63 63 62
50 49 51 50 50 50 51 51 48 50 46 48 47 49 49 49 50 50 50 50 50 50 50 50 51 51 51 52 52 52 54 54 54 55 55 56 56 56 59 59 59 61 61 63 63 64 66 68 66 66 66 66 65 65 66 67 67 67 69 68 68 68 66 66 65 65 65 65 65 65 67 67 67 67 68 70 70 70 68 66 66 66 64 64 64 64 64 62 63 63 63 63 63 63 63 63
50 51 51 51 52 52 54 51 50 50 48 50 52 49 47 49 50 50 50 50 50 50 50 51 53 49 53 52 52 52 54 55 55 55 55 57 57 57 59 60 61 61 63 63 65 65 65 67 64 64 64 64 64 64 66 66 67 67 67 67 67 67 66 66 66 66 68 67 67 67 67 67 67 67 68 68 68 68 68 66 66 64 64 64 64 64 64 64 63 62 62 61 61 61 63 63
52 51 54 54 53 55 54 54 51 50 50 52 52 50 51 49 50 50 50 52 52 52 52 53 53 53 52 52 52 52 55 55 55 55 55 57 58 58 60 60 62 62 64 65 65 65 65 65 65 65 64 64 64 64 66 66 66 66 65 65 65 67 67 67 67 66 68 67 67 67 67 67 67 67 67 67 67 67 66 66 64 64 64 64 64 64 64 64 64 64 62 62 62 61 63 63
55 54 54 56 54 55 59 54 53 50 52 52 52 52 51 50 50 50 50 52 52 52 52 53 53 51 52 52 52 52 55 55 56 56 56 58 58 58 60 63 63 63 64 66 66 66 66 65 65 65 65 65 64 64 64 66 66 66 66 65 65 65 67 67 67 67 66 67 67 67 67 67 67 67 67 67 67 67 66 64 64 64 64 64 64 64 64 64 64 64 62 62 62 62 63 63
53 54 54 56 56 57 56 56 55 53 52 50 50 52 51 49 48 50 48 48 50 50 52 53 53 53 51 52 52 53 55 56 58 58 57 59 59 59 61 61 63 63 65 67 66 66 66 66 66 65 65 65 65 65 65 66 66 66 66 66 65 65 67 67 67 67 66 66 67 67 67 67 67 67 67 67 67 67 65 64 64 64 64 64 64 64 64 64 64 64 62 62 62 62 63 63
52 52 54 54 57 57 56 56 55 55 52 52 52 49 49 49 50 50 50 50 50 50 50 52 51 51 51 52 52 55 56 58 59 59 60 58 60 60 60 62 62 64 66 66 65 67 67 67 64 64 64 64 65 65 65 65 65 66 66 66 66 67 67 67 67 67 66 66 68 68 67 67 67 67 67 67 67 65 65 65 64 64 64 64 64 64 64 64 64 64 64 62 62 62 62 63
49 51 54 55 55 55 56 56 53 53 55 54 49 51 51 50 48 48 48 50 50 50 48 48 49 49 51 52 52 55 56 57 60 60 60 59 60 61 61 64 64 65 65 66 66 66 65 65 65 65 64 64 64 64 65 65 65 65 66 66 66 67 67 69 67 67 67 66 66 68 68 67 67 67 67 65 65 65 65 65 65 65 64 64 64 64 64 64 64 64 62 62 62 62 62 62
47 49 52 53 54 54 54 55 55 53 54 52 51 51 49 50 48 48 48 48 50 50 50 50 50 49 52 52 52 55 59 60 58 59 59 60 60 60 62 64 64 64 66 67 66 66 66 66 65 65 65 65 65 64 64 65 65 65 65 66 66 66 69 69 69 69 68 68 66 66 68 67 67 67 67 65 65 65 65 65 65 65 64 64 64 64 64 64 64 64 64 62 62 62 62 62
47 48 50 52 52 52 53 55 55 55 54 51 51 49 48 48 48 48 48 50 50 52 50 50 50 51 52 52 53 56 57 60 59 61 62 63 63 63 63 65 65 65 67 66 67 67 65 64 68 68 67 67 67 65 67 68 65 65 65 68 68 68 69 69 69 68 67 68 68 68 68 69 67 67 67 65 65 65 65 65 65 65 65 64 64 64 64 64 64 64 64 62 62 62 62 62
47 48 50 51 51 53 53 53 55 55 54 52 49 49 48 48 48 48 48 50 50 50 50 50 51 52 52 53 56 58 59 61 60 61 63 64 64 64 64 66 66 68 68 67 66 68 67 67 66 66 66 66 67 67 67 66 68 67 67 67 66 68 67 67 67 67 67 67 66 66 68 68 68 67 67 67 65 65 65 65 67 65 67 67 64 64 64 64 64 64 64 62 62 62 62 62
47 48 50 52 53 53 55 55 55 53 52 51 49 49 50 50 50 48 48 52 52 52 52 53 52 52 53 57 58 59 59 63 62 62 62 62 65 65 65 68 68 69 66 70 70 69 68 67 67 66 66 66 66 65 67 67 66 66 67 67 66 66 67 65 65 65 65 65 65 66 66 68 66 67 67 67 67 67 67 67 65 65 65 67 67 64 64 64 64 64 64 62 62 62 62 62
47 48 48 51 53 53 53 53 53 53 54 51 49 50 50 50 50 50 50 52 50 52 53 52 54 54 54 58 59 59 61 64 65 65 65 65 65 65 68 68 68 68 70 71 71 70 69 67 67 67 66 66 66 65 67 67 66 66 67 67 66 66 66 65 65 65 65 65 65 65 66 66 66 68 67 67 67 67 67 65 67 67 67 67 68 68 66 66 66 64 64 62 62 62 62 62
49 48 48 49 53 53 55 55 55 55 54 51 51 50 50 50 50 50 54 53 53 51 51 54 54 55 55 57 57 61 62 65 65 64 66 66 66 66 69 69 69 71 71 72 71 71 70 68 67 67 66 66 66 65 67 67 66 66 65 67 66 66 66 65 65 65 65 65 65 67 64 64 68 66 65 67 67 67 69 67 68 68 68 68 68 68 68 66 66 66 66 62 62 62 62 62
47 49 50 49 49 51 53 53 53 54 54 51 51 50 50 52 52 51 53 53 53 52 52 55 54 57 57 58 61 62 63 64 65 67 67 67 67 68 70 70 72 72 72 73 72 72 71 69 68 67 69 68 68 67 67 67 67 66 66 65 65 64 64 64 66 65 65 65 63 63 64 64 64 64 66 65 67 69 69 70 70 72 70 72 68 68 70 70 68 69 67 67 65 64 64 62
47 47 48 49 47 49 51 52 54 50 52 53 52 52 54 54 55 53 55 53 54 52 53 54 55 58 58 59 61 61 64 66 64 67 68 68 69 69 71 74 74 74 75 74 74 73 71 70 69 68 69 68 68 67 67 67 67 67 66 64 63 63 64 64 64 64 63 65 65 65 64 63 63 64 64 67 67 69 72 74 72 74 72 70 72 72 68 68 68 71 69 69 69 67 65 64
