grids/precipitation/oct/RSMS_10_1882_01.asc
NCOLS 654
NROWS 866
XLLCORNER 3280414.711633467
YLLCORNER 5237500.62890625
CELLSIZE 1000
NODATA_VALUE -999
[rows 689 to 741 of 866, columns 96 to 191 of 654]
-999 -999 -999 -999 -999 -999 -999 -999 -999 -999 -999 -999 -999 -999 -999 -999 -999 -999 -999 -999 -999 -999 -999 -999 -999 -999 -999 -999 -999 -999 -999 -999 -999 -999 -999 -999 -999 -999 -999 -999 -999 -999 -999 -999 -999 -999 -999 -999 -999 -999 -999 -999 -999 -999 -999 -999 -999 -999 -999 101 101 101 101 101 101 101 101 101 101 101 101 102 103 110 109 116 132 130 123 117 122 129 135 135 138 137 132 123 121 119 112 109 110 106 108 109
-999 -999 -999 -999 -999 -999 -999 -999 -999 -999 -999 -999 -999 -999 -999 -999 -999 -999 -999 -999 -999 -999 -999 -999 -999 -999 -999 -999 -999 -999 -999 -999 -999 -999 -999 -999 -999 -999 -999 -999 -999 -999 -999 -999 -999 -999 -999 -999 -999 -999 -999 -999 -999 -999 -999 -999 -999 -999 -999 101 101 101 102 102 104 101 103 100 101 99 101 104 108 113 121 122 133 131 127 124 125 134 128 141 141 140 134 129 123 120 122 116 116 113 107 97
-999 -999 -999 -999 -999 -999 -999 -999 -999 -999 -999 -999 -999 -999 -999 -999 -999 -999 -999 -999 -999 -999 -999 -999 -999 -999 -999 -999 -999 -999 -999 -999 -999 -999 -999 -999 -999 -999 -999 -999 -999 -999 -999 -999 -999 -999 -999 -999 -999 -999 -999 -999 -999 -999 -999 -999 -999 -999 102 102 102 102 101 101 101 102 101 101 103 102 102 107 110 120 141 122 122 131 134 140 138 137 128 143 135 138 134 131 128 124 124 121 122 106 113 104
-999 -999 -999 -999 -999 -999 -999 -999 -999 -999 -999 -999 -999 -999 -999 -999 -999 -999 -999 -999 -999 -999 -999 -999 -999 -999 -999 -999 -999 -999 -999 -999 -999 -999 -999 -999 -999 -999 -999 -999 -999 -999 -999 -999 -999 -999 -999 -999 -999 -999 -999 -999 -999 -999 -999 -999 -999 -999 104 103 103 103 102 104 104 104 104 104 104 104 104 107 112 116 121 120 132 133 134 141 143 146 130 143 142 139 137 133 128 133 128 123 125 105 117 119
-999 -999 -999 -999 -999 -999 -999 -999 -999 -999 -999 -999 -999 -999 -999 -999 -999 -999 -999 -999 -999 -999 -999 -999 -999 -999 -999 -999 -999 -999 -999 -999 -999 -999 -999 -999 -999 -999 -999 -999 -999 -999 -999 -999 -999 -999 -999 -999 -999 -999 -999 -999 -999 -999 -999 -999 -999 -999 104 104 103 106 104 105 106 106 106 105 105 107 108 108 110 112 117 118 120 126 138 145 147 149 135 152 149 137 143 144 140 135 135 132 107 126 119 113
-999 -999 -999 -999 -999 -999 -999 -999 -999 -999 -999 -999 -999 -999 -999 -999 -999 -999 -999 -999 -999 -999 -999 -999 -999 -999 -999 -999 -999 -999 -999 -999 -999 -999 -999 -999 -999 -999 -999 -999 -999 -999 -999 -999 -999 -999 -999 -999 -999 -999 -999 -999 -999 -999 -999 -999 -999 105 105 105 105 107 107 107 107 107 107 107 109 115 117 111 110 111 115 115 116 119 135 157 158 143 150 155 158 153 144 141 140 140 142 134 109 122 122 118
-999 -999 -999 -999 -999 -999 -999 -999 -999 -999 -999 -999 -999 -999 -999 -999 -999 -999 -999 -999 -999 -999 -999 -999 -999 -999 -999 -999 -999 -999 -999 -999 -999 -999 -999 -999 -999 -999 -999 -999 -999 -999 -999 -999 -999 -999 -999 -999 -999 -999 -999 -999 -999 -999 -999 -999 -999 104 107 107 107 108 108 109 109 110 109 114 118 115 124 117 110 110 115 114 117 128 140 160 171 155 147 158 148 150 150 149 147 145 139 120 120 123 127 121
-999 -999 -999 -999 -999 -999 -999 -999 -999 -999 -999 -999 -999 -999 -999 -999 -999 -999 -999 -999 -999 -999 -999 -999 -999 -999 -999 -999 -999 -999 -999 -999 -999 -999 -999 -999 -999 -999 -999 -999 -999 -999 -999 -999 -999 -999 -999 -999 -999 -999 -999 -999 -999 -999 -999 -999 106 106 107 107 109 109 109 111 111 112 115 120 125 120 120 118 112 111 112 115 124 130 153 159 157 157 147 170 158 158 145 148 147 138 123 133 117 117 105 120
-999 -999 -999 -999 -999 -999 -999 -999 -999 -999 -999 -999 -999 -999 -999 -999 -999 -999 -999 -999 -999 -999 -999 -999 -999 -999 -999 -999 -999 -999 -999 -999 -999 -999 -999 -999 -999 -999 -999 -999 -999 -999 -999 -999 -999 -999 -999 -999 -999 -999 -999 -999 103 102 101 104 106 105 105 107 109 109 110 110 114 116 120 124 122 125 124 120 117 113 110 115 128 126 153 150 145 143 149 165 173 160 148 146 137 138 118 132 107 129 123 115
-999 -999 -999 -999 -999 -999 -999 -999 -999 -999 -999 -999 -999 -999 -999 -999 -999 -999 -999 -999 -999 -999 -999 -999 -999 -999 -999 -999 -999 -999 -999 -999 -999 -999 -999 -999 -999 -999 -999 -999 -999 -999 -999 -999 -999 -999 -999 -999 -999 -999 -999 -999 101 101 102 102 104 104 105 105 108 109 111 112 114 116 124 129 144 142 140 120 118 117 112 114 117 122 133 141 164 142 157 151 164 162 152 139 124 126 134 138 110 132 122 116
-999 -999 -999 -999 -999 -999 -999 -999 -999 -999 -999 -999 -999 -999 -999 -999 -999 -999 -999 -999 -999 -999 -999 -999 -999 -999 -999 -999 -999 -999 -999 -999 -999 -999 -999 -999 -999 -999 -999 -999 -999 -999 -999 -999 -999 -999 -999 -999 -999 -999 -999 -999 98 100 100 100 99 102 103 104 107 107 109 118 123 126 116 120 133 127 142 129 126 124 116 116 126 127 131 137 151 154 153 153 148 157 132 146 141 138 139 118 124 121 115 112
-999 -999 -999 -999 -999 -999 -999 -999 -999 -999 -999 -999 -999 -999 -999 -999 -999 -999 -999 -999 -999 -999 -999 -999 -999 -999 -999 -999 -999 -999 -999 -999 -999 -999 -999 -999 -999 -999 -999 -999 -999 -999 -999 -999 -999 -999 -999 -999 99 -999 -999 98 98 98 99 99 99 99 102 106 107 109 111 123 133 135 120 119 127 129 152 134 131 125 118 120 132 133 143 153 176 153 157 166 163 149 138 145 143 137 119 134 149 120 123 115
-999 -999 -999 -999 -999 -999 -999 -999 -999 -999 -999 -999 -999 -999 -999 -999 -999 -999 -999 -999 -999 -999 -999 -999 -999 -999 -999 -999 -999 -999 -999 -999 -999 -999 -999 -999 -999 -999 -999 -999 -999 -999 -999 -999 -999 -999 -999 -999 100 100 98 98 99 97 99 99 99 98 99 104 107 109 112 124 142 139 127 125 126 129 143 147 138 130 138 121 129 139 155 167 164 155 168 148 143 133 147 140 128 118 111 141 127 130 107 104
-999 -999 -999 -999 -999 -999 -999 -999 -999 -999 -999 -999 -999 -999 -999 -999 -999 -999 -999 -999 -999 -999 -999 -999 -999 -999 -999 -999 -999 -999 -999 -999 -999 -999 -999 -999 -999 -999 -999 -999 -999 -999 -999 -999 -999 -999 -999 -999 98 98 99 99 99 97 99 99 100 99 100 104 108 109 118 119 132 136 139 128 132 126 135 140 144 150 133 123 135 158 159 175 170 173 163 165 158 133 141 145 136 128 112 135 113 123 103 113
-999 -999 -999 -999 -999 -999 -999 -999 -999 -999 -999 -999 -999 -999 -999 -999 -999 -999 -999 -999 -999 -999 -999 -999 -999 -999 -999 -999 -999 -999 -999 -999 -999 -999 -999 -999 -999 -999 -999 -999 -999 -999 -999 -999 -999 -999 -999 -999 98 97 99 99 98 98 98 99 101 101 103 107 108 113 118 124 136 139 142 144 120 135 135 145 139 158 133 125 131 138 145 144 147 171 166 154 142 141 145 142 126 116 125 128 108 126 115 106
-999 -999 -999 -999 -999 -999 -999 -999 -999 -999 -999 -999 -999 -999 -999 -999 -999 -999 -999 -999 -999 -999 -999 -999 -999 -999 -999 -999 -999 -999 -999 -999 -999 -999 -999 -999 -999 -999 -999 -999 -999 -999 -999 -999 -999 -999 -999 98 98 98 97 98 98 98 98 99 101 101 104 108 110 113 116 132 135 138 163 140 137 138 144 144 156 157 150 130 128 144 144 137 155 168 160 150 155 148 147 143 138 119 130 120 122 125 117 104
-999 -999 -999 -999 -999 -999 -999 -999 -999 -999 -999 -999 -999 -999 -999 -999 -999 -999 -999 -999 -999 -999 -999 -999 -999 -999 -999 -999 -999 -999 -999 -999 -999 -999 -999 -999 -999 -999 -999 -999 -999 -999 -999 -999 -999 -999 -999 97 98 97 97 98 98 98 98 99 101 102 104 108 109 115 119 126 128 138 142 149 163 159 162 155 166 162 157 157 130 140 147 154 153 169 161 155 153 147 139 125 118 118 126 114 124 113 112 107
-999 -999 -999 -999 -999 -999 -999 -999 -999 -999 -999 -999 -999 -999 -999 -999 -999 -999 -999 -999 -999 -999 -999 -999 -999 -999 -999 -999 -999 -999 -999 -999 -999 -999 -999 -999 -999 -999 -999 -999 -999 -999 -999 -999 -999 -999 95 95 95 95 95 97 98 98 99 99 101 103 105 107 110 116 126 141 137 139 159 155 154 160 173 173 170 167 156 151 125 145 159 161 175 164 158 154 154 151 148 143 134 120 123 117 124 118 114 109
-999 -999 -999 -999 -999 -999 -999 -999 -999 -999 -999 -999 -999 -999 -999 -999 -999 -999 -999 -999 -999 -999 -999 -999 -999 -999 -999 -999 -999 -999 -999 -999 -999 -999 -999 -999 -999 -999 -999 -999 -999 -999 -999 -999 -999 92 93 92 92 93 95 96 96 97 99 101 102 103 105 108 111 113 117 129 132 154 159 162 155 160 174 176 185 171 142 131 133 133 150 177 174 169 155 150 145 146 129 125 114 114 127 108 119 118 115 113
-999 -999 -999 -999 -999 -999 -999 -999 -999 -999 -999 -999 -999 -999 -999 -999 -999 -999 -999 -999 -999 -999 -999 -999 -999 -999 -999 -999 -999 -999 -999 -999 -999 -999 -999 -999 -999 -999 -999 -999 -999 -999 -999 -999 92 92 92 92 92 92 93 95 96 97 98 102 103 103 105 106 110 113 121 116 136 141 165 157 173 161 172 182 172 161 145 127 121 142 157 162 171 169 162 148 139 137 124 121 121 131 124 104 118 112 113 108
-999 -999 -999 -999 -999 -999 -999 -999 -999 -999 -999 -999 -999 -999 -999 -999 -999 -999 -999 -999 -999 -999 -999 -999 -999 -999 -999 -999 -999 -999 -999 -999 -999 -999 -999 -999 -999 -999 -999 -999 -999 -999 -999 92 92 91 90 92 92 92 91 95 95 97 99 100 103 103 104 108 112 116 134 115 118 132 168 177 168 173 173 190 190 181 160 141 126 135 153 158 169 159 157 155 141 126 133 134 121 130 121 108 107 113 111 109
-999 -999 -999 -999 -999 -999 -999 -999 -999 -999 -999 -999 -999 -999 -999 -999 -999 -999 -999 -999 -999 -999 -999 -999 -999 -999 -999 -999 -999 -999 -999 -999 -999 -999 -999 -999 -999 -999 -999 -999 -999 -999 89 90 90 90 90 90 90 90 91 92 93 95 96 98 100 102 106 109 115 125 135 126 121 148 159 174 186 187 191 176 170 178 155 133 128 140 150 145 165 148 154 137 130 130 139 129 135 129 121 110 112 108 106 105
-999 -999 -999 -999 -999 -999 -999 -999 -999 -999 -999 -999 -999 -999 -999 -999 -999 -999 -999 -999 -999 -999 -999 -999 -999 -999 -999 -999 -999 -999 -999 -999 -999 -999 -999 -999 -999 -999 -999 -999 -999 87 88 90 89 90 90 91 90 90 90 92 92 94 96 98 98 101 106 108 111 124 125 140 131 141 156 177 178 185 189 184 163 159 164 135 126 140 138 142 156 148 149 140 124 128 139 135 131 126 110 113 110 103 101 100
-999 -999 -999 -999 -999 -999 -999 -999 -999 -999 -999 -999 -999 -999 -999 -999 -999 -999 -999 -999 -999 -999 -999 -999 -999 -999 -999 -999 -999 -999 -999 -999 -999 -999 -999 -999 -999 -999 -999 -999 86 86 87 89 89 89 90 90 90 90 91 92 92 93 95 97 98 101 104 110 113 123 131 146 141 159 165 178 185 175 173 163 170 160 151 151 126 142 152 160 156 152 138 126 136 135 135 129 123 122 115 113 107 103 102 100
-999 -999 -999 -999 -999 -999 -999 -999 -999 -999 -999 -999 -999 -999 -999 -999 -999 -999 -999 -999 -999 -999 -999 -999 -999 -999 -999 -999 -999 -999 -999 -999 -999 -999 -999 -999 -999 -999 85 86 86 86 86 88 89 88 89 90 90 91 90 92 92 92 92 96 98 101 105 109 119 130 150 159 158 166 170 178 176 187 176 167 180 166 146 136 143 138 158 158 152 146 143 132 137 137 130 125 125 121 117 109 106 101 99 98
-999 -999 -999 -999 -999 -999 -999 -999 -999 -999 -999 -999 -999 -999 -999 -999 -999 -999 -999 -999 -999 -999 -999 -999 -999 -999 -999 -999 -999 -999 -999 -999 -999 -999 -999 -999 -999 -999 85 83 84 84 85 86 87 88 89 88 90 90 90 91 90 90 92 93 97 99 104 115 121 129 144 149 161 168 166 164 158 175 171 168 152 148 142 134 138 156 161 155 150 142 137 129 136 131 121 121 118 116 109 109 105 103 99 99
-999 -999 -999 -999 -999 -999 -999 -999 -999 -999 -999 -999 -999 -999 -999 -999 -999 -999 -999 -999 -999 -999 -999 -999 -999 -999 -999 -999 -999 -999 -999 -999 -999 -999 -999 -999 -999 84 83 83 83 83 85 86 86 87 89 89 90 90 90 90 90 92 93 94 97 100 103 119 139 138 145 137 156 159 157 158 148 154 164 150 138 144 148 148 143 145 161 151 145 143 135 135 131 124 110 113 110 103 105 108 94 103 96 94
-999 -999 -999 -999 -999 -999 -999 -999 -999 -999 -999 -999 -999 -999 -999 -999 -999 -999 -999 -999 -999 -999 -999 -999 -999 -999 -999 -999 -999 -999 -999 -999 -999 -999 -999 -999 -999 81 81 81 81 83 84 84 86 86 87 89 90 90 90 92 91 93 95 95 99 105 105 112 129 143 156 151 162 165 159 156 149 145 141 138 149 162 153 145 134 149 160 154 148 142 138 132 130 120 110 104 107 106 105 103 100 103 96 92
-999 -999 -999 -999 -999 -999 -999 -999 -999 -999 -999 -999 -999 -999 -999 -999 -999 -999 -999 -999 -999 -999 -999 -999 -999 -999 -999 -999 -999 -999 -999 -999 -999 -999 -999 -999 77 78 79 81 81 81 82 84 86 85 87 88 90 90 90 91 90 91 95 96 99 103 114 123 131 148 150 150 167 159 149 146 143 147 137 150 160 154 145 152 140 144 138 144 148 143 139 133 128 119 109 104 103 104 104 103 102 96 95 90
-999 -999 -999 -999 -999 -999 -999 -999 -999 -999 -999 -999 -999 -999 -999 -999 -999 -999 -999 -999 -999 -999 -999 -999 -999 -999 -999 -999 -999 -999 -999 -999 -999 -999 -999 -999 76 76 78 79 81 80 81 82 84 85 86 87 89 90 90 90 92 91 94 95 97 100 102 116 136 136 139 151 173 164 161 144 153 144 148 145 138 141 142 140 147 137 129 142 142 140 138 131 120 120 111 109 105 102 104 104 101 98 95 81
-999 -999 -999 -999 -999 -999 -999 -999 -999 -999 -999 -999 -999 -999 -999 -999 -999 -999 -999 -999 -999 -999 -999 -999 -999 -999 -999 -999 -999 -999 -999 -999 -999 -999 -999 76 74 76 78 79 79 80 81 82 83 84 84 87 87 88 90 91 93 93 93 97 101 101 103 118 138 126 132 148 157 154 155 142 134 132 134 134 129 126 133 139 137 138 127 140 137 133 131 129 122 119 111 104 103 106 103 101 99 96 90 89
-999 -999 -999 -999 -999 -999 -999 -999 -999 -999 -999 -999 -999 -999 -999 -999 -999 -999 -999 -999 -999 -999 -999 -999 -999 -999 -999 -999 -999 -999 -999 -999 -999 -999 -999 74 74 74 76 79 79 80 81 82 82 84 85 86 87 88 89 92 94 92 94 98 107 99 118 107 121 128 130 135 142 156 166 151 147 137 135 132 133 126 145 146 135 131 121 123 135 132 123 125 124 119 109 111 104 106 103 101 92 97 85 89
-999 -999 -999 -999 -999 -999 -999 -999 -999 -999 -999 -999 -999 -999 -999 -999 -999 -999 -999 -999 -999 -999 -999 -999 -999 -999 -999 -999 -999 -999 -999 -999 -999 -999 -999 75 74 73 75 79 81 81 82 83 83 83 85 85 87 88 89 92 93 94 94 101 107 105 126 117 116 121 132 138 140 152 161 157 142 142 148 137 133 129 147 138 147 124 118 121 133 128 121 124 122 117 107 102 104 108 105 102 95 98 96 92
-999 -999 -999 -999 -999 -999 -999 -999 -999 -999 -999 -999 -999 -999 -999 -999 -999 -999 -999 -999 -999 -999 -999 -999 -999 -999 -999 -999 -999 -999 -999 -999 -999 -999 -999 78 77 74 76 79 80 81 84 83 82 82 84 85 87 88 89 91 94 93 97 103 105 118 132 114 114 120 132 140 161 169 178 168 154 144 135 128 135 137 140 142 133 135 117 113 128 124 117 116 123 116 114 110 112 106 106 102 95 98 94 90
-999 -999 -999 -999 -999 -999 -999 -999 -999 -999 -999 -999 -999 -999 -999 -999 -999 -999 -999 -999 -999 -999 -999 -999 -999 -999 -999 -999 -999 -999 -999 -999 -999 -999 -999 78 78 78 78 80 81 81 82 82 83 84 84 86 86 87 90 93 94 95 97 101 103 124 133 122 120 116 132 137 159 165 162 155 150 150 143 144 136 129 123 132 131 121 108 109 121 118 121 108 115 118 107 115 114 111 107 100 98 95 91 90
-999 -999 -999 -999 -999 -999 -999 -999 -999 -999 -999 -999 -999 -999 -999 -999 -999 -999 -999 -999 -999 -999 -999 -999 -999 -999 -999 -999 -999 -999 -999 -999 -999 -999 -999 79 79 78 79 80 81 81 83 82 83 84 84 86 86 88 91 93 94 95 95 98 104 125 128 121 122 124 123 128 144 155 145 138 141 132 142 139 136 135 127 116 124 110 104 102 111 111 111 109 108 111 114 115 113 112 107 103 100 98 94 89
-999 -999 -999 -999 -999 -999 -999 -999 -999 -999 -999 -999 -999 -999 -999 -999 -999 -999 -999 -999 -999 -999 -999 -999 -999 -999 -999 -999 -999 -999 -999 -999 -999 -999 -999 80 79 80 79 80 81 82 82 83 83 84 84 86 86 88 90 93 96 95 98 98 108 117 117 121 131 136 133 137 136 153 153 150 140 142 123 122 131 133 130 118 116 122 106 101 103 113 111 116 107 117 116 113 110 109 105 103 102 98 90 86
-999 -999 -999 -999 -999 -999 -999 -999 -999 -999 -999 -999 -999 -999 -999 -999 -999 -999 -999 -999 -999 -999 -999 -999 -999 -999 -999 -999 -999 -999 -999 -999 -999 -999 -999 80 80 80 81 81 82 82 82 83 84 84 85 86 88 89 91 95 98 98 97 98 97 100 103 118 121 130 138 123 127 148 141 141 124 120 121 125 120 124 123 124 108 119 109 100 114 114 113 112 115 115 113 110 111 106 109 105 101 96 90 83
-999 -999 -999 -999 -999 -999 -999 -999 -999 -999 -999 -999 -999 -999 -999 -999 -999 -999 -999 -999 -999 -999 -999 -999 -999 -999 -999 -999 -999 -999 -999 -999 -999 -999 -999 81 81 80 81 81 82 82 82 83 84 84 85 85 88 89 91 99 99 98 104 101 97 98 99 110 120 119 131 116 127 136 131 121 121 116 128 115 119 114 115 113 106 102 100 108 108 112 111 110 110 112 112 110 110 109 104 102 99 89 88 87
-999 -999 -999 -999 -999 -999 -999 -999 -999 -999 -999 -999 -999 -999 -999 -999 -999 -999 -999 -999 -999 -999 -999 -999 -999 -999 -999 -999 -999 -999 -999 -999 -999 -999 -999 81 81 80 81 81 82 82 82 83 84 84 85 86 87 90 93 99 102 103 108 102 99 101 113 101 104 119 117 113 112 128 131 123 115 129 116 122 109 114 113 108 100 99 113 114 103 113 109 107 107 108 111 111 111 108 102 99 96 99 92 90
-999 -999 -999 -999 -999 -999 -999 -999 -999 -999 -999 -999 -999 -999 -999 -999 -999 -999 -999 -999 -999 -999 -999 -999 -999 -999 -999 -999 -999 -999 -999 -999 -999 -999 79 80 80 79 80 80 82 82 83 83 84 84 85 86 90 93 94 100 105 104 101 102 101 110 119 105 112 105 113 106 109 118 128 123 120 121 121 113 118 110 117 105 100 101 114 114 108 110 105 106 106 104 108 108 106 104 101 100 97 98 98 96
-999 -999 -999 -999 -999 -999 -999 -999 -999 -999 -999 -999 -999 -999 -999 -999 -999 -999 -999 -999 -999 -999 -999 -999 -999 -999 -999 -999 -999 -999 -999 -999 78 78 77 77 78 78 78 79 81 82 83 82 83 83 86 86 90 91 93 95 99 107 107 102 104 106 119 114 108 112 120 106 106 110 117 128 123 122 119 117 108 110 116 111 104 99 109 114 113 108 103 98 100 100 102 107 105 102 102 98 98 95 95 94
-999 -999 -999 -999 -999 -999 -999 -999 -999 -999 -999 -999 -999 -999 -999 -999 -999 -999 -999 -999 -999 -999 -999 -999 -999 -999 -999 -999 -999 -999 -999 -999 78 78 76 75 75 76 78 81 82 83 82 83 82 85 85 87 91 93 105 102 98 101 112 104 114 114 116 108 108 112 114 101 110 111 105 120 108 115 116 110 111 115 105 101 110 98 112 112 109 107 101 98 96 93 97 105 103 100 101 99 104 107 100 95
-999 -999 -999 -999 -999 -999 -999 -999 -999 -999 -999 -999 -999 -999 -999 -999 -999 -999 -999 -999 -999 -999 -999 -999 -999 -999 -999 -999 -999 -999 -999 -999 78 78 76 74 74 75 79 81 82 83 84 83 82 84 85 88 91 99 116 111 103 101 114 117 112 115 116 113 109 103 104 100 99 102 104 115 104 119 117 118 115 116 114 111 108 102 106 112 110 106 99 95 93 92 98 102 102 100 99 100 101 106 97 93
-999 -999 -999 -999 -999 -999 -999 -999 -999 -999 -999 -999 -999 -999 -999 -999 -999 -999 -999 -999 -999 -999 -999 -999 -999 -999 -999 -999 -999 -999 -999 -999 78 78 76 74 72 75 79 81 82 83 84 84 82 82 85 87 93 111 109 119 114 101 104 114 120 123 133 117 114 103 110 107 105 105 108 103 104 115 114 115 115 114 113 113 113 112 109 107 110 106 100 93 88 89 90 97 102 100 100 103 102 107 99 95
-999 -999 -999 -999 -999 -999 -999 -999 -999 -999 -999 -999 -999 -999 -999 -999 -999 -999 -999 -999 -999 -999 -999 -999 -999 -999 -999 -999 -999 -999 -999 -999 79 78 77 76 75 77 80 83 83 83 84 84 84 85 86 89 103 112 105 104 115 110 113 116 135 137 134 127 119 103 106 105 111 111 102 94 104 112 109 114 113 117 118 114 116 108 113 107 112 108 103 99 95 88 91 91 98 98 103 106 105 103 100 93
-999 -999 -999 -999 -999 -999 -999 -999 -999 -999 -999 -999 -999 -999 -999 -999 -999 -999 -999 -999 -999 -999 -999 -999 -999 -999 -999 -999 -999 -999 -999 -999 81 79 78 79 79 80 82 85 85 84 85 86 86 86 88 90 104 99 96 101 104 106 103 118 133 133 131 134 129 106 102 105 115 107 94 100 98 108 105 105 109 114 113 116 114 113 113 117 119 110 102 98 96 93 88 84 94 99 100 105 104 102 98 92
-999 -999 -999 -999 -999 -999 -999 -999 -999 -999 -999 -999 -999 -999 -999 -999 -999 -999 -999 -999 -999 -999 -999 -999 -999 -999 -999 -999 -999 -999 -999 82 81 81 80 81 80 82 82 83 85 84 85 86 86 88 90 92 93 96 101 97 100 106 105 112 128 129 125 119 129 113 102 108 109 101 101 102 107 113 108 118 114 120 111 112 113 113 118 116 116 111 104 97 97 92 88 85 96 98 97 98 100 101 98 94
-999 -999 -999 -999 -999 -999 -999 -999 -999 -999 -999 -999 -999 -999 -999 -999 -999 -999 -999 -999 -999 -999 -999 -999 -999 -999 -999 -999 -999 -999 -999 82 81 81 80 81 81 82 82 84 85 85 86 88 89 89 93 92 92 97 96 96 101 110 104 113 122 115 111 126 130 113 103 98 96 98 111 102 115 114 119 125 126 110 110 118 115 115 118 118 120 116 107 102 99 91 97 92 91 97 101 100 98 97 95 86
-999 -999 -999 -999 -999 -999 -999 -999 -999 -999 -999 -999 -999 -999 -999 -999 -999 -999 -999 -999 -999 -999 -999 -999 -999 -999 -999 -999 -999 -999 -999 83 82 81 82 82 83 84 84 84 85 85 90 90 96 95 102 105 94 97 99 106 104 110 120 118 117 109 113 129 133 123 114 105 108 102 98 107 109 121 114 118 119 117 116 117 108 117 117 118 121 119 113 108 104 100 100 99 91 97 103 104 98 98 81 89
-999 -999 -999 -999 -999 -999 -999 -999 -999 -999 -999 -999 -999 -999 -999 -999 -999 -999 -999 -999 -999 -999 -999 -999 -999 -999 -999 -999 -999 -999 83 83 83 82 83 82 83 84 84 85 86 85 90 93 95 94 109 98 95 95 97 99 109 111 114 108 114 114 116 133 122 118 120 113 119 106 108 111 117 118 110 106 112 106 113 121 107 112 120 123 123 119 112 111 107 104 99 99 100 93 104 103 101 93 91 83
-999 -999 -999 -999 -999 -999 -999 -999 -999 -999 -999 -999 -999 -999 -999 -999 -999 -999 -999 -999 -999 -999 -999 -999 -999 -999 -999 -999 -999 -999 84 83 83 83 83 84 84 85 85 85 86 86 90 93 95 104 112 103 100 99 96 97 108 119 120 105 110 121 137 130 114 111 114 121 119 129 122 116 111 118 121 113 101 112 122 119 109 115 120 124 120 122 117 114 113 108 103 99 100 96 104 103 99 98 91 83
-999 -999 -999 -999 -999 -999 -999 -999 -999 -999 -999 -999 -999 -999 -999 -999 -999 -999 -999 -999 -999 -999 -999 -999 -999 -999 -999 -999 -999 -999 84 84 83 83 83 83 84 85 86 86 87 92 90 96 108 97 111 102 108 101 100 97 103 116 109 111 117 130 133 119 111 118 124 117 119 120 121 121 116 107 120 112 102 117 124 121 108 118 113 124 130 121 120 117 114 112 108 104 94 95 102 102 100 98 88 85
