grids/precipitation/oct/RSMS_10_1881_01.asc
NCOLS 654
NROWS 866
XLLCORNER 3280414.711633467
YLLCORNER 5237500.62890625
CELLSIZE 1000
NODATA_VALUE -999
[rows 663 to 713 of 866, columns 192 to 287 of 654]
57 54 59 56 60 59 59 57 57 55 57 58 59 56 59 59 58 57 58 60 58 63 62 57 58 57 58 61 57 57 54 54 52 52 52 52 51 52 50 50 49 52 53 51 52 54 58 58 61 62 60 59 60 65 62 61 68 65 70 74 74 73 75 77 78 75 74 70 73 72 73 74 73 72 74 69 66 66 65 65 65 61 64 65 66 70 67 64 62 61 60 56 59 63 68 66
58 55 58 59 60 59 58 59 58 56 56 55 57 58 57 59 59 60 58 63 63 63 61 58 57 58 60 56 56 54 53 51 54 52 54 52 52 52 52 49 50 50 55 53 53 56 57 57 59 59 61 61 60 62 68 64 69 71 71 69 77 74 76 80 80 81 76 73 72 72 73 73 74 73 74 68 66 65 66 65 65 64 64 65 67 71 67 67 65 63 62 62 58 63 61 67
58 56 56 58 57 57 58 59 58 60 57 57 57 56 56 57 57 56 63 63 63 62 60 58 59 59 58 56 54 52 53 53 51 52 51 51 52 52 48 49 51 52 54 56 57 55 57 56 58 60 61 61 62 65 67 68 70 69 72 73 78 76 80 82 83 81 79 74 75 74 73 74 73 75 73 68 66 66 66 65 66 63 60 67 68 70 68 66 67 67 63 63 59 62 62 67
58 58 56 55 56 59 59 59 58 57 59 57 56 55 58 57 55 60 62 59 61 58 57 57 59 58 55 54 52 52 51 51 49 50 50 50 51 48 50 50 53 53 55 55 57 56 56 57 58 58 61 65 66 67 65 69 71 73 67 73 73 80 79 81 82 80 80 77 76 75 76 76 74 74 70 70 68 67 67 67 67 66 62 66 68 70 69 67 66 65 65 63 62 61 63 67
58 57 55 57 59 61 60 60 60 60 57 59 55 55 56 60 59 60 57 60 56 56 55 57 53 53 53 53 51 52 51 51 49 49 49 50 51 48 49 51 50 54 55 55 55 56 55 56 58 61 62 62 65 64 66 72 67 72 69 72 72 79 81 84 80 79 77 78 77 75 74 76 75 69 75 76 69 67 68 64 67 65 65 69 71 72 70 71 67 65 64 64 64 62 62 63
57 57 57 57 59 59 59 58 58 59 58 60 56 58 58 57 59 58 62 59 57 57 58 57 57 55 56 54 53 53 54 51 51 51 51 50 50 51 51 51 50 53 54 54 55 53 54 55 56 59 60 60 60 64 68 65 71 68 72 70 68 76 77 77 82 79 78 78 76 76 74 77 75 70 75 76 76 72 71 66 65 63 66 69 70 73 72 70 70 66 66 66 64 64 64 68
58 60 58 56 56 58 58 59 59 58 59 61 58 63 62 60 61 66 62 65 61 60 59 59 63 63 59 58 56 55 55 58 53 50 50 50 50 48 49 49 50 53 56 54 57 55 55 55 55 58 56 58 60 65 61 65 69 70 72 69 70 75 80 72 78 80 81 79 77 79 79 74 75 70 75 74 75 76 71 74 74 64 74 67 68 72 75 70 67 67 65 66 66 64 65 64
58 60 58 58 55 56 55 58 58 58 58 58 60 61 63 61 60 63 60 62 62 63 66 63 64 63 66 69 60 59 62 56 53 51 51 49 48 47 49 52 51 53 56 55 57 57 56 54 55 55 54 55 57 58 63 67 72 75 71 75 67 70 72 73 74 77 79 81 82 78 79 77 76 73 71 71 74 77 76 76 70 67 67 69 71 74 76 73 68 68 65 65 66 66 66 69
61 60 58 60 57 56 56 56 55 56 56 58 58 59 62 61 61 61 61 62 62 59 64 63 63 63 63 65 64 63 59 57 53 52 52 51 50 52 49 52 53 54 57 57 55 57 53 55 55 53 54 55 57 60 62 65 71 69 73 72 65 72 71 69 73 75 74 78 79 78 79 81 79 76 76 69 76 74 73 79 69 68 67 70 69 77 76 74 72 69 67 64 64 66 65 64
62 62 62 61 57 56 58 58 58 57 57 59 57 63 62 61 61 59 59 59 59 63 59 58 58 57 58 57 56 63 59 56 57 52 52 50 50 51 47 51 54 54 56 56 55 55 53 51 51 52 53 58 57 61 67 71 72 72 74 68 69 65 67 72 67 73 72 77 79 75 80 78 79 78 73 71 69 69 75 76 76 70 70 69 72 75 75 75 70 70 71 68 70 66 64 69
58 59 61 59 60 57 59 56 60 60 58 64 63 63 61 61 60 57 57 58 58 57 59 62 64 65 63 57 55 58 59 56 53 53 51 50 50 50 48 47 52 55 55 55 54 54 52 49 48 48 52 54 63 65 62 68 68 69 70 68 72 65 65 64 66 69 72 79 77 75 81 76 77 74 72 75 70 69 74 70 76 75 72 69 69 72 76 73 73 73 72 70 66 70 65 69
61 61 61 61 59 59 58 61 58 59 58 58 58 60 61 60 60 58 58 56 60 58 56 58 57 56 67 61 52 52 54 53 53 53 53 49 45 45 46 47 47 49 48 53 53 52 53 51 48 50 54 60 61 60 63 63 65 64 67 66 68 69 62 63 68 67 69 79 76 80 79 76 79 79 71 75 75 67 69 70 74 68 69 69 66 68 72 70 71 71 72 70 71 70 66 71
59 60 62 62 63 63 60 61 60 59 58 59 59 61 60 60 57 59 60 60 56 55 54 55 53 55 58 55 53 50 52 50 52 54 53 52 50 47 45 54 46 47 47 53 53 50 51 52 49 53 54 56 60 60 59 62 63 63 66 68 65 62 66 68 75 72 72 77 79 85 75 75 81 75 76 68 71 69 64 66 67 68 66 69 65 68 73 75 68 72 72 68 70 70 65 69
58 59 60 62 63 62 63 61 59 59 65 59 60 61 59 57 57 57 59 58 57 58 59 61 58 54 52 50 50 52 49 49 52 52 54 50 47 47 45 53 54 53 50 50 49 49 51 51 48 50 54 57 59 60 61 64 63 62 64 65 64 63 66 70 76 76 84 89 81 80 76 77 76 73 68 67 70 74 71 69 68 74 66 66 66 65 65 70 65 67 68 71 69 70 70 64
59 56 60 63 63 63 62 62 61 60 57 57 57 56 58 59 57 56 55 55 55 55 55 54 56 53 52 50 52 50 50 48 50 50 52 50 52 53 48 54 52 52 48 49 49 49 49 49 48 53 54 55 59 61 61 62 63 64 64 64 65 63 67 71 76 79 86 92 94 89 83 82 74 70 68 72 76 75 75 71 70 72 75 74 72 66 72 65 69 67 70 71 71 71 69 70
52 54 55 59 61 63 63 62 59 57 56 56 55 56 56 55 56 55 56 55 54 54 54 53 53 51 52 50 49 50 49 46 46 48 49 48 48 46 48 50 49 49 49 50 48 48 49 48 48 54 54 56 58 60 61 62 61 64 66 65 66 63 65 68 70 78 85 89 93 93 85 82 78 71 70 68 75 76 75 75 72 76 74 74 68 72 67 71 70 63 66 68 72 73 71 70
59 55 56 62 60 63 63 61 59 59 57 58 57 56 56 55 54 56 56 56 54 52 52 52 51 50 52 51 50 52 52 50 50 50 49 47 46 47 49 50 49 49 50 51 51 51 50 53 53 51 54 56 59 60 60 62 61 63 64 67 63 64 68 70 69 76 83 86 85 86 83 77 78 78 75 75 74 76 75 77 76 76 74 72 72 72 72 71 70 67 66 69 69 71 70 68
58 59 57 58 63 62 62 60 60 59 58 60 60 59 53 54 56 57 54 54 49 56 53 51 50 52 52 54 52 51 51 50 49 47 46 46 47 48 49 50 50 47 49 48 51 50 51 51 52 52 54 54 57 58 61 61 60 62 62 64 66 66 67 68 70 73 76 84 88 84 82 78 80 77 76 78 79 82 80 81 80 78 77 74 75 74 72 70 71 72 65 69 70 70 68 70
55 62 62 63 63 61 59 60 61 61 58 58 53 52 55 54 52 55 50 50 48 48 48 48 50 53 53 52 51 48 48 46 45 44 47 47 47 47 47 48 48 47 48 49 51 49 51 52 54 54 57 56 56 55 57 56 57 61 64 67 66 66 64 68 68 72 75 81 85 84 82 84 83 79 83 81 81 79 79 78 78 78 75 74 74 77 74 71 70 63 64 62 68 69 69 69
60 63 62 63 60 58 59 59 58 56 59 58 51 57 57 53 53 51 53 49 48 49 51 49 47 47 49 47 47 46 49 48 49 47 49 48 47 48 47 46 47 47 49 46 46 51 51 52 51 55 55 57 57 55 56 57 61 60 62 63 64 64 66 67 67 69 69 71 79 81 79 81 81 82 83 80 78 78 78 78 82 82 75 73 70 71 76 71 72 70 68 67 68 66 69 66
64 64 63 59 60 59 58 57 57 53 50 51 55 60 60 57 56 54 55 54 52 52 50 50 44 44 46 47 49 50 48 49 45 46 50 49 47 46 43 42 40 43 45 46 49 52 53 53 53 55 55 56 56 55 57 58 58 61 62 63 63 64 66 67 68 70 71 78 79 79 78 81 78 80 79 81 76 78 78 75 78 78 73 70 69 71 75 76 75 71 71 65 64 63 64 65
67 65 64 63 58 58 57 57 52 53 55 54 55 57 56 55 54 54 54 52 51 51 52 52 49 49 49 50 52 52 49 49 47 49 47 47 49 47 44 41 40 41 44 46 45 47 47 52 52 51 53 55 56 56 55 58 59 60 61 66 64 64 66 68 69 71 80 76 78 75 76 81 76 81 78 80 76 76 75 76 79 76 77 71 70 72 72 71 75 76 74 73 70 66 67 65
67 64 62 62 61 58 54 52 54 55 59 57 54 55 54 55 55 56 53 53 55 48 51 50 51 50 53 53 53 51 50 48 46 48 49 47 47 47 45 42 41 43 44 47 49 49 46 49 49 51 52 52 55 56 53 56 57 59 62 65 71 65 72 74 75 75 79 69 72 69 73 80 75 80 77 80 77 76 75 77 79 76 74 76 76 71 70 76 75 75 74 72 72 72 70 70
64 64 61 57 56 53 52 57 57 56 57 57 54 58 56 58 54 55 53 54 48 51 52 51 48 51 53 54 52 51 52 50 50 51 50 50 49 46 45 45 43 44 46 48 50 52 49 48 53 52 50 54 56 56 56 56 58 59 61 64 71 75 72 71 75 68 69 68 72 75 77 77 76 79 77 78 77 79 75 76 76 76 75 80 76 73 73 75 75 73 73 73 72 72 72 71
66 62 58 60 59 54 58 59 58 59 58 55 54 53 58 57 57 57 54 52 51 52 53 52 48 47 55 56 54 52 53 52 48 51 51 52 50 48 48 47 48 47 48 48 50 51 51 48 51 53 53 54 56 57 58 57 59 61 62 64 70 69 70 72 77 70 69 70 75 79 80 75 75 78 76 78 76 79 75 74 74 75 76 81 80 75 75 76 75 75 68 72 73 72 71 71
66 60 64 62 57 62 56 62 60 60 60 58 55 56 58 55 55 55 53 47 51 48 49 48 47 50 54 54 53 52 52 51 48 51 52 51 51 51 48 48 50 48 47 49 50 50 49 48 52 52 54 54 55 57 60 60 59 60 61 67 65 68 66 74 66 66 66 71 76 76 78 80 76 78 76 77 76 79 73 72 75 74 75 79 78 77 71 74 73 74 72 71 72 71 71 70
69 64 67 60 64 65 60 53 56 61 60 58 55 57 55 55 55 49 55 53 52 52 49 51 54 54 54 54 53 53 52 49 51 51 51 52 51 50 48 48 48 47 47 47 48 48 47 53 51 52 52 55 56 59 62 63 61 64 64 62 68 67 68 69 70 68 65 68 69 74 78 78 79 75 76 76 76 77 75 73 72 72 74 76 78 77 75 72 75 73 73 71 70 71 67 70
67 64 70 60 59 63 61 60 55 58 60 59 58 58 55 53 51 56 58 55 50 46 47 47 48 55 56 54 52 51 51 51 53 55 51 51 51 52 50 47 47 47 46 47 48 46 50 53 55 55 53 56 59 60 70 64 61 68 69 66 67 68 69 71 71 72 65 66 70 73 73 73 76 77 77 76 75 74 73 73 76 77 76 75 72 76 74 73 69 72 66 65 70 66 65 67
78 74 69 68 62 65 65 64 51 60 61 60 58 57 54 52 57 56 54 52 47 41 43 48 49 52 54 53 51 52 51 50 52 53 51 51 50 51 48 47 47 44 44 45 44 47 50 52 55 57 53 57 59 59 60 67 68 65 74 69 65 68 69 68 71 69 64 62 68 73 74 69 74 71 75 75 76 76 72 75 74 76 76 73 74 72 68 70 67 72 72 71 70 68 67 65
73 75 73 69 58 55 65 63 60 50 51 55 56 55 57 54 55 54 54 51 48 47 48 48 49 51 51 51 52 51 50 51 50 51 53 53 52 51 48 47 44 43 43 41 45 48 51 53 55 56 56 56 57 57 57 67 61 70 74 74 67 70 70 65 63 66 63 61 66 68 72 66 71 75 68 72 75 73 75 70 72 73 69 71 72 72 70 70 70 70 69 68 70 71 70 68
77 75 75 73 73 64 53 65 64 60 60 56 55 54 55 53 56 55 53 51 48 50 50 51 52 51 50 53 53 52 51 51 50 49 50 50 48 51 48 47 44 44 43 41 47 48 51 52 53 55 57 54 55 56 57 56 64 60 66 68 69 69 71 69 63 61 67 62 63 63 67 64 66 71 66 70 70 68 69 68 72 70 67 67 72 70 70 66 66 67 69 67 64 64 64 65
77 75 76 75 71 63 54 64 63 61 60 58 50 55 54 54 56 52 53 51 51 51 50 50 50 51 52 52 51 51 50 50 50 51 52 51 52 52 49 46 45 48 46 45 47 50 51 51 52 53 53 53 53 52 54 53 54 54 57 64 65 68 63 65 65 58 59 59 61 61 66 64 68 69 66 66 68 64 67 70 66 67 72 71 69 67 68 67 63 69 68 64 63 66 66 65
77 74 75 72 68 66 62 57 62 61 59 56 52 52 53 55 55 50 51 54 52 51 49 49 49 49 48 48 49 49 49 50 48 50 52 52 51 49 49 47 49 46 45 46 47 50 52 50 51 52 53 53 53 52 52 52 52 54 55 55 55 57 57 56 56 56 58 59 59 60 62 63 67 73 71 65 67 65 66 70 62 67 67 64 68 66 63 60 65 61 63 67 65 67 67 65
75 74 68 69 68 68 66 52 58 61 60 59 57 54 50 50 52 53 54 55 52 51 48 47 49 47 47 48 49 55 52 51 50 50 51 50 53 52 48 53 51 45 45 45 48 48 51 53 53 53 54 53 54 52 54 54 52 60 65 58 58 57 56 56 56 57 60 62 62 62 60 62 68 67 69 66 66 63 62 61 61 71 69 63 63 62 61 65 64 66 67 67 67 66 66 65
75 69 67 70 70 68 66 51 65 60 61 58 56 55 54 49 54 55 53 52 51 51 48 47 47 46 45 48 48 52 55 52 56 56 55 53 53 51 52 52 48 47 47 45 46 46 50 51 62 62 54 53 53 54 54 59 54 54 62 67 62 61 57 60 58 59 60 67 72 63 62 62 63 68 65 65 68 70 71 68 64 61 61 59 60 66 63 61 64 64 66 66 67 67 70 71
73 67 71 72 71 69 68 63 60 64 61 60 59 59 54 50 48 50 52 49 49 50 48 48 50 50 48 48 48 50 55 56 58 59 58 57 55 51 55 55 48 49 49 47 45 46 48 53 56 59 64 54 52 60 53 61 62 54 60 59 64 63 59 61 66 69 70 67 74 73 74 67 63 64 67 71 74 72 72 66 62 65 67 61 63 61 62 62 64 66 66 66 72 71 82 69
72 74 73 72 70 67 66 54 62 64 62 59 60 58 54 52 47 48 51 48 48 48 48 49 50 51 52 54 52 50 52 53 57 56 57 58 54 52 54 55 46 51 50 57 50 44 44 51 51 58 58 58 51 61 59 58 61 53 55 55 60 64 67 64 68 66 66 71 72 69 73 70 71 73 75 72 67 68 70 66 67 63 66 64 63 65 64 66 67 70 75 67 70 73 70 72
76 72 73 73 71 69 66 55 64 63 61 61 59 61 58 55 49 46 48 48 52 49 48 49 49 49 49 53 55 51 52 51 54 54 54 57 56 56 56 58 50 54 59 56 50 50 44 45 54 55 52 61 59 58 64 57 63 61 53 57 61 63 62 68 66 69 63 68 67 70 68 72 68 72 70 68 71 69 69 66 67 67 67 68 69 70 72 67 68 72 71 69 68 72 85 83
75 74 72 71 67 67 66 65 62 62 60 60 61 58 58 57 54 49 47 50 53 52 52 48 53 53 54 54 57 55 54 54 52 50 52 53 54 47 47 49 58 60 54 49 46 47 43 43 54 52 54 52 61 58 58 63 60 57 59 60 61 59 64 66 68 63 62 63 71 71 70 67 69 69 68 69 69 66 66 67 69 71 71 74 72 76 77 76 71 73 83 75 83 73 85 82
74 71 71 70 69 69 67 56 56 59 61 61 56 55 55 54 52 50 49 55 55 55 52 50 50 50 51 53 52 52 54 53 52 51 51 54 49 45 51 57 55 56 54 51 52 49 50 42 49 53 50 50 53 56 61 63 63 60 64 65 64 60 61 61 65 67 65 61 64 65 69 66 66 65 66 63 63 66 68 72 78 68 65 68 72 78 81 90 83 74 77 79 86 86 83 80
72 70 69 70 67 62 55 52 53 56 58 58 59 60 62 61 60 58 50 56 58 55 54 51 51 51 52 52 56 56 56 53 52 53 52 52 50 52 52 52 52 51 48 48 49 50 48 44 45 46 46 47 50 54 57 60 63 64 61 64 65 60 62 61 61 63 66 61 58 66 66 66 64 64 62 63 64 65 64 66 70 67 65 69 73 76 79 84 85 83 90 79 84 83 82 82
70 68 70 72 71 67 64 61 55 49 53 56 56 58 58 58 56 57 55 53 56 54 55 54 52 52 50 52 52 55 53 56 56 55 51 51 50 50 51 51 50 50 45 46 47 48 51 54 50 50 51 47 48 51 54 53 57 62 65 59 63 60 59 61 62 62 63 63 58 60 63 62 62 62 60 61 61 61 63 65 66 64 65 69 76 72 77 78 86 82 86 75 69 80 83 79
70 72 73 73 68 66 62 59 49 55 54 56 56 59 60 62 60 60 57 56 54 55 56 53 51 51 50 53 51 56 56 54 55 56 53 50 50 50 49 49 51 48 45 42 46 46 49 52 52 54 52 52 46 47 49 51 52 54 62 63 56 57 60 58 57 57 55 55 56 58 58 61 60 59 59 62 63 63 61 64 63 63 67 68 77 71 76 75 77 87 74 81 69 81 80 80
73 72 70 71 68 64 63 58 48 50 54 60 60 59 59 57 60 60 60 55 56 54 55 53 51 50 50 49 52 53 52 52 54 55 52 53 50 49 50 49 47 46 44 43 41 44 46 50 52 51 52 54 55 51 52 54 54 55 55 59 56 53 53 53 56 57 57 57 60 55 56 56 56 57 59 60 61 60 62 62 63 62 65 70 77 71 69 76 71 76 69 72 75 80 80 80
74 72 71 68 68 66 60 59 50 53 59 57 56 59 58 57 58 57 59 55 54 50 52 51 50 51 50 50 50 50 52 52 53 52 48 49 52 52 50 48 47 45 44 45 46 46 48 50 49 49 51 52 50 52 54 56 56 54 54 53 56 56 57 57 58 59 59 60 60 57 57 58 58 59 59 58 58 58 59 59 60 62 64 69 69 68 65 68 64 68 73 79 75 75 77 78
73 72 66 68 58 65 63 50 57 55 54 59 58 57 55 57 55 56 57 57 52 55 53 50 50 50 51 50 50 52 53 52 53 52 50 51 51 51 50 50 49 49 46 46 47 47 47 49 50 50 50 49 52 53 53 54 51 52 55 57 57 56 56 57 57 58 59 59 59 55 59 60 58 57 59 62 59 59 59 61 60 60 62 64 64 63 64 63 73 80 78 75 75 72 76 77
74 71 69 62 67 62 63 50 58 63 57 60 59 58 55 54 54 52 54 53 50 54 53 50 50 51 50 51 50 52 54 55 52 50 51 52 50 52 52 49 49 47 47 47 47 47 48 48 49 51 49 51 52 52 51 49 53 54 53 54 58 57 55 56 58 59 59 58 58 58 58 59 59 58 59 61 62 62 60 61 63 62 60 61 61 62 63 63 65 78 74 75 73 74 75 76
71 72 62 68 67 57 61 50 50 57 60 59 57 56 55 51 52 53 48 54 53 54 54 49 50 51 51 51 51 52 52 54 51 50 52 52 50 50 51 51 49 49 48 48 48 49 48 51 51 53 54 50 50 50 48 50 51 48 54 53 55 54 58 55 56 57 58 57 57 59 56 59 57 57 60 60 58 60 59 58 60 62 60 60 61 63 69 68 68 74 74 72 71 71 74 73
70 71 62 68 65 67 63 50 57 58 58 55 56 55 53 53 52 51 48 53 53 48 53 50 49 53 52 52 51 54 54 52 51 50 48 50 51 51 49 53 54 51 49 50 52 52 53 54 55 53 53 52 52 49 48 50 51 51 53 54 53 55 56 55 55 56 57 56 59 56 57 58 57 57 60 58 59 58 60 60 62 61 62 62 59 60 69 74 75 75 73 73 70 64 74 71
67 64 68 67 65 62 59 49 59 58 57 55 56 55 53 52 50 49 51 52 51 50 48 48 49 50 52 55 54 51 48 50 50 49 49 49 51 51 50 51 53 55 51 51 54 54 55 55 53 53 53 52 52 51 48 52 53 51 50 51 52 54 53 54 57 56 56 56 57 57 55 57 58 57 60 58 59 60 62 61 61 69 65 65 65 59 66 75 78 75 73 73 71 68 68 69
67 66 65 63 64 63 62 55 58 56 52 50 51 54 51 48 50 50 50 49 50 48 48 48 50 49 48 52 52 51 50 48 46 48 46 47 48 49 54 47 54 56 55 51 55 54 54 54 53 52 53 53 52 49 50 50 53 53 53 52 51 51 53 52 55 54 55 54 56 56 57 57 58 58 58 59 60 62 63 63 68 66 71 68 64 64 61 78 76 75 78 74 62 67 69 72
