grids/precipitation/oct/RSMS_10_1882_01.asc
NCOLS 654
NROWS 866
XLLCORNER 3280414.711633467
YLLCORNER 5237500.62890625
CELLSIZE 1000
NODATA_VALUE -999
[rows 371 to 423 of 866, columns 288 to 383 of 654]
31 31 30 32 32 35 37 37 36 37 42 39 38 41 40 39 42 42 40 36 43 50 56 63 69 67 66 67 65 62 65 69 61 68 63 62 63 65 66 59 61 59 57 55 53 50 49 47 46 46 45 44 47 44 41 42 44 41 41 45 45 44 44 41 43 44 43 36 39 41 43 46 47 46 44 43 41 43 41 39 40 40 41 41 39 39 37 34 31 30 34 37 38 38 40 39
30 31 29 30 30 32 34 34 34 37 37 35 37 40 38 40 42 41 40 43 42 48 54 61 60 65 66 61 67 65 62 61 67 67 60 59 59 66 67 61 59 60 55 54 52 51 46 46 47 44 42 46 47 46 45 43 45 43 42 44 45 45 45 46 44 42 41 36 41 38 41 45 47 49 46 46 44 44 43 42 42 41 42 42 40 40 40 39 37 37 38 40 40 39 40 39
30 32 32 32 30 30 30 30 31 32 35 35 35 35 36 40 44 40 40 42 42 44 50 53 56 55 63 64 67 61 74 69 58 63 61 57 64 60 66 61 62 60 56 54 51 51 46 47 47 47 48 48 46 47 44 46 45 44 44 43 44 45 46 45 43 39 38 41 41 43 41 44 44 43 44 48 47 43 44 42 42 41 39 42 38 40 33 32 36 39 40 40 38 38 40 38
30 35 33 30 31 31 31 31 31 31 33 37 37 39 37 37 40 39 39 42 43 43 48 52 53 55 66 60 54 69 67 75 72 69 66 63 65 57 65 63 52 58 54 54 53 53 49 49 50 48 50 50 48 47 43 46 48 48 46 45 45 44 46 47 45 44 42 39 40 41 42 44 39 41 45 47 44 41 38 39 41 43 37 36 40 35 36 41 40 43 41 40 41 41 41 40
30 36 33 31 35 35 34 31 30 31 35 39 39 40 37 36 39 42 44 42 43 42 45 48 54 54 52 50 56 58 67 67 67 63 63 57 65 62 62 51 58 56 53 56 55 52 50 51 52 50 48 50 50 46 47 45 50 50 47 47 48 48 47 49 46 44 42 41 42 39 41 43 41 41 44 43 42 39 39 36 40 41 44 44 42 39 44 45 43 41 40 38 41 40 40 41
30 35 33 32 33 32 31 31 31 32 34 35 37 38 36 39 40 39 42 42 42 42 43 46 50 53 57 60 62 60 72 60 59 61 61 61 56 60 53 60 54 56 52 53 49 50 51 52 52 50 50 50 48 48 49 48 52 51 50 49 49 48 48 47 50 46 45 43 44 43 41 43 41 40 40 42 41 40 34 40 42 39 41 43 43 43 43 40 38 37 39 41 40 39 38 39
32 32 33 33 33 33 34 31 31 32 33 34 34 35 37 39 39 39 40 40 41 42 42 43 46 47 53 55 56 65 60 65 58 58 61 55 62 54 65 64 58 57 55 49 47 46 50 52 52 51 53 50 50 50 51 51 51 48 46 49 50 49 49 48 49 48 47 47 44 46 43 41 41 39 40 40 40 40 38 36 40 41 40 41 43 41 39 41 40 40 39 38 36 40 39 41
33 34 33 38 35 34 35 34 32 32 33 33 34 34 34 35 37 37 38 40 44 44 46 45 45 46 48 49 58 56 62 65 55 57 58 65 56 54 64 59 58 61 59 55 48 49 49 51 53 53 53 51 54 53 51 50 46 47 49 49 51 51 51 50 50 48 47 46 43 42 43 45 43 43 40 38 40 37 40 39 40 40 42 41 40 40 39 37 37 38 40 40 39 40 38 40
34 33 34 38 36 33 35 36 35 33 33 33 34 37 36 36 36 37 39 41 42 45 42 44 45 45 46 49 48 54 55 58 51 62 55 60 61 65 63 60 54 51 60 53 48 51 53 48 57 53 54 55 55 54 53 51 50 42 50 49 50 50 51 55 51 50 48 47 47 46 43 41 41 42 42 39 39 40 40 43 43 41 41 40 40 40 40 40 40 41 38 37 39 38 37 41
30 33 35 36 38 36 34 34 34 36 35 33 33 33 36 38 37 36 38 40 41 41 43 44 44 45 47 45 51 51 51 52 50 49 53 62 59 59 66 54 52 54 57 52 45 53 50 53 50 46 50 55 54 49 49 49 47 48 43 50 52 52 53 55 53 50 50 50 45 48 45 44 45 42 40 42 43 41 40 42 44 43 42 41 40 39 40 41 39 38 40 42 41 40 38 40
34 32 33 36 37 39 36 36 33 36 37 34 36 33 33 37 40 39 39 39 40 41 41 43 42 43 43 47 44 44 45 48 48 52 55 57 58 66 62 52 48 50 53 51 45 48 48 48 44 42 52 55 52 54 46 49 42 47 51 51 51 52 53 56 52 51 50 50 48 49 41 47 45 46 45 45 42 42 41 43 42 41 40 40 41 38 35 36 39 38 38 38 38 37 41 40
35 34 35 36 37 38 38 36 35 36 35 35 35 34 32 33 35 36 37 41 41 41 41 41 42 43 45 44 48 47 47 51 53 53 55 60 60 62 55 53 51 48 49 45 44 48 48 53 44 43 49 45 51 49 43 50 48 54 54 52 54 55 54 54 50 51 52 51 51 50 48 47 47 47 47 45 45 42 41 41 42 39 39 38 39 38 38 38 38 40 41 40 39 37 36 36
33 35 36 36 36 37 38 36 35 35 35 36 35 33 34 32 34 33 38 40 41 44 44 42 42 44 43 45 48 48 47 50 48 47 53 58 52 53 52 52 46 45 43 43 44 44 44 45 45 41 40 43 47 48 50 43 48 46 48 54 54 54 53 56 51 51 52 48 49 52 48 48 49 49 46 45 44 45 43 42 42 41 40 37 39 41 40 41 41 39 39 37 36 35 40 41
37 35 35 38 38 36 37 35 36 35 36 38 35 33 32 32 34 34 36 38 40 41 39 40 44 44 42 43 47 47 49 48 49 49 50 53 50 55 52 47 44 44 44 43 43 42 41 42 40 39 36 42 40 44 50 43 51 54 56 53 54 51 55 51 50 43 49 49 48 50 51 49 49 48 45 45 45 42 38 42 42 39 41 41 39 35 40 38 40 39 35 37 40 39 41 41
43 42 36 43 38 38 39 38 37 35 34 35 34 32 33 33 33 37 33 35 38 38 37 40 42 45 43 46 47 48 46 48 52 51 53 50 50 50 50 48 44 43 42 41 43 41 42 43 40 35 27 34 38 39 41 43 45 51 53 48 52 51 50 52 49 46 53 47 50 51 56 50 49 48 45 46 46 43 44 40 38 38 40 41 41 40 39 38 39 38 37 40 41 39 41 39
40 41 43 44 40 39 39 38 36 36 34 33 35 33 34 33 33 36 37 33 34 35 36 38 40 41 39 41 42 44 43 46 48 50 51 47 46 48 46 45 42 43 40 40 41 45 45 40 43 37 34 34 37 39 40 41 42 43 42 42 48 53 53 52 49 51 50 47 53 53 51 48 50 47 48 46 44 42 39 36 41 41 36 38 38 40 36 39 39 41 38 40 41 40 40 40
38 37 40 44 39 37 38 38 37 36 34 34 34 34 33 35 32 36 38 36 35 33 35 37 36 37 38 38 39 43 42 42 45 46 47 48 43 43 45 44 43 40 38 42 43 40 43 42 39 37 35 41 42 37 38 40 39 40 41 40 43 50 46 49 47 50 48 45 51 51 50 51 47 48 46 46 45 41 44 41 37 41 41 40 38 38 37 40 37 41 39 39 41 39 38 39
36 38 38 40 40 38 40 39 40 36 33 33 33 33 32 33 32 34 36 39 39 36 32 32 34 34 35 35 35 36 39 42 45 46 45 44 44 41 41 41 43 42 40 39 40 39 41 40 36 36 38 35 36 37 37 37 36 36 38 41 40 41 43 49 48 51 44 47 47 46 51 50 45 46 47 45 45 47 43 41 41 39 40 39 40 38 40 41 42 42 40 38 39 39 39 38
34 38 39 41 36 38 40 39 37 37 37 36 35 34 35 33 32 32 35 38 39 38 33 37 37 37 37 34 40 37 44 44 45 45 44 43 41 39 38 38 38 41 38 41 41 38 39 37 39 38 42 38 42 36 37 39 40 40 41 42 40 40 39 43 39 45 45 52 46 50 50 47 49 50 48 47 45 46 45 42 41 41 40 40 40 39 41 44 43 40 41 38 36 39 39 39
36 36 37 39 38 36 36 36 36 38 38 35 34 34 34 32 32 32 33 35 37 36 36 37 39 36 36 36 37 41 43 41 46 43 41 40 39 38 38 38 38 37 38 40 37 37 37 41 41 42 41 41 37 40 35 37 38 41 41 39 41 40 38 39 39 39 44 39 43 50 49 45 49 46 48 46 47 47 46 44 43 39 36 38 40 43 44 43 42 40 36 36 38 36 34 37
34 34 38 41 44 37 36 34 35 37 37 34 32 35 34 32 32 31 34 35 38 36 36 37 39 34 42 37 37 36 37 39 44 40 40 37 36 37 38 37 39 40 37 36 36 36 37 39 37 37 39 40 38 36 35 37 39 40 40 37 40 38 41 43 39 39 39 44 40 45 46 43 49 48 48 47 47 48 46 46 45 42 38 38 39 40 41 40 38 40 37 37 33 34 36 37
38 41 40 41 43 36 38 38 36 38 39 36 36 35 34 33 32 32 35 35 36 39 40 40 36 41 38 40 42 47 39 40 42 40 39 39 38 37 36 36 36 37 36 35 34 36 35 37 34 35 36 37 36 36 34 32 34 35 35 40 38 35 40 44 42 37 39 40 42 38 47 49 47 48 48 47 47 43 46 43 45 43 41 40 37 35 35 38 38 37 36 35 33 33 36 35
41 39 41 43 38 36 37 36 35 38 38 35 37 35 33 32 31 32 32 32 36 37 40 43 40 38 43 43 45 42 39 43 43 42 39 39 37 38 37 36 38 38 35 35 36 34 37 34 33 32 34 36 36 35 32 32 36 33 33 36 39 38 41 40 44 42 38 37 38 36 41 46 42 40 42 41 42 37 41 41 40 36 37 34 31 34 38 37 36 35 32 33 32 35 32 33
37 40 39 35 34 38 38 36 34 37 37 35 38 35 34 34 35 32 32 33 34 33 34 37 38 42 43 46 50 48 45 44 41 43 43 39 37 36 36 37 37 36 34 34 36 34 33 33 32 31 31 32 33 33 33 34 34 33 34 33 34 35 35 38 40 43 36 35 35 36 35 34 38 37 38 38 40 42 39 37 36 34 34 34 31 34 33 35 35 36 34 31 33 32 31 32
38 35 33 35 38 39 35 35 35 35 35 37 33 32 32 36 35 33 34 34 34 35 35 36 41 43 44 47 49 41 43 41 40 42 44 37 45 39 38 38 38 37 36 35 35 35 35 35 34 34 34 32 33 32 32 31 31 30 33 33 32 33 33 35 37 38 41 38 35 35 42 41 43 43 44 42 42 40 37 37 37 35 31 32 35 37 37 35 32 32 30 30 29 31 30 31
33 33 33 34 33 35 35 35 35 35 37 37 37 33 34 34 34 34 35 34 39 36 39 35 36 43 39 46 43 43 44 43 42 38 42 39 40 40 39 43 39 39 39 37 37 37 35 36 35 33 35 34 32 32 32 31 31 31 31 32 32 32 32 33 34 34 36 37 33 36 39 41 36 36 35 33 37 35 33 31 32 33 35 37 36 34 33 33 31 30 30 31 31 32 32 32
33 34 35 35 34 33 36 34 34 35 37 38 34 36 35 34 34 35 36 36 35 37 41 38 42 40 44 47 54 49 56 43 42 39 39 37 39 43 41 41 43 38 37 39 40 38 38 37 36 36 35 35 34 34 33 31 31 30 30 31 32 30 31 31 31 32 34 37 34 33 36 36 33 33 31 33 31 31 31 32 34 36 35 34 33 32 31 29 28 29 30 31 32 32 32 32
37 38 37 36 36 35 35 36 34 37 39 40 37 37 37 37 36 35 36 34 34 34 39 38 51 48 48 46 51 55 46 43 40 39 41 38 37 37 37 41 40 38 38 35 37 37 40 39 39 38 38 40 36 33 32 31 31 32 31 31 31 31 31 30 31 32 33 33 35 32 33 34 33 31 30 29 29 28 29 29 30 30 30 32 31 31 30 30 30 29 30 31 32 34 32 32
35 37 36 40 35 35 36 34 35 35 41 40 39 41 42 38 37 36 34 34 33 37 35 43 50 53 50 49 50 52 46 43 42 40 41 40 42 44 39 38 41 40 39 37 36 35 36 37 37 37 39 39 36 33 35 33 33 31 31 31 31 30 30 31 31 30 31 31 31 33 34 32 31 29 27 27 28 28 28 29 29 29 33 32 33 31 30 30 30 30 29 29 30 31 31 32
37 39 37 36 41 36 34 36 36 36 37 40 40 37 36 43 38 36 34 38 35 37 34 38 39 53 50 49 48 50 52 47 41 42 49 45 40 42 43 41 39 37 37 36 35 35 35 36 34 34 35 38 38 36 38 35 38 36 34 32 32 30 29 31 31 31 30 31 32 32 32 32 31 29 28 26 26 26 26 30 34 34 34 35 33 32 31 31 31 30 30 30 30 30 32 33
40 41 39 35 35 37 35 36 38 38 38 39 45 39 39 41 38 38 38 39 37 41 38 36 38 48 48 43 51 50 52 44 42 42 41 41 43 54 54 53 40 39 40 36 39 39 36 36 37 33 34 33 34 36 38 38 40 39 37 36 37 33 32 31 31 31 30 32 32 32 32 32 31 29 27 26 25 24 24 28 32 34 36 34 33 32 31 31 31 31 30 30 30 30 31 32
42 40 41 35 35 37 36 36 38 38 40 41 42 44 44 44 44 42 40 41 35 39 39 42 37 47 44 46 49 50 49 46 46 52 44 50 54 53 53 48 47 41 38 37 36 38 41 37 35 35 36 33 35 34 36 39 42 41 40 40 35 37 37 33 31 31 32 31 31 31 32 33 31 37 31 30 36 26 25 26 26 29 31 30 31 33 31 31 31 31 32 31 31 31 31 32
40 41 39 37 37 38 39 38 38 40 42 41 42 42 42 43 44 45 42 45 39 39 43 44 41 39 45 48 51 50 43 42 41 43 43 44 48 43 46 46 46 40 35 37 40 42 40 38 37 36 35 36 35 33 36 39 43 42 42 42 40 40 37 38 39 34 36 38 35 38 39 39 39 40 42 40 36 35 40 29 29 30 32 33 33 33 31 33 31 33 33 31 31 31 32 32
41 42 40 39 38 38 38 41 38 37 40 42 42 42 37 41 41 42 44 45 45 45 45 45 42 45 41 42 47 47 41 39 40 39 44 44 40 38 38 38 37 36 39 42 46 50 47 44 47 39 48 38 35 34 35 36 38 41 40 40 37 41 40 42 37 38 41 40 38 38 40 38 40 39 39 36 39 40 37 36 38 35 33 33 33 33 32 33 32 33 34 32 31 31 32 32
40 42 42 38 38 38 41 40 38 38 39 42 44 42 39 39 39 43 44 46 43 47 43 40 41 43 42 42 39 40 40 39 40 38 39 37 37 41 41 40 41 43 49 52 52 51 49 46 47 46 46 42 37 43 36 36 35 36 41 38 41 41 41 41 41 40 42 40 38 39 36 38 37 34 33 38 39 38 39 41 43 41 38 34 31 32 32 32 32 32 33 34 31 31 33 33
43 39 39 39 39 40 39 38 38 43 42 41 42 42 41 40 43 42 42 44 46 46 44 39 41 43 44 41 39 40 39 40 42 37 39 46 45 42 41 53 52 52 52 50 50 49 48 45 45 45 45 44 46 48 45 40 38 36 35 38 38 38 42 42 46 42 42 40 41 41 41 37 33 30 34 35 38 38 36 33 33 39 38 38 33 33 32 32 32 32 34 34 32 31 32 33
41 37 39 40 39 39 42 39 42 41 42 42 40 38 37 39 40 40 42 45 44 44 42 40 42 42 44 41 40 38 38 40 37 40 43 46 44 43 47 53 52 51 48 49 45 41 46 44 41 44 44 49 50 50 48 46 45 43 39 39 35 37 41 43 39 45 48 40 41 40 37 33 33 30 32 36 36 40 38 38 36 34 34 33 35 35 32 32 32 32 33 34 33 32 32 33
38 45 40 41 40 41 42 40 39 42 39 39 39 44 42 41 44 41 43 41 41 42 42 41 41 40 40 40 40 38 37 37 38 39 40 40 43 41 48 51 50 51 47 47 42 41 44 42 40 41 44 47 48 49 52 53 43 46 47 48 37 34 37 39 40 42 43 46 39 35 34 33 33 31 30 32 36 34 38 38 36 36 36 36 36 33 32 32 32 32 33 35 33 32 33 33
38 39 37 38 41 41 42 37 39 38 39 39 49 48 49 45 47 48 46 44 44 42 43 40 40 40 40 41 42 37 37 37 39 40 40 41 40 47 53 51 51 50 46 42 45 41 41 41 39 39 41 43 44 46 49 51 51 48 47 40 37 38 36 37 39 41 44 43 42 37 34 33 32 32 32 32 31 33 33 33 32 35 36 35 34 32 31 31 31 31 32 32 32 32 33 33
39 41 40 43 44 40 42 38 40 41 52 44 40 47 49 50 52 52 54 55 45 44 45 43 42 40 40 40 41 38 35 37 38 38 40 40 43 51 51 49 49 48 47 42 44 38 42 41 38 41 41 41 43 43 47 48 49 43 38 37 48 49 39 36 36 36 39 39 42 40 38 38 35 39 40 36 34 35 33 32 33 32 32 32 33 33 33 33 34 33 33 32 34 34 34 34
40 44 42 48 45 42 40 39 49 50 47 49 48 44 47 48 53 50 50 53 56 48 45 51 47 42 42 42 40 39 39 37 36 38 40 42 53 51 49 46 45 45 43 48 49 42 40 35 36 39 41 41 42 42 44 48 48 44 36 44 45 48 39 39 37 36 35 35 35 39 41 36 37 41 43 44 42 36 34 33 33 32 32 33 33 33 33 34 34 34 34 35 35 34 34 35
43 44 43 53 55 50 43 40 40 51 51 49 45 48 45 45 47 50 53 52 56 55 50 50 49 46 45 49 46 46 44 42 40 41 48 49 49 46 43 44 44 42 45 47 47 47 45 44 42 35 39 39 39 41 44 45 46 46 45 44 46 48 47 48 46 39 39 41 36 36 36 38 43 38 38 42 43 44 36 35 33 33 34 33 33 33 35 36 34 34 34 34 34 34 35 37
44 52 46 55 53 48 42 44 45 43 53 53 51 51 52 52 52 50 54 54 54 53 51 50 48 48 52 49 52 52 49 48 47 48 47 47 46 44 41 41 42 46 45 48 48 45 45 44 40 39 36 41 41 42 42 44 43 43 44 39 46 49 48 48 44 44 43 43 46 43 40 44 39 38 45 50 46 42 43 38 34 34 34 33 33 34 34 37 39 40 40 36 35 37 36 36
44 48 54 54 53 45 52 46 45 42 41 50 51 52 56 54 54 58 57 55 52 51 49 51 51 50 52 54 53 52 49 47 47 46 47 47 46 43 41 42 47 47 47 48 46 44 43 42 38 38 38 39 40 42 41 39 40 41 40 40 40 42 48 50 50 49 48 47 43 51 49 53 50 47 49 51 50 50 44 44 42 35 36 35 35 36 36 37 41 41 41 38 38 37 36 36
50 46 46 51 51 44 48 51 50 49 46 50 51 53 55 57 55 57 55 54 52 48 48 47 47 48 49 51 54 54 51 50 48 47 48 48 47 46 45 47 47 46 46 48 46 44 40 40 37 37 38 44 40 39 39 39 38 38 40 38 37 39 45 49 50 50 50 48 43 49 52 49 44 45 40 46 43 45 46 48 43 40 39 35 36 36 36 37 39 43 43 43 40 40 37 37
51 46 43 43 42 46 50 53 53 46 44 48 52 50 52 53 58 58 55 52 51 48 48 46 45 47 47 49 50 50 49 49 50 48 50 49 48 46 48 50 47 44 44 47 45 42 41 38 39 38 36 37 37 39 40 40 38 40 38 37 35 39 42 44 49 49 47 48 46 47 49 48 47 45 44 38 38 40 43 40 41 41 35 37 37 36 37 36 38 40 44 47 43 43 41 39
45 47 49 44 44 44 43 47 51 54 51 43 45 44 47 50 55 57 57 55 52 52 50 47 45 47 48 47 48 48 48 47 48 49 48 48 49 49 50 49 48 46 45 45 45 44 42 39 36 35 35 35 35 36 38 41 40 38 38 35 36 37 39 43 47 48 47 48 46 44 46 46 45 40 40 37 37 42 41 40 38 36 35 41 41 39 37 37 37 40 43 46 46 46 43 44
41 47 45 49 54 48 48 47 49 52 47 50 44 44 44 47 50 57 55 56 55 53 53 49 47 48 44 47 46 45 45 46 46 47 48 47 44 44 45 47 46 46 46 45 43 44 41 39 38 38 36 34 34 35 36 40 41 42 40 39 36 37 39 41 44 46 47 45 44 43 41 43 40 38 37 36 37 40 38 38 36 36 36 36 38 43 39 37 37 38 43 45 49 45 47 45
49 50 53 53 50 49 55 48 48 46 47 47 47 44 46 47 57 58 54 56 56 54 53 51 53 53 51 47 46 45 44 44 47 46 45 44 44 43 42 45 42 45 45 43 42 43 42 41 40 37 37 37 36 36 38 39 40 41 40 39 37 36 40 42 44 45 45 43 42 41 39 39 46 36 35 36 36 36 36 36 36 36 37 37 38 39 41 40 38 38 40 44 47 48 49 44
47 47 48 47 47 59 55 55 48 45 52 45 46 45 56 56 57 55 55 56 57 54 51 54 52 51 50 48 47 45 42 42 44 44 44 43 42 42 43 44 45 43 43 41 41 41 40 40 40 40 39 37 36 37 39 41 39 40 39 38 39 36 39 41 41 43 43 42 41 39 40 40 38 36 37 37 36 35 35 35 35 36 37 39 38 38 38 41 40 41 40 45 46 50 51 47
45 48 54 55 56 62 55 48 45 47 48 44 45 44 56 54 55 53 52 54 57 54 53 51 49 51 48 46 46 45 46 45 39 41 40 38 43 42 42 44 45 47 43 40 39 40 39 39 40 41 40 38 37 38 41 41 42 41 42 40 38 39 37 35 38 39 39 40 39 39 37 36 38 40 39 37 38 38 37 37 35 36 37 37 38 38 38 40 44 44 46 45 44 47 49 49
42 41 43 51 58 61 50 50 48 42 49 45 43 46 56 47 52 50 48 51 55 47 51 49 48 48 47 45 45 44 43 42 41 41 40 39 46 46 45 44 43 43 41 41 37 37 39 39 42 43 43 40 40 40 41 40 42 41 40 39 41 41 40 36 35 37 37 36 36 36 37 37 37 38 38 38 38 40 37 36 35 35 36 37 38 38 38 37 40 43 46 49 47 49 50 51
47 42 46 63 67 60 58 52 53 46 46 49 44 49 54 43 43 48 50 57 54 56 54 50 47 47 47 46 44 44 43 42 42 39 38 40 44 43 44 44 41 39 38 38 39 38 36 40 42 44 46 45 44 42 43 43 42 41 42 43 40 41 41 38 37 36 33 33 33 33 34 36 37 38 38 36 36 37 35 35 34 35 36 36 36 37 38 40 41 43 46 49 47 47 50 50
