grids/precipitation/oct/RSMS_10_1882_01.asc
NCOLS 654
NROWS 866
XLLCORNER 3280414.711633467
YLLCORNER 5237500.62890625
CELLSIZE 1000
NODATA_VALUE -999
[rows 742 to 794 of 866, columns 192 to 287 of 654]
74 78 76 71 74 75 75 78 79 76 78 76 72 72 70 68 67 66 65 65 67 76 75 76 73 70 71 69 68 70 72 72 89 95 78 78 91 90 94 97 97 91 90 90 96 92 88 86 82 82 83 85 85 80 82 85 79 77 77 80 84 85 82 81 85 78 83 83 83 76 82 74 81 81 78 80 79 78 77 75 72 73 69 63 70 74 73 73 69 75 72 72 75 76 73 70
85 82 80 78 76 72 76 76 78 78 78 74 67 71 71 66 66 66 67 67 67 68 73 69 72 73 71 72 77 76 84 84 88 82 78 79 83 90 90 92 92 91 91 88 92 89 88 84 81 83 83 83 82 81 79 80 79 84 80 77 81 77 82 82 84 81 82 82 80 80 80 79 68 74 75 77 78 76 76 78 70 62 61 70 66 67 71 73 74 71 73 76 75 72 70 71
83 79 82 80 78 76 83 80 82 80 78 72 71 71 70 70 68 71 68 68 76 68 74 68 69 69 73 74 76 84 87 99 88 84 94 90 90 88 92 92 91 90 88 88 89 88 84 84 85 85 85 82 82 82 80 80 78 77 82 76 79 74 81 79 84 84 78 75 79 75 78 77 77 66 74 68 67 65 67 66 70 65 63 74 73 70 73 71 70 67 70 71 69 68 67 67
85 85 84 80 78 78 78 84 79 79 76 76 70 74 70 70 72 78 76 70 74 70 74 70 69 72 72 74 78 84 82 89 99 96 95 98 91 88 86 92 92 94 85 90 89 85 82 84 84 85 84 81 80 80 82 78 81 78 81 81 82 86 82 77 80 82 81 77 76 74 68 73 70 78 75 75 79 79 80 79 65 64 66 67 73 72 72 70 68 69 68 66 68 67 65 66
88 86 83 80 82 80 82 82 76 74 74 75 72 71 68 72 74 74 77 76 75 72 72 76 71 70 72 72 74 78 84 99 96 94 92 90 97 90 84 94 92 84 86 90 86 84 83 81 86 87 84 79 79 79 80 80 82 82 84 83 84 86 83 75 83 80 83 76 77 74 71 72 75 74 75 79 80 78 72 69 66 69 66 67 71 71 72 68 67 66 66 65 67 68 69 66
88 86 82 84 82 92 80 75 74 75 72 71 71 74 71 70 81 82 80 80 80 76 72 74 75 72 74 74 78 73 78 98 97 94 94 91 87 94 86 84 86 88 88 88 87 84 83 85 85 86 80 80 80 82 81 82 83 84 86 84 89 88 84 78 75 79 82 76 76 76 72 69 73 73 76 79 83 80 70 71 71 69 68 66 71 71 70 66 66 65 68 70 69 70 72 67
88 86 84 83 95 88 84 75 80 79 72 72 74 75 73 72 77 81 78 77 81 78 74 75 78 75 74 73 80 84 78 87 90 94 92 88 87 86 91 92 92 86 88 87 86 84 83 83 85 83 83 81 83 83 81 82 82 83 84 82 88 84 81 83 76 83 82 76 76 75 70 69 69 67 75 77 78 74 74 78 71 68 73 69 71 71 67 65 66 66 67 67 67 67 66 66
90 86 84 90 84 87 84 76 83 76 75 76 78 78 78 74 76 77 78 81 81 78 78 75 82 86 78 76 78 81 78 79 87 86 94 92 97 92 90 90 92 82 86 86 84 83 86 86 83 79 81 80 81 83 83 85 82 82 88 84 81 81 81 84 81 83 76 79 75 73 67 66 69 69 72 74 76 76 76 76 68 68 69 71 69 71 70 69 66 67 70 72 70 67 66 66
88 86 87 88 86 79 80 75 78 76 77 80 82 78 82 80 81 77 80 80 78 81 78 76 78 84 92 84 78 87 86 86 83 95 95 95 98 92 92 92 90 84 86 87 86 86 92 83 76 76 81 81 81 81 83 84 87 83 84 83 86 81 84 84 77 77 83 81 76 76 69 65 70 71 73 74 78 82 79 75 69 71 75 74 70 69 69 66 68 67 67 66 67 69 67 66
88 94 94 88 87 82 82 77 73 80 80 78 80 82 82 81 80 78 81 82 81 80 82 80 84 88 103 101 87 98 90 88 83 99 90 91 95 92 95 89 90 83 87 88 85 82 88 85 83 79 81 79 79 82 80 83 82 80 83 81 82 81 84 77 72 83 79 79 76 75 70 71 74 76 74 76 80 83 78 73 69 69 71 70 69 70 66 66 67 65 65 66 66 69 67 64
87 90 92 90 88 88 78 77 74 77 81 81 78 80 80 80 80 78 80 80 80 84 84 82 97 101 101 101 101 95 87 92 82 88 88 86 90 84 92 90 87 88 86 85 85 88 86 85 82 81 81 81 82 82 86 81 82 79 82 81 81 79 79 77 77 77 79 79 75 71 69 73 76 78 79 82 83 79 75 72 71 69 68 67 69 70 69 68 68 65 65 66 66 66 64 63
91 88 90 91 90 83 78 74 77 74 78 81 80 77 82 81 78 80 85 82 82 86 89 88 90 97 95 95 99 102 98 90 90 92 90 84 83 81 82 88 84 87 86 81 83 86 86 85 83 81 82 82 82 82 79 78 81 81 79 78 78 81 81 73 72 78 79 81 72 73 77 82 80 80 82 75 76 72 73 69 68 68 70 70 70 68 65 65 65 65 66 66 66 64 64 63
86 84 86 82 84 80 74 76 77 78 79 83 79 82 82 78 78 80 85 85 87 97 102 102 99 94 99 92 98 99 101 92 92 99 97 96 93 90 92 81 86 87 86 78 85 88 83 86 82 82 83 81 81 81 83 81 81 80 74 81 74 76 79 75 76 74 76 71 74 73 79 80 79 80 76 76 69 70 72 71 68 70 67 66 66 65 66 65 65 65 67 66 66 64 63 64
84 83 84 85 84 80 80 79 82 83 84 80 83 82 80 76 78 80 86 84 87 86 88 91 99 97 97 93 99 100 100 93 100 96 96 96 92 94 90 87 83 84 84 78 82 82 85 84 87 84 81 81 81 80 80 83 81 83 81 74 78 77 77 73 73 74 69 67 73 73 73 80 76 71 71 70 74 75 72 71 70 67 70 71 69 69 66 67 67 67 67 66 66 66 63 66
84 83 84 86 82 83 80 79 80 82 83 84 80 80 82 82 78 82 83 90 94 87 84 86 97 92 95 97 90 101 97 97 101 97 97 92 92 91 86 87 81 84 79 81 83 83 85 84 84 84 83 80 81 80 80 81 83 83 83 84 74 77 77 77 77 69 71 73 72 69 72 75 71 73 75 75 74 74 74 72 69 67 67 68 68 68 68 67 67 67 69 66 66 67 66 68
86 85 79 76 79 82 77 80 80 82 82 82 79 76 77 77 80 77 77 84 79 81 88 96 90 89 95 99 93 100 102 97 99 98 95 92 92 92 91 87 80 82 81 76 81 83 85 84 84 84 83 81 80 81 80 81 83 83 83 80 77 76 78 78 77 73 69 71 73 78 71 72 69 73 75 74 75 75 73 70 67 67 68 68 68 69 68 70 68 67 67 69 67 69 69 68
80 83 78 87 86 85 81 81 79 82 82 79 78 85 78 78 78 79 75 76 79 83 97 97 92 87 98 95 98 90 99 101 97 95 92 91 90 89 89 85 79 76 82 76 78 83 85 84 84 83 82 83 80 78 80 80 80 82 85 78 80 72 76 80 79 79 71 68 71 67 70 68 70 71 74 72 74 73 74 73 67 68 68 68 69 68 68 68 70 68 69 70 72 72 74 72
84 80 78 78 83 87 84 86 81 81 82 83 80 81 79 79 78 76 76 73 79 94 90 97 90 88 98 98 101 90 97 100 96 97 92 88 88 88 85 81 78 80 77 81 77 81 81 85 85 83 82 80 78 79 78 80 79 80 83 82 75 72 73 74 78 71 70 68 72 71 71 72 71 70 71 74 70 73 70 69 68 69 68 69 69 69 68 71 70 68 69 72 73 73 75 75
84 82 81 81 86 83 81 84 86 83 83 83 83 87 84 90 89 81 92 79 74 72 91 102 104 77 102 106 106 88 100 97 96 96 90 89 83 86 83 83 81 81 80 77 74 77 84 85 85 85 83 80 80 79 78 80 80 79 76 77 74 78 72 68 75 77 72 68 72 72 72 75 74 71 71 73 70 70 69 68 68 69 69 71 71 69 70 70 70 68 70 73 74 74 76 76
84 85 84 94 91 87 84 84 86 84 84 83 91 106 99 100 95 101 101 85 85 83 78 81 86 98 96 93 90 86 96 96 97 92 92 92 86 86 81 80 80 78 81 76 77 85 87 86 87 86 83 79 79 78 78 78 80 80 74 74 75 82 84 74 71 70 72 71 71 74 75 75 72 75 74 73 72 70 71 69 71 71 71 69 69 69 70 70 70 71 72 73 74 77 78 78
82 81 83 84 92 90 88 86 84 83 82 83 93 107 93 95 88 98 92 97 82 99 82 95 93 100 95 92 90 81 81 93 93 91 92 90 87 84 78 73 76 78 80 81 78 87 89 90 89 87 82 80 78 78 77 71 78 85 81 75 78 83 87 84 72 70 74 74 74 77 77 77 76 74 74 73 74 73 72 72 72 72 71 68 68 67 68 68 70 73 73 74 76 76 78 79
80 83 90 97 95 93 90 88 88 86 83 81 83 93 92 83 90 87 85 97 95 99 88 101 97 103 101 97 93 92 90 80 90 90 91 87 84 81 76 71 71 77 80 79 83 89 89 89 89 88 81 78 74 72 72 78 74 72 80 79 87 87 80 76 73 74 74 76 77 79 80 79 74 74 76 76 76 73 73 72 73 72 69 67 67 67 68 72 72 73 74 76 79 79 81 81
80 81 85 88 89 93 92 90 88 92 85 83 85 81 83 92 101 98 91 92 98 98 99 104 99 103 97 97 93 93 91 90 81 81 87 85 84 81 74 73 73 77 80 80 87 90 91 91 91 87 80 78 71 71 74 71 74 81 81 82 87 76 76 76 73 73 73 76 76 77 76 74 76 76 76 75 76 75 75 73 72 72 72 70 68 68 70 72 73 73 74 78 79 79 78 81
80 82 83 90 92 93 89 89 88 90 96 93 106 106 95 88 99 102 101 88 97 95 99 107 101 100 99 95 93 92 92 91 92 87 80 84 84 81 76 76 73 78 82 80 83 92 92 91 91 87 81 77 75 71 70 74 77 81 80 86 80 76 74 76 73 73 73 74 76 77 76 77 76 74 75 76 75 76 78 75 75 72 71 70 70 70 72 73 73 73 76 78 79 84 82 79
76 83 82 86 89 90 86 86 87 90 94 92 105 102 92 101 97 98 91 98 88 92 98 99 99 99 99 97 94 92 94 91 90 87 78 84 83 82 83 82 79 75 78 79 85 91 89 89 84 82 81 81 78 74 77 81 82 80 79 76 74 74 73 76 73 73 73 76 80 82 79 78 76 73 76 75 73 76 75 75 73 73 75 74 73 71 73 73 73 74 76 79 81 82 82 82
81 78 79 82 86 89 83 85 87 104 102 90 103 103 92 98 104 98 101 101 88 91 97 100 97 97 95 97 93 94 91 90 88 85 84 79 82 83 85 85 81 82 77 81 84 89 89 88 82 81 82 82 74 77 79 76 79 83 77 76 82 73 73 72 73 73 73 79 84 85 82 78 75 75 75 75 73 75 75 76 73 76 75 75 73 74 72 73 76 74 78 79 82 82 82 82
77 78 87 85 85 82 80 80 94 97 101 89 97 99 85 95 99 98 98 99 85 98 95 99 100 100 96 94 94 96 92 90 88 84 83 75 78 83 87 85 82 78 75 80 80 88 88 85 85 81 82 79 80 74 72 72 72 70 72 74 73 73 73 72 73 73 75 76 79 81 79 76 75 73 75 75 75 76 76 78 76 76 77 75 77 77 73 74 76 76 78 82 79 82 82 82
78 77 84 80 82 78 78 83 90 88 86 85 85 86 86 99 104 97 99 97 87 98 100 97 99 102 99 94 96 90 92 90 87 86 83 75 80 80 87 84 81 81 75 75 81 87 88 85 81 78 77 80 76 73 72 73 70 72 73 74 73 73 72 73 74 74 75 73 76 79 78 75 76 75 76 76 78 76 76 78 78 78 77 77 78 78 74 74 76 79 81 79 81 79 82 82
76 76 76 80 78 73 74 74 80 87 89 96 96 99 89 83 97 95 92 83 97 100 97 96 97 99 97 97 93 93 92 90 89 85 83 83 77 75 87 85 84 80 80 75 80 87 84 80 82 79 76 77 77 72 71 73 73 73 75 75 73 73 73 75 75 75 75 73 75 77 78 77 76 77 77 74 76 80 78 78 80 78 80 78 81 80 77 76 80 80 82 84 82 82 82 84
76 76 76 71 75 72 72 73 75 73 86 96 94 93 93 99 82 97 97 82 96 97 96 98 95 97 97 98 94 95 92 92 88 85 81 85 78 85 80 87 86 80 82 76 84 84 80 79 76 79 77 81 75 72 75 73 75 75 75 75 72 72 72 76 78 78 76 75 77 78 78 77 78 77 75 75 81 78 80 83 81 78 81 80 80 79 77 76 83 83 84 85 87 84 82 84
76 79 79 72 69 72 68 66 68 80 93 92 93 93 96 87 83 89 94 100 93 97 97 95 97 97 98 97 97 94 91 88 87 87 87 88 85 77 80 83 86 82 82 74 84 82 80 77 73 76 80 79 75 73 76 76 75 75 76 75 72 72 75 76 78 78 76 77 78 77 78 77 78 78 75 75 80 78 80 83 81 80 80 80 79 80 79 77 83 85 85 84 87 87 84 87
80 78 80 76 71 69 65 65 69 85 90 92 92 90 92 94 96 87 80 80 93 97 101 97 98 94 95 95 95 91 89 91 85 87 85 84 81 77 77 84 82 82 77 80 74 79 76 73 72 73 79 78 73 75 78 78 78 75 75 72 72 72 76 78 79 79 78 77 77 80 80 78 78 78 77 77 80 80 80 81 80 78 79 80 80 80 77 82 83 85 87 85 85 87 84 86
82 81 81 74 74 71 68 64 62 87 89 92 92 89 91 94 97 95 97 94 82 95 97 95 98 92 95 92 89 90 90 82 87 86 80 87 86 86 79 82 83 80 79 77 80 79 78 76 75 78 76 75 73 77 78 75 78 78 74 74 74 74 77 78 80 81 81 81 78 81 81 78 80 78 78 78 80 81 80 80 82 79 79 80 77 77 76 79 83 83 88 88 87 87 89 90
80 83 77 79 76 76 71 69 72 89 91 91 91 94 95 94 94 96 97 97 90 89 98 98 97 97 95 94 93 92 86 76 76 80 77 74 87 84 77 79 79 80 74 75 73 79 79 78 75 78 78 77 77 80 78 77 78 77 74 75 75 74 77 78 80 80 80 81 80 81 81 80 81 80 80 80 83 82 83 83 82 80 77 76 77 76 77 76 82 83 90 90 90 87 88 89
83 80 82 82 80 79 79 73 73 86 84 91 88 89 94 86 94 96 97 100 99 92 92 95 95 95 92 93 92 80 77 89 92 76 80 76 79 74 80 80 74 73 72 76 73 75 79 78 81 78 81 80 77 78 80 78 78 77 75 74 75 74 80 80 80 80 83 83 81 80 81 80 81 81 82 82 83 83 83 83 80 80 82 77 79 77 77 79 79 80 87 90 91 90 91 92
83 84 84 82 82 79 77 74 72 74 80 88 94 91 94 96 84 97 99 99 97 96 96 95 97 95 94 80 76 86 93 94 93 82 90 80 76 77 82 74 77 73 73 79 79 73 75 75 75 76 78 78 77 77 75 74 74 74 75 74 75 77 77 80 80 82 82 83 81 80 80 80 80 80 82 83 85 86 85 85 80 82 80 77 76 79 77 79 77 83 87 91 90 90 91 92
86 85 86 91 88 88 81 81 77 77 76 82 93 93 97 97 97 99 102 99 96 96 93 97 96 90 90 77 93 96 94 92 92 91 88 88 82 81 81 81 78 75 78 78 79 80 78 77 77 80 75 75 77 75 75 75 75 74 74 74 77 79 79 82 82 80 82 83 82 81 80 81 80 82 82 83 85 86 85 83 83 83 82 80 80 80 80 77 80 82 87 94 94 93 94 94
86 86 89 89 91 89 92 92 102 92 83 83 94 100 100 100 100 93 102 100 99 97 82 89 92 79 80 89 95 95 96 94 95 92 89 89 88 82 82 81 79 79 79 80 80 78 78 83 83 81 78 78 77 77 75 76 76 76 76 79 77 82 79 83 83 82 82 83 83 83 83 83 83 80 82 83 83 86 86 85 86 85 83 82 83 83 83 81 82 90 87 94 96 93 94 94
86 84 88 94 89 86 94 91 101 99 89 84 97 100 100 99 100 89 102 96 93 97 80 92 84 90 94 98 94 96 96 94 94 92 89 86 86 84 82 82 78 82 81 78 78 77 78 81 83 81 78 78 81 77 76 76 76 76 77 79 79 79 79 80 80 80 82 83 82 80 83 85 85 80 83 83 85 85 88 89 85 85 85 85 83 83 80 84 87 91 85 90 94 94 96 94
88 85 86 88 86 88 89 88 101 101 92 86 102 103 103 102 94 97 87 82 89 80 92 82 83 87 92 98 95 96 91 94 91 89 88 85 85 84 81 81 81 82 81 80 78 78 77 77 78 78 78 80 80 80 77 76 76 79 80 79 77 79 82 80 80 82 80 83 83 82 83 83 85 83 83 85 85 86 88 88 85 85 86 85 83 80 82 88 91 93 90 96 94 96 96 96
88 85 94 96 91 86 88 88 101 102 88 91 105 107 96 97 97 84 82 80 86 89 77 91 85 95 96 96 98 94 91 89 86 85 84 84 82 82 81 84 84 83 84 83 78 78 79 81 82 78 80 83 80 80 79 77 79 79 79 79 79 79 82 80 80 80 80 83 83 85 87 85 85 83 86 86 86 88 88 86 86 85 83 83 82 82 83 91 92 91 91 94 96 97 94 96
90 86 86 89 86 84 82 84 99 92 88 95 107 109 104 98 96 82 82 84 89 78 79 91 79 89 92 95 92 92 91 88 88 86 84 81 81 81 81 81 84 86 86 80 79 79 79 82 82 82 82 83 79 79 77 79 79 78 77 79 77 77 80 82 80 80 80 84 87 88 88 85 88 87 86 88 86 88 88 88 86 86 83 85 85 85 86 91 93 88 94 94 94 97 93 96
91 88 84 84 88 98 99 82 98 86 86 95 104 101 88 85 84 82 91 88 82 79 79 89 91 92 94 95 94 91 88 85 84 82 81 81 81 81 83 80 84 81 80 86 82 79 82 82 83 83 83 82 79 80 80 81 78 79 76 79 79 79 80 80 80 79 82 84 85 87 88 90 88 87 88 88 86 88 88 85 86 86 85 85 86 88 93 91 92 88 93 97 97 98 96 96
91 91 96 98 84 85 95 82 94 96 86 91 102 91 86 91 86 88 84 88 88 84 86 89 92 92 94 89 89 88 88 85 82 81 81 81 78 78 81 83 80 80 83 83 83 79 83 83 83 85 85 80 79 82 82 79 81 79 78 77 79 79 80 80 82 82 82 84 84 85 90 90 90 90 90 86 86 86 86 86 85 85 85 86 86 86 93 91 91 91 92 96 98 98 97 96
87 88 88 97 97 94 84 86 84 84 86 87 89 90 86 96 92 90 88 94 94 93 87 91 88 90 91 90 86 86 87 86 84 83 83 81 81 86 85 84 85 85 85 85 80 83 82 85 85 85 85 85 81 81 84 79 82 78 76 78 79 81 81 79 81 82 84 87 82 85 87 88 93 93 91 87 85 86 86 86 86 86 85 86 88 85 86 91 89 91 93 96 96 97 98 98
86 93 88 87 97 96 94 93 88 88 97 94 83 84 87 88 88 93 88 94 93 93 90 88 88 90 90 90 88 88 86 87 84 84 84 83 85 85 85 85 88 88 85 85 84 87 84 87 85 85 85 85 84 81 81 79 82 78 78 75 80 79 79 81 82 84 84 85 85 84 85 90 91 93 91 88 85 85 86 86 86 86 86 86 88 86 88 89 91 95 93 98 96 99 100 100
86 86 93 96 84 96 96 97 93 81 93 81 87 90 83 84 90 96 91 93 93 91 91 88 88 88 87 88 87 86 86 84 84 84 85 86 83 86 88 86 88 88 86 87 84 85 88 87 87 87 85 85 84 82 81 81 81 81 79 81 80 81 81 82 85 82 82 87 85 85 84 88 90 93 91 88 85 87 86 86 86 86 86 86 88 88 88 91 91 95 93 95 99 101 102 101
93 82 82 93 93 91 90 93 90 88 87 80 93 94 93 87 83 88 91 90 91 90 90 90 88 88 88 88 88 88 87 86 86 86 85 88 88 88 88 88 89 91 88 87 85 90 88 85 87 87 87 87 85 84 82 81 81 81 80 81 83 83 84 83 84 82 85 85 87 84 85 87 90 93 91 88 85 87 87 86 86 86 86 86 88 89 89 91 91 91 95 96 99 101 104 103
92 82 83 91 88 88 82 92 88 78 80 81 85 90 93 93 85 90 91 90 91 90 89 90 88 91 88 87 89 88 89 88 88 89 86 88 91 91 90 90 93 91 91 90 87 92 92 89 92 89 90 90 90 87 89 84 84 84 81 83 83 84 86 83 84 86 86 83 82 84 84 85 87 88 90 85 85 87 87 87 87 88 86 88 89 89 88 91 91 92 95 95 99 99 101 101
82 87 84 76 79 83 91 82 86 77 89 92 92 86 93 92 86 83 91 91 92 89 91 88 89 89 88 89 91 91 91 92 90 90 88 90 91 91 91 91 94 93 93 89 89 92 92 92 92 92 92 90 90 89 89 86 84 84 84 86 88 86 86 88 88 87 86 87 86 84 84 85 88 87 88 84 88 87 85 85 87 87 86 88 88 89 91 91 91 93 96 97 99 97 99 101
72 72 87 94 94 84 82 77 79 80 89 92 92 92 96 91 88 86 88 89 91 89 91 89 89 88 89 91 91 89 91 93 90 90 91 93 91 91 93 93 93 93 93 92 92 90 93 94 92 94 92 90 92 90 90 86 87 89 88 88 86 86 88 89 89 88 86 86 84 84 86 85 85 85 87 85 88 87 88 87 87 88 86 86 86 89 91 91 92 99 99 100 96 96 98 98
69 71 78 81 78 78 82 80 85 85 82 91 91 93 91 86 85 86 88 88 88 89 91 91 89 89 91 89 91 91 93 93 90 90 91 93 93 91 94 94 94 93 93 93 92 92 95 97 95 92 92 92 92 90 89 88 87 91 92 91 91 91 91 91 91 89 88 88 84 86 86 86 84 87 87 87 88 84 87 88 87 87 85 85 86 88 89 92 96 104 102 96 96 96 96 98
74 74 78 81 88 78 88 88 87 86 84 88 89 89 85 86 86 83 89 88 86 88 88 86 91 89 91 91 90 93 91 90 91 93 93 94 93 93 96 96 96 96 96 93 94 95 97 97 94 95 97 95 94 91 91 89 89 90 93 92 95 97 98 94 91 91 89 86 86 86 85 84 87 87 87 87 88 85 88 90 88 87 85 83 83 88 91 91 100 102 99 96 97 97 96 100
