grids/precipitation/oct/RSMS_10_1881_01.asc
NCOLS 654
NROWS 866
XLLCORNER 3280414.711633467
YLLCORNER 5237500.62890625
CELLSIZE 1000
NODATA_VALUE -999
[rows 408 to 458 of 866, columns 384 to 479 of 654]
61 63 71 77 75 75 74 72 70 70 73 75 73 72 71 76 76 74 72 71 69 71 72 75 75 76 77 74 75 73 75 80 81 81 84 85 85 86 86 85 85 88 87 91 89 88 87 88 88 89 88 87 87 86 86 86 87 82 76 70 67 66 63 61 60 59 58 58 57 57 57 56 55 55 56 58 58 58 61 60 60 60 61 61 61 62 66 68 68 69 71 72 72 73 73 70
62 63 69 75 75 76 74 76 74 74 73 75 73 72 72 75 76 74 72 71 71 71 72 74 75 76 75 74 75 76 75 79 80 81 84 87 88 88 86 84 85 86 86 87 88 87 86 88 87 89 87 89 86 87 85 85 83 78 73 69 68 66 63 61 60 59 58 58 57 56 55 55 55 55 56 57 57 58 59 60 60 60 60 61 61 63 64 66 67 69 70 71 72 72 73 70
62 70 74 74 78 78 78 76 76 75 73 73 72 72 70 73 76 74 72 72 73 71 72 74 75 76 75 76 74 76 74 78 79 83 83 86 84 84 80 81 82 85 83 86 86 86 85 87 86 87 86 88 84 85 83 80 77 72 71 69 67 63 64 62 60 59 59 58 56 56 55 55 54 55 57 56 57 57 58 59 60 60 60 61 62 62 66 66 67 69 70 71 71 72 73 73
66 64 66 70 74 74 76 74 73 73 73 73 74 74 70 71 77 76 74 74 74 75 74 75 75 74 75 73 74 73 76 77 78 79 82 83 83 78 79 80 80 81 82 84 86 87 86 86 85 84 85 83 82 81 82 78 74 70 68 68 66 64 64 62 61 59 57 57 55 55 54 54 55 54 56 57 58 58 58 57 58 58 60 61 62 62 62 64 65 67 68 69 71 72 72 73
66 66 66 66 70 76 72 74 75 73 73 73 72 72 70 69 77 77 76 74 74 75 73 75 75 76 75 76 76 74 73 77 78 81 81 82 82 80 78 77 80 80 83 86 86 86 88 84 84 83 84 82 84 81 81 77 76 74 70 67 65 64 64 62 61 61 59 56 55 54 54 56 55 55 57 57 58 57 57 58 58 58 59 61 62 62 64 64 66 67 68 69 70 70 72 75
64 66 72 68 66 68 70 72 71 85 73 73 72 72 70 69 69 75 78 76 76 75 73 74 75 76 74 75 76 74 73 74 75 80 78 81 79 79 78 78 79 79 82 85 85 87 86 84 83 82 83 82 83 82 80 79 75 75 71 68 65 64 64 62 61 59 57 57 56 54 55 55 56 56 57 58 58 57 58 58 58 59 59 61 62 62 64 64 65 67 68 71 70 72 72 74
64 66 66 68 66 66 66 72 75 73 75 73 72 68 66 68 71 71 71 74 74 72 73 72 72 73 74 75 75 74 73 76 79 75 77 78 78 79 79 80 80 81 81 83 86 86 85 85 84 83 82 81 82 80 79 78 78 76 75 72 68 65 64 62 60 59 59 58 57 56 55 54 56 56 58 59 58 58 59 59 60 60 61 60 62 62 64 64 67 68 70 71 73 73 74 73
66 68 66 66 68 68 64 66 72 75 71 75 73 72 66 66 67 67 67 67 68 72 73 69 72 73 74 74 75 76 77 78 81 76 79 79 79 80 81 81 81 82 82 85 84 87 86 85 84 84 83 81 82 81 81 80 80 78 77 71 69 67 63 62 60 59 58 58 57 56 56 55 55 57 58 58 59 59 59 59 60 61 61 60 62 62 64 66 68 70 71 74 75 73 74 74
66 68 66 66 66 66 66 64 66 74 71 69 78 72 64 68 67 67 65 63 69 74 73 71 72 72 75 74 75 75 76 80 80 81 81 79 79 79 82 83 83 83 83 84 84 83 87 86 84 85 84 82 79 81 80 81 80 78 74 70 68 67 65 63 60 60 58 58 57 59 56 56 56 57 59 59 59 60 59 59 59 61 61 62 62 62 64 66 68 69 72 74 73 75 74 76
72 70 68 68 68 68 66 68 64 68 75 75 69 75 66 72 75 71 67 63 63 72 75 71 71 72 75 76 77 77 78 79 80 82 80 81 81 83 86 84 85 85 82 85 83 87 86 88 83 84 83 82 81 81 82 81 80 78 74 70 68 68 65 61 60 59 58 59 58 58 59 57 57 58 59 60 60 60 59 61 61 61 62 62 62 64 66 66 67 72 75 74 75 75 76 76
76 78 72 70 70 68 68 66 66 64 66 65 65 63 76 72 72 69 69 65 65 68 74 75 73 74 74 75 78 79 78 79 79 80 80 80 83 85 83 83 84 84 82 84 84 86 85 84 84 83 82 81 81 80 82 81 78 76 74 71 71 66 63 61 60 59 59 58 57 58 59 57 57 59 59 61 61 61 61 61 63 63 63 62 64 66 68 70 72 73 72 74 73 74 76 78
78 84 72 76 74 70 68 66 66 66 70 75 67 67 76 74 68 71 69 67 65 70 76 77 75 75 78 77 80 80 82 83 79 81 79 80 82 80 83 82 82 83 83 80 80 82 84 81 80 82 79 79 78 80 81 82 81 79 76 70 68 65 62 60 60 59 59 58 58 58 60 58 58 59 60 60 60 60 61 62 62 62 63 62 64 64 68 72 74 73 72 73 72 74 76 74
88 84 84 80 78 68 66 66 66 72 70 73 75 69 71 70 72 73 67 67 68 65 76 76 77 77 80 81 79 80 83 85 79 79 81 79 82 82 84 84 82 82 80 80 77 79 79 78 79 79 79 78 78 80 83 82 81 79 73 69 68 67 64 62 59 59 59 59 58 58 59 60 58 58 60 60 60 60 62 62 62 62 62 62 62 64 68 70 72 73 74 73 72 72 74 75
80 86 86 86 80 76 68 68 68 66 66 72 77 77 73 76 77 75 67 65 65 65 68 76 77 79 82 81 81 84 83 84 85 83 83 83 84 86 85 86 84 84 76 79 79 78 78 79 81 81 78 78 80 80 80 79 80 76 73 70 68 67 64 63 60 59 59 59 60 60 61 60 60 58 61 61 61 60 60 60 60 62 62 62 62 64 67 70 71 72 74 73 74 73 73 75
88 87 90 88 82 80 78 74 72 68 68 70 75 79 78 78 78 79 77 75 74 71 68 68 72 79 82 82 83 75 78 74 81 89 84 85 82 83 81 81 78 80 78 75 75 77 74 76 78 78 80 75 77 76 80 79 78 72 74 72 70 66 64 62 60 59 59 59 60 62 61 61 62 62 62 61 61 61 61 60 60 60 62 62 63 65 67 69 71 72 73 72 72 73 73 73
87 85 87 85 81 81 84 84 82 80 74 76 76 81 79 80 80 78 77 79 73 71 69 68 72 76 75 77 76 74 84 85 85 86 84 82 79 79 78 75 77 77 72 72 71 73 76 78 77 77 77 77 78 78 77 77 75 74 72 71 70 66 65 62 61 60 59 61 62 62 61 63 62 62 62 63 63 63 61 62 62 62 62 63 65 65 69 69 68 71 71 72 72 73 83 75
87 87 83 81 79 79 79 84 80 78 76 76 76 78 77 80 76 72 76 77 73 71 69 71 70 72 72 71 73 80 81 80 78 80 78 77 75 77 72 72 72 72 69 71 70 75 77 79 79 77 76 76 78 77 76 76 75 74 72 71 69 67 65 64 61 61 60 61 62 62 62 63 63 61 62 64 63 63 63 63 62 63 63 66 65 65 68 70 68 71 70 71 71 71 73 75
85 85 79 83 77 79 77 79 78 80 82 76 78 76 73 78 73 74 74 74 72 75 75 82 76 76 74 75 82 71 74 73 75 75 75 74 76 76 74 74 71 71 70 70 74 74 76 78 78 78 77 77 77 74 75 76 75 74 73 71 70 67 66 64 62 62 61 63 63 62 64 64 63 63 63 62 64 64 64 65 65 65 66 67 67 68 68 70 71 69 70 71 71 71 71 73
79 81 77 81 83 77 77 77 77 82 82 84 78 74 81 75 75 84 84 80 76 81 79 81 79 78 74 81 83 77 71 72 72 74 77 77 77 77 70 70 75 75 72 72 76 76 78 78 77 75 75 72 75 75 74 75 74 73 75 72 71 67 67 66 65 64 63 63 64 63 63 65 64 64 62 64 64 63 63 64 64 66 66 68 68 68 69 69 70 70 71 72 73 73 73 74
73 74 74 78 82 78 81 83 81 83 84 82 80 78 80 76 73 83 83 82 80 80 81 81 81 77 71 80 83 75 71 73 77 76 76 69 69 69 70 70 76 76 74 76 77 77 80 79 77 74 74 72 74 75 75 72 75 74 73 72 70 68 67 67 64 64 64 63 63 64 64 66 69 65 65 63 63 63 64 64 64 66 66 68 70 68 68 70 70 71 71 71 75 73 74 75
76 76 76 78 86 82 84 83 81 83 83 82 82 80 74 76 76 80 83 81 81 82 84 83 79 77 79 82 80 76 70 68 68 71 71 68 71 75 75 78 78 76 75 75 77 77 77 76 76 76 73 70 69 75 76 71 73 73 71 72 70 69 68 67 65 66 67 64 63 63 66 66 66 66 65 63 63 63 61 65 65 65 66 68 68 70 70 71 71 71 71 71 71 73 74 76
78 78 76 76 76 76 80 82 83 83 83 81 80 80 78 80 80 78 80 81 81 81 84 82 77 75 81 84 80 76 70 68 70 68 70 68 72 72 70 73 77 77 77 77 77 76 76 78 76 73 74 71 75 74 76 73 73 74 73 72 70 69 68 67 67 67 65 64 65 65 67 68 66 66 64 64 64 62 62 63 63 63 67 71 69 69 69 69 69 69 71 71 75 74 74 74
78 78 76 74 72 74 72 76 80 82 83 83 81 82 80 80 76 74 74 72 74 81 77 75 76 74 83 77 71 69 69 69 70 70 68 68 74 72 72 70 72 74 74 76 76 76 75 73 70 72 73 73 72 74 75 73 74 74 73 70 68 67 68 68 69 67 66 65 65 66 67 67 67 67 65 65 64 66 59 64 66 66 68 71 71 71 71 69 71 70 72 72 75 77 79 78
74 74 72 72 69 70 72 72 72 76 82 85 83 81 80 78 78 76 76 78 78 76 71 73 75 78 68 68 68 77 73 71 73 73 71 69 71 71 73 69 73 73 76 77 77 75 73 74 71 73 73 72 74 73 73 71 70 72 71 66 65 67 66 66 67 67 66 66 65 67 68 68 67 67 65 65 65 66 65 65 67 67 68 71 72 71 71 71 72 72 74 76 76 78 78 80
70 72 69 69 68 68 69 72 72 72 74 80 83 81 79 80 78 74 82 80 76 76 74 81 81 79 67 70 79 79 77 77 79 75 71 68 68 72 71 73 73 75 75 77 77 75 74 73 73 71 70 70 73 73 73 73 72 72 69 66 65 65 66 66 67 67 65 66 66 65 67 68 68 68 67 65 65 68 67 65 65 67 68 72 72 72 72 70 72 72 74 78 78 76 80 78
68 69 67 68 69 69 68 69 72 72 72 76 78 82 81 79 77 82 80 74 76 76 78 80 80 75 73 78 80 80 80 80 81 77 76 68 70 72 70 72 77 74 74 76 76 74 75 73 71 70 72 73 73 73 73 73 72 69 68 68 65 65 66 66 67 67 67 68 66 68 67 69 68 68 68 65 65 67 67 67 65 67 69 71 72 72 74 72 71 72 76 76 78 78 82 80
65 67 65 67 67 67 67 67 71 69 70 72 74 80 80 78 75 73 71 72 74 74 78 80 74 70 77 79 75 80 80 78 78 76 72 68 70 72 72 74 74 75 78 75 73 75 73 72 72 74 72 73 73 73 74 72 69 69 67 66 65 65 66 67 67 67 67 67 67 68 68 67 67 68 68 63 66 67 67 67 67 66 67 69 71 72 72 72 73 74 76 77 77 80 82 81
65 65 67 69 67 69 67 65 65 66 69 69 69 72 74 78 76 73 71 72 74 76 78 74 72 66 78 78 76 76 75 73 69 71 72 72 74 76 76 78 77 77 77 74 76 74 72 74 74 75 73 75 73 73 71 72 69 69 68 65 65 65 68 67 69 69 67 67 67 65 68 68 67 67 68 68 67 66 69 69 67 66 67 71 69 71 73 73 73 73 77 77 79 77 82 81
66 66 68 69 69 69 69 67 67 65 67 67 65 66 70 70 74 73 75 71 70 74 66 65 65 67 78 78 76 76 74 73 71 71 71 74 78 78 80 79 79 79 78 76 75 75 72 73 73 73 73 73 73 71 70 70 69 69 66 65 65 65 68 67 67 67 67 67 67 67 66 68 68 67 69 68 67 67 68 69 69 67 67 71 71 71 74 75 73 75 77 79 79 79 79 81
68 68 70 68 71 71 69 69 67 67 67 67 65 67 66 66 66 64 71 73 63 67 67 73 73 77 79 77 78 78 74 76 73 71 69 75 75 73 79 79 78 76 78 77 77 75 75 77 77 73 73 71 71 73 72 70 69 67 66 65 65 64 68 67 67 67 67 67 67 68 68 68 68 69 69 69 68 67 68 70 69 67 67 71 71 71 73 75 75 73 75 79 79 81 81 81
71 72 72 72 72 73 73 71 69 69 69 69 69 67 67 68 68 70 71 67 69 73 71 65 71 75 77 75 75 77 76 76 78 74 71 69 71 75 73 74 72 76 76 77 77 77 77 77 77 74 73 74 72 72 72 68 65 65 66 65 65 66 68 67 69 69 67 67 68 68 68 70 68 69 69 67 67 68 70 70 70 67 67 69 71 71 73 75 77 75 75 77 79 79 81 81
71 71 74 72 72 72 70 70 70 68 69 70 70 71 71 69 68 66 64 68 74 78 75 73 65 75 75 73 77 77 77 77 80 76 74 68 68 74 76 78 74 77 79 79 76 76 78 76 76 74 74 70 70 70 69 67 65 64 64 65 67 68 70 69 69 69 69 68 68 68 68 68 69 68 67 67 65 65 68 70 70 70 70 70 70 70 71 75 77 77 75 75 78 77 77 79
69 71 73 72 74 72 74 74 72 70 70 68 70 68 67 65 63 65 66 72 74 76 78 73 67 73 69 73 76 76 79 81 79 79 75 72 70 74 71 75 77 77 79 78 78 78 78 76 74 74 72 69 68 67 65 65 65 68 65 69 68 70 70 69 69 69 68 68 68 66 66 69 69 69 69 69 67 67 68 70 70 70 71 71 71 70 75 77 77 77 77 78 78 78 78 81
67 73 69 68 71 71 70 70 68 68 68 68 68 68 63 63 65 67 69 73 76 76 78 76 64 68 70 76 78 78 80 81 79 79 75 75 69 71 75 77 77 76 78 80 78 76 78 78 76 73 71 69 67 65 65 68 70 71 69 70 70 70 70 67 69 69 68 68 70 68 68 69 69 69 69 67 67 67 68 68 70 70 71 71 73 73 73 77 77 77 77 77 80 80 80 79
69 71 71 71 73 71 69 69 69 68 66 68 66 66 64 65 68 70 74 76 78 77 77 79 69 71 76 76 78 81 80 80 80 78 74 71 72 70 74 76 76 78 78 80 81 80 79 77 73 73 73 69 67 66 68 66 71 73 71 70 72 70 68 67 67 69 70 70 70 69 69 69 69 67 67 67 65 67 67 70 72 73 71 75 75 75 75 75 75 78 78 78 77 80 80 78
68 70 72 72 74 74 73 71 69 71 67 71 65 66 66 70 72 74 78 77 77 76 76 65 63 71 75 79 79 81 81 78 78 74 76 73 73 77 74 77 79 81 81 79 79 79 77 76 76 76 72 66 66 70 71 71 73 74 72 70 70 66 67 71 67 71 68 70 69 69 69 71 71 69 69 70 69 69 67 68 70 72 73 75 77 77 78 77 77 80 80 78 80 78 78 78
72 72 74 75 74 74 76 72 70 67 69 69 65 67 70 71 73 75 77 77 77 75 74 65 65 72 80 81 81 79 75 79 79 77 73 73 73 77 79 81 81 81 81 79 79 79 78 78 72 76 66 68 65 71 73 73 74 74 74 72 71 66 66 72 71 71 72 71 71 69 69 71 71 73 71 69 67 67 70 70 68 72 75 77 77 77 75 78 78 80 82 78 80 78 80 80
73 73 75 75 75 74 70 68 67 67 70 67 69 73 71 73 73 73 77 77 77 73 73 64 68 78 78 80 80 81 79 79 79 77 74 73 79 78 78 78 81 80 80 76 76 78 76 76 76 68 66 69 65 74 74 74 71 74 74 71 71 71 67 69 71 72 72 73 73 73 71 73 71 69 69 67 70 69 72 70 68 70 74 77 77 78 80 78 80 78 82 80 80 80 78 78
75 75 75 75 73 69 66 66 68 70 70 67 67 69 69 69 73 73 74 76 78 76 75 73 62 73 77 78 78 78 76 76 78 80 76 76 80 82 82 80 78 80 80 80 74 70 74 70 66 73 73 73 71 72 72 74 72 74 74 73 71 69 69 69 70 72 72 73 73 71 69 69 69 69 71 72 70 72 70 72 68 72 74 74 75 77 75 78 78 80 82 82 80 80 80 81
76 76 76 67 65 65 64 66 67 67 66 64 66 68 72 70 70 72 74 78 78 76 76 69 62 65 73 66 72 74 74 76 76 76 76 74 77 83 83 83 81 82 84 80 72 66 64 65 65 73 74 74 72 70 70 74 74 72 73 73 71 71 71 70 72 72 72 73 71 71 68 71 69 71 70 72 72 72 72 72 70 72 74 74 75 77 77 77 78 80 80 80 81 80 80 81
72 71 67 65 67 67 67 67 67 65 64 68 70 70 72 72 72 74 76 77 75 72 72 61 69 73 67 73 74 72 72 74 76 76 79 75 75 79 85 85 83 85 81 79 72 68 69 65 71 74 74 74 72 72 74 75 75 74 73 71 71 72 72 73 72 72 73 73 73 71 73 71 73 71 72 74 70 72 72 72 72 72 74 75 77 75 77 77 78 80 81 81 80 80 78 81
67 63 63 67 69 67 67 67 67 65 65 71 73 70 71 72 72 70 74 79 79 74 64 61 74 78 71 77 75 73 75 75 77 79 79 77 79 80 84 86 85 85 84 81 71 71 67 74 72 74 75 72 74 72 71 73 73 73 75 73 72 72 70 73 72 71 71 69 71 69 71 73 71 74 72 74 72 74 74 74 72 74 74 75 75 77 78 78 78 80 80 80 78 78 80 80
66 64 67 67 68 68 68 68 67 63 71 71 72 75 75 73 68 66 70 74 72 68 64 63 79 78 78 78 76 78 76 79 79 75 73 75 79 79 80 82 86 88 84 84 74 70 74 76 74 74 74 72 72 71 71 71 73 72 72 74 74 72 72 73 75 73 73 73 75 73 71 74 74 72 72 74 74 72 72 74 74 74 75 75 77 78 80 77 76 78 78 80 80 80 80 80
68 69 70 70 70 70 70 68 64 67 70 74 74 76 74 72 73 75 81 82 75 66 63 63 81 81 79 79 81 75 78 76 76 74 75 77 77 84 82 84 82 81 87 81 73 71 70 68 71 74 74 74 71 71 71 71 71 70 72 72 73 72 75 75 75 75 73 73 74 73 74 74 75 74 75 75 71 74 75 77 77 77 75 75 77 78 80 78 81 81 80 79 79 79 80 80
69 69 69 72 72 72 72 70 64 66 70 73 75 75 77 78 80 76 80 81 64 64 70 68 64 66 68 69 71 79 77 80 81 76 74 76 78 86 87 85 83 80 81 81 73 71 70 68 70 71 75 73 73 73 73 71 70 70 72 75 75 73 73 77 75 73 76 74 74 76 76 75 75 75 74 73 73 75 77 77 77 77 77 78 78 77 78 80 81 81 81 81 81 83 77 78
65 67 71 69 69 72 71 68 66 70 70 75 72 73 75 77 80 74 69 69 67 71 87 76 71 78 67 69 71 73 73 74 74 77 80 81 81 85 80 79 79 81 81 87 76 73 69 71 75 73 73 71 73 75 72 68 68 72 71 73 73 75 74 77 77 74 76 76 74 76 77 77 77 75 77 73 71 75 77 77 77 78 78 78 78 76 78 80 81 84 81 83 81 79 81 78
67 65 69 64 67 71 71 69 69 71 73 73 73 73 77 79 84 79 67 67 74 72 71 86 75 69 74 71 71 73 73 69 77 79 81 79 83 81 81 84 86 82 84 86 80 76 69 67 69 71 73 72 74 74 70 70 70 69 71 71 74 73 74 74 76 74 76 76 76 75 79 77 77 77 77 73 77 73 77 78 78 78 78 78 78 80 80 81 81 83 83 84 83 83 79 79
70 67 63 63 67 67 69 69 73 74 73 73 74 77 71 71 82 68 64 67 90 88 88 81 76 74 71 72 70 71 74 74 78 80 80 80 80 80 80 84 85 80 83 83 79 76 72 69 68 68 74 70 75 73 72 71 73 69 69 73 72 72 73 72 76 74 76 77 77 77 77 77 77 73 75 78 78 73 76 78 78 81 78 80 77 77 79 79 80 84 82 79 80 79 77 80
73 73 70 67 65 67 70 73 74 73 76 74 74 73 78 82 71 68 64 66 70 68 70 70 76 79 74 76 72 74 74 81 78 81 78 80 80 81 78 83 83 81 83 79 77 76 72 74 68 67 68 72 68 68 68 69 71 73 72 74 74 72 76 72 74 76 77 78 77 75 78 77 77 73 78 78 76 74 80 78 80 81 81 79 77 77 77 80 80 80 79 79 79 75 77 79
68 71 70 68 70 70 68 72 74 74 77 77 76 77 79 76 67 65 69 75 85 80 80 81 75 82 82 77 75 73 79 81 77 83 79 79 81 81 79 81 83 79 77 79 79 79 77 72 75 70 68 69 66 71 73 71 73 74 74 74 72 74 74 72 70 75 75 77 77 76 78 74 73 76 78 80 76 80 81 81 81 81 81 79 77 77 77 79 80 79 79 75 79 80 78 82
74 62 73 73 73 73 68 66 73 77 79 75 75 75 81 74 67 65 81 83 87 87 87 83 83 84 82 75 77 75 80 82 80 78 77 78 80 78 80 80 80 84 80 77 77 77 77 76 73 67 67 67 69 70 74 72 74 74 74 74 74 75 77 73 75 71 74 74 73 72 71 72 76 76 79 79 76 81 84 84 82 80 80 79 79 77 79 80 78 80 75 78 78 77 80 83
