grids/precipitation/jul/RSMS_07_1883_01.asc
NCOLS 654
NROWS 866
XLLCORNER 3280414.711633467
YLLCORNER 5237500.62890625
CELLSIZE 1000
NODATA_VALUE -999
[rows 630 to 671 of 866, columns 288 to 383 of 654]
106 107 104 105 103 105 104 100 100 102 103 105 106 103 100 97 90 94 94 92 91 95 97 92 95 96 98 98 101 96 95 95 95 94 96 93 93 93 91 88 89 94 94 95 94 95 95 94 91 92 92 89 97 88 93 89 89 93 91 93 85 88 90 90 94 97 96 93 92 95 99 102 102 101 104 104 105 98 100 97 98 101 103 106 108 111 110 111 111 115 114 115 116 117 119 124
101 104 102 106 107 105 100 100 99 100 105 103 102 102 100 91 91 93 93 91 93 96 98 98 97 97 98 98 98 98 97 97 98 98 98 93 91 91 94 91 95 95 98 95 96 93 94 93 94 90 89 96 94 94 94 89 92 95 93 93 92 93 93 96 94 97 96 95 93 98 101 104 102 102 101 102 102 104 101 98 98 101 104 107 110 112 115 112 112 114 114 115 118 120 120 120
98 104 104 107 107 107 101 100 102 102 103 105 105 103 100 97 94 93 93 91 94 102 100 98 97 97 96 101 98 98 97 98 98 107 101 100 100 94 92 92 95 95 94 97 96 93 94 94 90 96 94 94 96 94 94 91 95 96 95 93 95 95 95 97 97 97 96 95 95 96 98 105 104 104 104 105 104 101 102 99 99 102 106 107 110 112 112 112 114 115 114 115 117 115 116 115
106 98 103 107 107 109 104 102 103 103 103 103 103 102 99 97 93 93 90 93 94 94 97 103 98 98 98 98 98 97 100 98 99 103 101 103 103 103 95 94 92 97 96 97 99 96 89 96 97 92 97 98 95 95 91 94 95 95 96 93 96 96 97 97 96 94 94 98 96 98 95 99 101 104 105 104 104 102 104 104 101 102 107 109 110 112 115 118 115 118 118 120 120 120 119 119
107 107 107 107 108 109 107 106 103 102 103 103 103 102 99 97 97 93 91 91 94 97 100 108 107 101 99 98 98 98 98 99 98 98 98 104 99 94 94 92 92 97 99 95 94 97 91 91 89 88 92 94 96 94 96 94 94 93 98 96 96 95 96 96 97 97 98 95 95 98 99 99 101 99 104 108 105 105 105 104 102 101 104 107 109 112 115 115 118 120 121 118 120 121 119 120
110 108 108 107 110 110 109 108 105 103 105 103 101 99 101 98 95 95 93 94 97 96 103 103 103 106 101 101 100 101 99 98 96 97 98 100 99 102 94 92 92 92 95 97 96 96 96 94 90 91 91 90 89 96 92 94 92 94 97 98 96 95 97 96 96 96 98 96 98 95 98 102 99 98 99 103 103 106 102 104 104 104 107 108 111 113 115 114 117 120 118 117 118 118 117 117
111 111 109 110 112 110 109 106 105 103 103 101 101 99 99 98 96 95 95 97 102 99 102 105 103 103 104 101 101 97 101 97 98 98 102 96 102 102 100 98 94 94 90 97 97 97 95 96 97 96 98 99 90 96 96 95 96 96 99 98 99 96 98 98 97 97 99 102 101 102 102 102 101 101 103 103 104 104 107 105 107 107 102 110 111 111 113 117 115 117 118 120 120 118 116 116
111 110 112 112 112 111 109 106 106 104 101 98 101 99 101 99 95 95 95 99 109 103 109 105 103 103 101 104 97 100 99 96 98 96 97 96 102 103 103 99 98 96 91 90 94 96 92 97 96 97 99 99 99 99 99 99 101 99 99 99 96 98 98 100 101 101 104 105 105 107 104 101 102 103 101 107 107 106 107 108 107 107 105 108 111 112 113 115 115 118 118 120 121 123 120 117
112 112 112 111 112 111 109 107 109 103 99 96 101 100 100 98 98 98 98 98 99 107 104 101 100 100 98 98 98 97 98 101 97 96 97 95 98 100 101 102 93 92 96 92 90 90 92 97 97 97 99 101 99 102 100 99 101 100 100 100 96 96 97 100 101 101 102 101 105 106 104 103 104 104 106 109 106 106 106 104 107 107 106 107 108 111 110 112 115 116 119 119 118 118 120 117
112 111 111 112 113 112 110 106 109 108 103 100 103 102 100 100 100 97 95 96 103 106 99 103 101 100 99 100 104 102 98 98 96 95 94 95 94 96 97 96 92 94 93 97 97 91 91 97 95 98 100 99 101 99 100 101 99 99 102 101 98 101 97 98 101 99 99 101 100 106 107 107 107 105 105 107 105 107 107 107 107 107 107 110 112 110 111 114 115 118 118 118 118 118 121 120
112 112 112 113 115 113 110 108 109 106 106 105 105 102 99 100 97 99 96 98 98 96 98 104 104 103 103 101 100 104 98 98 100 96 97 95 96 97 97 99 97 99 96 94 93 95 95 92 96 99 99 99 95 94 94 96 102 102 102 101 101 101 100 101 101 101 102 101 101 101 106 107 105 105 108 110 111 108 113 115 112 110 110 109 112 115 114 114 114 114 116 118 122 119 120 119
112 109 112 112 115 112 109 111 108 108 107 106 105 102 99 99 102 103 97 95 99 99 99 109 110 110 106 128 101 100 99 95 96 95 94 96 97 97 96 97 98 100 99 98 97 103 101 99 93 93 96 98 97 94 95 102 99 100 103 101 99 101 100 102 101 101 100 101 101 103 104 104 105 105 104 110 120 120 109 112 112 110 106 110 113 113 113 112 114 115 117 118 119 121 123 126
112 112 111 112 114 112 111 109 110 109 105 105 105 105 104 105 107 103 99 97 100 107 99 106 112 106 110 102 102 100 98 97 99 101 96 95 94 95 96 97 98 103 100 99 99 101 99 98 95 92 96 95 95 103 101 97 93 94 98 101 98 100 100 101 101 101 103 103 104 104 102 104 102 98 99 99 107 108 105 109 109 110 110 110 113 113 113 115 116 115 118 118 121 121 120 123
111 109 108 111 112 112 109 107 110 109 109 111 109 109 105 105 104 104 103 105 111 103 101 109 110 106 106 107 104 102 98 96 95 94 95 94 92 92 93 99 95 98 100 100 99 98 97 99 93 98 96 99 102 101 98 97 99 99 99 95 98 98 100 104 102 102 104 103 107 104 104 103 103 101 99 101 104 101 104 107 110 109 112 113 115 115 113 113 116 116 117 117 121 119 120 118
112 111 109 106 112 112 110 109 107 109 109 111 112 114 109 104 105 107 113 108 108 106 106 106 112 106 106 107 109 102 98 98 97 96 95 94 93 93 95 99 97 98 97 99 96 100 100 97 100 101 100 102 102 99 100 104 105 104 104 98 98 98 97 104 102 99 101 102 102 104 103 103 104 101 100 101 101 104 105 104 109 109 110 112 116 115 113 113 113 116 117 117 121 120 119 118
112 102 111 109 109 110 109 107 109 109 114 115 114 115 111 109 107 116 113 112 108 108 106 109 107 104 107 109 110 102 100 102 101 98 96 94 95 94 94 99 98 98 97 102 99 101 101 101 102 101 102 102 102 104 104 107 105 102 104 102 102 100 101 98 98 100 102 101 101 103 104 104 104 103 109 104 117 102 105 111 107 110 111 112 115 113 112 112 116 122 122 121 120 121 121 124
111 102 110 110 110 109 108 111 109 109 114 115 114 114 114 114 115 115 112 114 110 107 107 108 108 106 104 106 106 103 106 107 105 101 96 95 94 94 93 95 99 94 97 99 98 102 99 100 102 101 102 99 101 102 103 104 104 104 102 106 98 105 105 106 98 101 102 104 101 103 103 103 103 101 98 100 106 106 109 112 115 114 114 111 113 114 113 112 113 118 122 118 118 121 125 119
104 110 107 109 111 112 109 109 110 114 114 114 114 114 115 115 121 124 115 111 111 109 109 110 112 108 106 104 103 104 106 104 101 105 98 97 95 94 93 92 94 94 94 94 94 102 100 101 100 102 99 102 103 102 103 102 102 101 101 101 102 101 101 105 101 103 104 101 102 102 98 103 105 105 108 112 116 119 114 111 112 109 113 115 115 116 116 116 113 119 118 119 122 127 126 123
110 110 110 111 111 111 109 110 110 115 115 114 114 114 116 118 124 121 118 113 111 111 111 109 110 110 109 103 106 110 107 105 100 100 104 101 98 96 96 94 95 95 95 94 96 99 102 99 100 99 98 100 102 102 102 102 102 102 103 104 102 101 100 101 101 103 106 103 103 100 102 102 102 103 103 107 109 109 109 111 108 106 109 110 112 115 116 113 113 115 119 119 125 125 124 122
105 105 109 106 109 111 113 115 113 116 115 113 115 115 118 119 121 125 122 117 113 112 111 114 115 109 109 105 111 106 107 107 106 106 100 106 99 98 96 96 97 97 96 95 97 101 100 99 99 98 100 100 102 101 99 101 99 101 102 102 102 103 104 103 104 105 105 106 105 104 101 101 102 104 104 104 106 106 106 107 109 108 112 114 110 115 116 117 115 119 122 121 122 121 118 117
106 105 103 101 110 116 115 116 115 111 114 115 115 119 122 128 125 126 132 122 118 114 113 115 119 116 110 107 106 109 110 109 104 104 102 101 105 104 104 101 102 99 103 102 101 99 99 100 100 100 99 98 98 98 100 98 99 102 101 104 114 108 116 112 112 111 119 121 112 106 102 106 119 106 108 108 106 106 109 108 106 110 110 116 116 116 116 118 116 119 125 122 118 119 118 117
107 105 108 105 115 115 118 117 117 117 115 115 114 119 129 126 128 130 125 122 123 120 117 115 122 114 111 109 115 115 112 111 110 109 110 103 102 107 107 106 107 104 105 104 104 102 99 101 99 101 98 97 99 101 99 99 100 100 100 102 106 115 116 122 121 107 107 105 106 105 112 112 119 118 110 110 110 107 109 107 112 112 112 117 118 119 116 115 115 114 117 117 122 127 121 118
110 111 111 115 115 116 119 115 117 114 112 113 114 118 121 126 128 126 125 122 119 121 116 114 121 118 112 110 113 116 115 111 112 114 105 107 109 105 107 105 108 106 107 106 104 102 103 101 101 100 98 98 99 101 100 98 100 100 101 106 109 110 112 112 110 116 120 119 113 105 105 102 104 107 109 108 111 109 105 107 110 112 116 122 125 125 119 117 115 112 119 122 122 122 122 123
111 116 113 115 115 115 107 112 114 114 114 116 116 118 120 126 131 135 127 124 121 122 118 118 124 120 119 110 118 114 116 109 113 111 109 105 106 106 106 108 109 108 108 105 104 103 105 105 105 104 101 99 98 100 98 99 99 99 100 101 105 108 112 113 114 123 124 119 119 114 111 109 101 108 102 104 105 107 107 106 111 112 113 115 119 117 119 115 114 114 113 113 116 120 119 116
116 117 115 117 115 115 116 118 111 118 117 117 118 120 126 127 134 127 134 130 125 123 124 121 121 124 116 112 113 118 112 114 112 112 111 109 110 109 109 112 112 109 107 107 108 107 107 107 107 107 103 100 101 99 98 98 100 106 108 105 103 106 114 116 113 115 114 116 115 115 117 115 117 122 109 107 107 111 109 110 111 113 119 119 118 118 116 116 115 113 111 111 112 113 117 113
115 115 117 117 118 118 116 116 117 120 118 117 119 122 134 134 131 128 126 128 135 134 126 123 121 123 121 115 112 114 111 114 118 118 115 116 113 111 110 109 111 109 108 108 106 107 107 107 107 105 104 102 101 101 100 100 100 101 101 100 102 104 109 122 120 121 111 111 108 107 114 118 120 125 118 112 112 117 114 111 112 115 116 116 118 120 122 122 118 116 115 117 114 113 110 109
117 117 117 121 119 119 116 118 117 118 120 121 127 130 134 128 133 130 133 129 129 134 130 125 122 125 127 120 116 120 114 120 121 118 119 115 115 113 114 115 116 113 111 109 107 109 108 107 107 107 106 104 103 103 102 101 101 101 102 101 101 102 112 111 111 111 120 111 118 114 109 116 118 124 127 119 118 114 110 113 116 118 134 135 135 127 126 117 117 116 116 113 120 120 116 112
120 119 119 119 121 119 120 118 118 118 122 119 126 132 131 134 131 125 132 130 129 133 144 132 125 125 128 123 122 119 120 119 123 119 122 118 117 121 116 119 115 113 112 112 109 111 110 111 114 112 111 111 109 105 106 103 103 102 101 102 104 105 108 110 108 106 107 107 109 106 108 109 111 123 123 113 119 116 111 114 116 122 126 125 121 122 119 125 129 126 118 121 119 117 119 135
126 124 122 121 119 120 123 118 118 116 119 119 122 122 131 134 134 132 130 130 131 134 139 139 131 128 129 129 129 126 122 121 124 125 124 117 122 119 119 115 117 114 117 114 113 113 111 111 116 119 116 112 115 110 108 106 103 102 104 102 103 103 107 108 109 108 106 105 106 110 109 112 110 110 113 113 112 113 113 118 134 134 132 128 133 127 127 130 131 128 126 122 121 131 130 119
119 129 126 125 125 123 122 121 119 119 119 120 122 125 128 135 134 134 131 130 132 130 140 134 130 127 125 129 130 127 128 122 121 124 125 118 120 122 117 119 126 122 118 115 112 111 112 113 113 119 114 111 109 111 106 107 105 105 104 102 108 109 111 109 113 114 112 109 110 112 127 129 119 117 119 116 112 115 113 116 118 133 135 137 150 146 132 129 126 126 124 123 123 122 130 119
126 124 133 128 128 126 122 124 119 119 120 120 125 126 130 134 134 134 136 137 137 134 133 132 129 129 133 133 133 134 130 124 122 123 121 120 119 122 122 123 126 127 127 118 115 113 114 115 113 113 118 119 113 112 109 109 107 109 105 103 109 114 117 113 111 120 121 122 117 112 116 116 116 118 121 117 116 116 118 132 129 129 133 132 133 133 129 127 127 126 123 117 116 118 121 116
126 124 125 131 131 129 124 121 121 119 122 123 126 126 130 130 134 134 136 137 137 133 139 137 134 129 131 134 133 133 132 129 124 125 123 120 119 119 123 125 125 121 122 119 121 115 111 114 113 112 117 121 119 112 112 112 109 112 107 106 105 111 117 116 111 114 117 119 127 120 123 115 116 118 118 118 112 117 126 118 127 132 128 127 130 133 130 127 130 133 129 140 119 118 126 117
125 126 128 129 130 129 130 124 123 122 122 123 123 129 134 132 134 130 137 135 138 137 139 137 136 134 130 132 134 133 133 134 128 129 127 125 122 119 122 121 126 120 115 113 113 116 113 109 114 115 119 122 119 117 115 109 114 112 108 108 105 106 110 114 112 124 128 129 128 128 126 125 126 122 124 119 119 128 128 130 129 128 145 125 127 141 131 124 129 151 136 135 123 121 120 113
128 130 130 132 131 130 126 125 125 123 125 124 134 130 135 131 130 136 139 139 137 139 137 136 135 137 132 130 130 132 135 136 134 132 134 133 125 122 121 125 123 121 117 110 108 108 110 111 118 115 115 121 118 119 117 114 109 115 111 111 107 107 110 111 118 125 127 128 130 125 130 129 124 124 119 120 128 129 134 130 125 126 130 130 134 141 139 131 133 142 153 149 137 144 126 116
133 131 138 139 134 139 138 130 126 125 123 129 127 126 124 128 136 136 137 139 137 137 138 135 137 135 137 131 131 134 135 138 143 142 138 134 126 122 122 118 120 121 119 113 108 110 111 115 113 113 113 116 119 121 115 114 112 117 116 114 114 111 110 109 113 120 127 127 125 127 129 129 125 123 121 119 129 132 133 125 130 133 156 148 138 141 132 128 135 143 145 147 148 145 144 130
130 138 136 139 134 136 133 128 125 125 124 127 126 135 130 136 136 137 136 136 137 134 139 137 137 135 133 133 133 136 138 137 143 142 136 130 131 127 120 118 118 139 143 131 118 118 116 121 115 113 115 116 124 119 119 117 114 118 114 115 114 114 111 112 115 121 123 122 124 123 133 133 128 126 117 126 130 130 124 146 135 139 157 149 143 134 122 131 137 135 140 143 145 144 141 140
126 138 136 134 136 134 132 136 132 129 124 127 135 134 134 136 137 135 134 134 137 133 139 138 137 134 131 133 132 133 134 137 141 140 138 134 130 128 126 118 118 117 122 125 119 116 117 115 118 113 117 118 118 119 116 116 118 118 117 118 117 115 113 113 114 121 122 120 125 123 129 129 124 124 117 125 127 128 131 150 161 155 159 148 146 138 130 122 130 132 136 138 139 139 138 136
124 139 141 142 140 142 135 129 135 130 127 123 126 134 134 132 127 134 133 137 139 134 139 140 137 134 134 131 131 131 134 134 143 140 136 134 130 125 122 118 120 118 114 114 117 117 114 115 119 115 120 122 119 128 119 116 121 138 125 122 124 119 120 116 115 115 116 121 122 125 136 137 132 129 122 120 128 134 159 134 149 158 156 147 147 141 134 126 130 130 131 133 134 133 134 130
134 139 140 139 140 137 139 135 134 126 129 130 131 131 128 132 134 135 138 139 137 134 134 134 137 134 137 136 138 134 132 133 134 144 134 134 130 125 122 125 128 121 114 111 111 111 111 112 114 122 122 117 123 123 123 121 130 139 146 134 145 142 126 117 115 115 116 118 120 124 139 132 129 129 123 126 129 139 134 161 152 153 152 143 147 143 136 134 122 126 129 132 134 131 131 130
129 134 137 139 140 139 134 134 132 130 130 121 130 133 131 134 137 137 138 138 135 134 136 131 137 135 137 134 134 135 134 131 133 130 129 127 127 126 126 125 130 126 120 118 112 112 112 115 112 112 119 115 119 119 114 117 130 128 130 147 129 125 118 117 118 117 116 119 120 123 127 126 126 125 122 126 131 145 156 160 154 148 145 148 148 143 136 132 131 132 133 130 129 132 130 123
134 134 139 136 134 139 138 131 134 131 130 128 128 128 134 135 137 137 134 139 134 137 139 134 136 131 132 130 131 131 131 133 130 129 131 139 134 131 130 130 131 124 122 118 119 121 116 113 111 109 113 111 115 111 109 112 137 126 125 147 150 139 121 126 130 122 118 119 122 129 125 126 124 125 124 135 139 144 163 162 154 148 147 148 148 140 138 134 134 130 126 125 122 130 127 134
128 134 139 136 138 139 138 136 130 134 131 130 128 130 134 134 137 132 139 143 148 139 139 137 134 132 133 132 130 134 132 130 131 131 130 140 139 131 137 134 135 122 122 123 125 122 119 116 110 110 110 111 111 107 108 108 118 126 126 142 148 146 139 148 143 122 120 120 126 128 132 134 129 125 134 167 157 157 165 160 160 149 145 145 144 142 138 138 137 136 133 126 112 120 127 124
