grids/precipitation/jul/RSMS_07_1882_01.asc
NCOLS 654
NROWS 866
XLLCORNER 3280414.711633467
YLLCORNER 5237500.62890625
CELLSIZE 1000
NODATA_VALUE -999
[rows 205 to 245 of 866, columns 188 to 281 of 654]
96 101 104 107 109 109 107 107 108 109 106 108 110 110 109 107 102 102 98 97 98 98 99 102 104 104 109 102 102 102 102 104 105 105 106 106 108 109 111 110 110 111 111 110 111 111 111 108 107 107 107 106 107 106 106 106 106 104 104 105 105 105 104 104 104 102 102 101 100 100 99 97 97 97 98 98 98 98 98 99 99 99 100 103 102 102 101 102 101 101 100 102 103 106
99 103 104 105 105 107 107 107 107 106 107 109 110 109 109 106 103 99 99 99 99 99 100 103 104 104 104 102 104 102 104 104 104 105 105 105 108 106 108 108 111 111 112 111 110 111 111 108 109 108 108 108 108 106 106 106 106 104 104 106 104 104 104 103 103 103 101 101 101 101 99 99 99 97 99 99 99 98 99 99 99 99 101 101 101 100 100 102 102 101 101 102 101 102
100 104 105 106 105 107 105 108 108 107 107 109 111 109 106 106 104 102 101 100 102 102 103 103 104 104 104 104 104 104 104 104 104 104 105 105 106 106 108 108 108 109 109 111 111 111 111 111 109 108 108 109 109 109 108 106 106 106 106 104 104 104 103 103 102 101 101 102 102 101 99 99 99 99 97 99 99 99 99 100 101 100 101 101 101 101 101 101 101 101 101 101 102 102
100 102 104 104 104 105 108 107 106 106 109 111 109 109 106 105 104 104 102 102 102 102 103 103 104 104 104 104 104 104 104 104 104 104 105 105 105 106 106 108 106 106 109 111 111 111 109 108 109 108 108 109 109 109 109 106 106 106 106 104 104 104 104 102 102 102 102 102 102 102 100 99 99 99 98 99 99 99 99 99 101 101 100 101 101 101 102 101 101 101 102 101 102 105
99 99 100 103 105 106 107 104 106 107 109 107 108 110 107 105 104 104 103 102 102 103 103 104 104 104 103 102 104 102 104 104 104 104 104 104 105 104 106 106 106 106 106 109 111 111 109 108 108 108 109 109 109 109 109 109 106 106 105 106 106 104 104 101 102 102 102 102 102 102 102 100 99 99 98 99 99 99 99 101 99 101 101 101 101 101 103 102 101 101 104 106 106 106
98 99 100 102 102 102 103 106 107 109 107 107 107 107 105 105 105 103 103 103 103 103 103 103 103 103 103 103 103 102 103 104 104 104 104 104 104 105 106 106 106 106 106 108 108 108 110 108 109 109 109 109 109 109 109 107 107 106 104 109 104 104 104 101 101 102 102 102 102 102 104 102 100 101 101 100 100 100 101 101 101 101 101 101 101 103 103 103 103 103 103 106 108 109
97 97 99 101 101 102 103 103 103 104 104 106 107 107 107 104 104 104 103 103 103 103 103 103 104 103 103 102 102 103 103 104 104 104 104 104 104 105 105 106 106 108 106 107 109 109 109 107 107 107 109 109 109 109 107 107 107 107 106 106 104 103 103 103 103 103 102 102 102 102 104 102 103 102 101 101 101 100 100 100 101 101 101 101 102 104 104 105 105 105 104 105 108 109
95 97 99 101 101 101 102 103 103 104 105 107 108 108 107 104 104 104 103 103 103 103 104 104 104 106 103 100 102 102 103 104 104 104 104 104 104 105 105 106 106 108 107 109 109 109 109 107 106 107 109 109 110 110 109 108 107 105 105 105 104 104 102 102 103 103 103 102 104 102 101 103 103 103 101 101 101 101 100 101 101 101 100 102 104 105 106 106 106 106 105 105 107 110
96 96 98 100 101 102 102 102 103 104 105 105 108 108 106 104 104 104 103 103 103 104 104 104 106 107 106 103 103 103 103 104 104 104 104 104 104 105 105 106 106 107 107 107 109 109 107 106 106 107 107 110 110 109 109 108 107 105 104 104 104 104 104 102 102 102 103 103 102 102 102 102 102 103 102 102 101 101 104 104 103 101 101 104 104 108 108 108 107 107 107 106 105 107
97 97 98 99 100 102 103 104 104 105 105 105 105 106 107 104 104 104 103 103 103 104 104 106 107 111 109 104 104 103 103 104 104 104 104 104 106 106 106 107 107 109 107 109 107 108 107 107 107 107 107 107 108 109 109 107 105 104 104 104 104 102 104 104 104 102 102 102 102 102 102 102 103 102 102 102 102 102 102 104 104 104 104 106 107 110 110 108 107 107 108 107 106 106
97 97 99 99 100 101 103 103 104 104 104 104 104 104 106 106 104 104 104 103 103 104 104 106 107 109 107 106 104 104 104 104 104 104 104 104 106 106 104 104 107 108 109 107 108 107 108 107 107 107 108 107 107 107 107 104 104 104 104 103 104 104 104 103 103 102 102 102 101 101 101 102 102 102 102 102 102 103 104 104 104 104 104 105 107 109 111 109 109 108 108 109 110 107
97 97 98 100 100 100 102 104 104 104 106 106 106 106 106 106 106 104 104 103 103 103 104 106 106 107 106 104 104 104 104 104 104 104 104 104 104 104 104 105 105 105 105 107 108 108 105 105 107 107 107 105 107 107 106 104 104 104 103 103 103 103 103 103 103 103 103 101 102 101 101 101 102 102 102 102 104 104 105 103 104 104 104 106 107 109 109 109 109 109 109 109 111 108
98 98 98 99 100 100 101 104 104 106 106 107 106 106 106 106 106 106 104 103 103 103 104 106 107 107 106 106 104 104 104 104 104 104 104 104 104 104 105 105 105 105 105 107 107 105 107 105 105 105 104 106 107 104 104 104 104 103 103 103 103 102 103 103 103 103 102 102 101 102 102 103 102 103 103 102 104 104 105 104 105 105 105 107 107 107 107 109 109 109 109 109 109 109
100 99 99 101 101 103 103 104 106 108 109 111 109 109 108 106 106 106 106 104 104 104 106 106 106 106 106 104 104 104 103 103 103 104 104 104 104 104 104 104 104 104 106 105 106 106 104 104 104 104 104 104 105 104 104 104 104 104 104 105 104 101 101 102 101 102 102 102 102 102 102 102 102 102 102 102 106 104 106 104 106 106 107 109 107 108 108 107 107 108 111 109 110 109
101 100 100 100 100 101 103 106 106 108 112 113 111 111 108 105 104 104 104 104 104 104 104 104 104 104 104 103 103 103 103 104 104 104 104 104 102 102 104 103 103 103 103 104 103 104 104 103 104 104 105 104 103 102 102 104 104 104 104 102 101 101 99 101 102 103 102 102 103 102 101 102 103 102 102 102 105 105 105 105 105 105 108 109 109 109 109 107 107 107 108 108 110 108
102 102 99 100 100 100 102 104 106 107 111 115 113 111 106 105 104 104 104 104 104 104 104 104 104 104 104 103 103 103 103 105 104 104 104 102 102 102 104 104 104 103 103 102 102 102 102 104 104 104 104 104 104 104 104 104 106 106 104 102 99 98 101 103 103 103 103 103 103 103 102 102 103 103 102 104 105 104 105 106 107 107 108 109 111 109 109 107 107 107 107 109 109 110
102 101 101 103 101 100 101 104 106 107 109 113 111 110 106 104 102 102 103 103 103 103 103 104 104 104 103 103 103 103 104 105 105 105 104 102 104 104 104 103 104 103 103 102 103 102 102 104 104 104 104 103 104 106 106 106 106 104 104 102 101 101 100 103 103 103 104 103 103 103 102 102 103 103 103 104 104 106 106 106 107 109 109 109 111 111 109 108 107 107 108 109 109 112
100 101 101 101 101 100 99 101 104 105 106 108 108 107 104 104 102 101 100 102 103 103 103 103 103 103 103 103 103 103 104 105 104 104 104 104 104 103 103 103 103 102 102 102 102 102 104 104 104 104 104 104 104 105 105 107 104 104 104 103 103 103 103 103 104 104 105 104 104 104 104 104 102 102 103 103 104 104 105 107 108 110 110 110 110 112 110 108 108 108 109 108 111 111
100 101 99 100 99 99 99 100 100 101 104 105 104 104 103 102 102 99 99 100 102 102 102 103 103 103 103 103 103 103 104 104 104 104 104 103 103 103 103 102 102 102 100 101 102 101 101 104 104 104 104 104 104 104 104 105 105 105 104 104 104 103 103 104 105 105 105 106 106 106 104 104 104 104 104 104 105 107 107 107 109 107 110 110 110 110 110 109 107 109 109 109 113 112
101 100 101 100 99 99 99 100 100 100 102 102 102 102 103 102 101 101 100 102 102 102 102 103 103 103 103 103 103 103 102 102 104 102 104 103 104 104 103 102 102 102 101 99 99 99 103 104 104 106 107 107 107 104 105 105 105 105 105 104 104 104 105 105 105 105 106 106 106 106 104 104 105 105 105 104 105 107 107 107 107 109 110 110 110 110 110 107 107 109 109 109 113 110
101 100 99 99 99 99 99 99 99 100 100 101 102 101 100 101 101 101 100 102 102 102 102 102 103 103 103 103 103 103 102 102 102 104 103 104 104 103 104 102 102 100 99 99 99 100 103 106 106 106 107 108 108 105 105 105 107 107 107 107 106 107 107 105 105 106 106 106 106 106 106 106 105 106 106 106 107 107 107 107 107 107 110 110 110 109 110 108 108 110 110 110 110 111
101 100 102 98 98 99 99 99 99 99 100 101 101 101 100 100 101 99 100 100 102 102 102 102 102 102 102 102 102 102 102 102 102 104 106 104 103 104 103 102 102 101 99 100 100 100 102 103 107 107 108 107 108 105 108 110 110 110 110 108 109 109 107 107 106 106 106 106 107 107 107 107 106 106 108 107 107 109 109 107 107 109 109 110 109 110 110 109 110 110 109 110 110 111
100 100 102 98 98 98 99 99 99 99 99 99 99 99 100 99 99 99 100 100 100 100 102 102 102 102 102 102 101 101 101 103 102 103 104 104 104 104 103 104 102 101 100 100 101 101 102 102 104 108 105 105 105 107 108 109 112 110 112 109 110 109 107 107 107 108 107 108 108 108 108 108 110 110 108 110 110 111 111 110 110 110 109 110 111 111 111 111 111 111 110 110 111 112
101 101 98 98 97 97 97 99 99 99 99 99 99 99 99 99 99 99 100 100 100 100 100 102 102 102 102 101 101 101 101 102 102 102 104 106 104 106 104 102 101 101 100 101 101 101 102 102 105 107 105 107 105 107 112 113 113 112 110 110 110 110 110 110 108 108 110 108 108 108 110 110 112 112 110 112 113 113 110 110 110 110 110 111 111 111 112 113 113 112 111 112 111 114
101 99 97 98 98 97 97 99 97 97 98 99 99 99 99 98 99 98 99 99 100 100 100 100 102 100 101 101 101 101 102 102 102 102 102 102 102 100 101 99 101 102 102 101 101 99 99 102 105 108 107 105 107 107 110 112 113 114 112 110 110 110 110 110 108 110 110 108 110 110 112 112 112 113 116 113 113 112 112 110 110 110 113 113 111 110 112 113 113 113 112 110 111 111
101 100 98 98 97 97 97 97 97 97 99 99 99 99 97 98 97 97 97 97 97 99 99 100 101 101 101 101 101 100 100 100 100 101 101 101 101 101 99 100 100 102 101 99 99 98 98 100 103 101 106 106 107 107 111 111 111 111 113 112 112 112 110 110 109 110 112 109 112 110 113 114 114 116 114 114 114 113 113 113 113 113 113 113 114 114 113 111 113 113 111 111 112 112
100 100 101 98 95 95 96 96 97 98 98 99 99 97 96 97 95 95 95 96 96 97 97 99 99 99 99 100 100 100 100 101 99 101 101 101 99 99 100 99 99 99 101 100 98 98 97 98 102 102 103 105 107 108 110 110 110 112 112 110 111 111 112 111 111 113 110 111 113 113 113 114 115 116 114 115 115 115 114 114 115 114 116 114 115 113 113 113 112 112 111 114 112 113
100 100 98 97 97 94 96 98 98 97 98 99 99 99 97 95 95 95 96 96 96 96 97 99 99 99 99 100 100 100 99 99 99 99 99 99 99 99 100 99 99 99 98 97 97 97 97 98 99 102 102 104 107 108 109 109 110 110 110 110 111 110 111 111 111 111 111 113 113 113 113 115 115 115 113 115 115 115 115 115 115 115 116 115 113 113 113 113 112 112 112 112 112 113
100 99 98 97 97 93 97 98 98 99 97 99 99 97 98 97 95 94 95 94 96 96 97 98 98 98 98 99 99 99 99 99 99 98 98 99 99 99 99 99 99 98 98 97 97 96 96 96 99 101 104 106 107 109 109 109 109 110 110 111 111 111 111 111 111 111 112 112 113 113 115 115 115 115 116 116 115 115 116 114 115 117 116 116 115 116 114 112 112 112 111 112 113 114
99 99 95 97 97 96 97 98 99 98 97 100 97 97 98 97 97 95 96 96 97 97 97 97 97 97 97 97 97 97 98 98 98 99 99 99 99 99 99 99 98 98 98 97 98 96 96 98 101 100 103 106 107 108 110 110 108 110 110 111 111 112 112 112 112 112 112 113 114 112 114 114 114 114 114 116 116 116 116 116 117 118 118 118 117 116 116 113 112 115 113 113 115 113
98 98 97 97 97 97 96 99 99 99 97 99 97 100 100 98 98 97 95 96 97 96 98 95 95 95 95 96 96 96 96 96 97 97 97 97 98 98 98 98 98 98 98 98 98 96 97 100 102 102 102 107 109 108 110 110 110 109 110 110 112 112 112 112 112 112 111 112 113 114 114 115 115 115 114 115 116 116 115 118 119 118 118 119 117 116 115 113 114 115 113 116 114 112
98 98 97 97 97 97 97 99 99 99 97 100 99 101 99 99 101 99 96 96 99 99 99 97 95 95 96 94 94 94 95 96 96 96 98 98 98 98 98 98 98 98 98 98 98 98 100 102 104 104 104 107 107 109 110 109 109 107 109 110 112 112 112 111 111 111 112 113 115 115 115 116 115 115 115 115 115 116 116 117 119 119 119 119 117 117 116 114 114 114 116 116 114 112
99 99 97 96 97 97 98 99 99 98 98 100 99 100 101 101 101 101 96 96 100 100 99 97 98 94 94 94 94 94 94 94 96 96 96 98 98 98 98 98 98 98 99 99 99 100 100 102 104 102 104 106 106 106 106 107 106 107 107 110 112 112 111 111 112 113 113 115 116 115 116 115 115 113 115 115 115 114 116 117 117 119 118 118 116 118 116 116 116 114 118 117 114 115
97 97 97 96 97 98 99 98 99 98 98 99 99 99 101 101 101 99 99 96 99 101 101 99 98 94 94 93 92 92 93 93 93 95 95 96 98 98 98 98 98 98 99 101 101 101 102 104 102 103 104 104 104 104 108 109 109 109 108 108 108 108 112 110 110 112 113 116 117 117 116 116 116 116 116 116 114 116 118 116 119 119 118 116 119 119 118 116 116 115 116 119 118 113
98 98 97 97 98 98 101 99 99 99 98 99 99 97 101 99 100 100 99 98 98 99 101 99 97 95 93 92 91 91 91 91 92 92 95 97 98 98 98 98 98 98 99 101 101 101 102 102 104 104 103 105 108 108 108 108 109 109 108 108 109 109 109 110 112 114 116 116 116 117 117 117 117 116 116 114 116 118 118 118 119 119 119 115 119 120 118 117 115 117 119 119 115 114
98 98 99 98 97 98 101 99 98 99 100 97 99 97 99 99 100 100 100 99 98 99 101 99 97 95 93 91 91 91 90 91 91 92 93 97 98 98 98 98 98 98 99 101 101 101 102 104 104 103 103 106 108 108 109 109 109 111 110 109 109 109 110 114 112 114 114 114 116 117 117 117 117 114 118 116 116 116 116 117 119 119 115 115 117 117 115 115 115 120 119 117 117 114
97 99 99 98 98 98 99 101 99 99 100 99 97 99 99 97 99 100 101 101 98 99 98 98 98 94 92 91 91 90 88 89 91 91 94 97 98 100 100 100 100 101 101 101 101 102 102 104 104 103 103 105 105 106 108 109 109 110 112 107 109 109 111 112 114 116 114 116 114 116 116 117 117 115 115 116 115 117 117 119 117 117 115 115 117 117 117 115 117 120 119 116 115 115
99 99 97 98 98 98 98 99 99 101 100 100 98 99 99 100 100 100 99 99 97 98 98 98 94 93 90 89 89 88 88 88 91 92 94 96 98 98 98 99 99 101 101 101 102 102 104 104 103 103 103 103 106 109 107 107 107 107 108 108 112 112 114 112 114 114 114 116 116 118 119 118 116 113 117 114 115 114 115 117 117 115 117 117 120 116 118 119 119 121 122 116 116 115
97 99 97 97 97 99 99 100 99 100 100 101 101 102 99 102 99 100 99 98 95 97 97 96 92 90 89 89 88 88 88 89 89 92 94 96 96 97 99 99 100 100 101 102 102 102 103 103 103 103 103 106 107 110 112 112 111 109 109 109 112 113 115 113 113 115 115 115 115 118 118 116 117 115 115 115 111 115 113 113 113 116 119 115 116 118 118 119 123 122 122 119 118 115
97 99 99 97 98 98 99 100 100 99 100 101 101 102 101 100 100 100 98 97 95 98 95 94 93 90 89 90 88 88 88 89 89 92 94 96 96 97 98 100 100 100 101 102 102 102 101 103 103 103 103 106 106 106 109 109 109 109 109 113 112 113 113 115 115 115 115 115 116 115 115 114 115 117 116 115 116 116 115 118 115 116 119 118 116 116 120 117 123 125 120 121 118 116
99 99 98 98 97 98 98 99 100 100 101 99 102 104 102 102 100 99 98 97 95 91 93 93 93 92 89 88 88 88 89 89 89 92 94 94 96 96 98 100 100 100 101 102 102 101 101 103 103 103 104 106 106 106 109 109 109 109 109 110 112 113 112 113 115 115 115 115 116 115 115 114 117 116 115 115 116 115 117 116 115 116 119 119 118 122 117 117 119 121 121 121 118 114
