grids/precipitation/jul/RSMS_07_1883_01.asc
NCOLS 654
NROWS 866
XLLCORNER 3280414.711633467
YLLCORNER 5237500.62890625
CELLSIZE 1000
NODATA_VALUE -999
[rows 378 to 419 of 866, columns 288 to 383 of 654]
92 92 93 106 105 108 114 114 111 115 114 114 115 116 120 120 126 129 131 137 147 147 155 151 153 159 165 165 184 179 191 193 165 165 165 179 155 149 172 152 148 150 149 140 122 122 122 121 126 123 119 117 119 115 114 114 103 103 106 104 104 105 101 101 98 96 94 92 90 85 89 93 93 93 88 85 86 83 87 86 87 86 89 86 84 84 83 78 79 79 82 83 83 82 79 82
96 92 96 109 108 107 114 119 116 113 113 111 113 120 120 119 121 124 131 136 138 145 141 146 146 152 154 160 154 166 169 170 150 176 156 166 165 172 167 155 139 127 147 134 119 127 129 116 136 126 122 123 124 121 119 116 114 95 107 104 106 103 103 109 100 97 94 96 96 92 89 89 85 90 90 86 83 84 85 89 87 85 85 83 83 83 82 83 83 81 81 80 82 79 78 84
87 92 99 107 112 110 112 114 113 117 113 108 108 109 115 123 122 121 125 130 133 135 139 144 142 144 151 148 158 156 151 151 147 143 149 169 161 156 168 140 132 134 142 132 113 132 122 129 119 110 115 124 119 111 111 110 108 107 94 106 109 108 107 110 107 99 97 99 92 97 92 92 92 89 86 87 89 87 83 85 88 86 84 83 83 81 82 82 82 81 83 85 83 82 79 82
96 89 93 100 107 115 111 115 109 115 117 109 112 106 106 117 128 125 125 126 129 131 135 138 138 139 139 145 139 138 136 137 138 145 152 155 154 170 157 133 126 127 130 126 112 120 119 116 107 101 119 124 115 120 103 113 95 102 113 108 108 107 107 110 104 102 96 97 96 97 86 95 92 92 90 91 89 87 83 84 83 81 81 81 82 79 75 77 80 80 79 78 80 80 84 84
96 92 97 101 105 111 111 110 109 112 108 108 105 106 103 103 111 112 116 129 132 128 131 133 133 134 138 135 144 138 136 145 146 143 147 157 155 157 139 135 129 120 120 114 108 119 115 125 105 102 114 104 117 114 99 110 107 118 113 109 110 110 109 109 100 99 101 98 99 98 97 97 95 93 93 91 92 86 83 82 83 79 76 75 77 77 79 80 78 79 83 81 80 77 77 77
88 92 96 97 99 103 108 107 103 103 103 107 103 101 103 98 103 104 115 122 127 132 134 127 128 134 132 134 137 139 134 138 130 130 137 149 134 136 130 130 117 115 108 108 107 107 107 107 107 100 100 102 109 110 114 98 108 100 101 110 109 109 106 111 103 103 101 96 97 101 99 97 99 98 93 90 87 88 87 84 85 80 80 74 75 79 79 81 81 78 79 77 75 74 82 82
94 92 92 101 100 99 102 100 104 101 105 109 102 98 95 96 103 103 110 118 121 125 119 123 133 131 125 127 133 131 136 130 130 128 127 136 129 137 126 116 113 111 107 104 106 101 101 103 98 96 94 101 98 102 113 98 114 118 117 108 109 103 111 104 103 90 98 97 97 102 101 97 100 97 93 91 89 84 81 84 83 78 80 78 76 73 78 75 79 79 72 78 81 79 80 82
105 104 93 107 101 100 102 104 103 101 98 100 98 96 96 101 100 109 103 107 116 114 111 120 124 132 126 133 134 132 125 129 137 133 134 125 124 126 124 118 110 107 102 100 105 102 102 105 97 89 80 88 93 95 93 97 100 110 111 99 103 103 104 108 101 96 107 97 102 102 112 101 99 97 92 93 91 87 87 83 77 77 78 79 78 78 76 77 77 75 77 80 82 80 79 78
96 99 104 106 99 101 101 98 96 97 95 95 100 95 97 97 98 104 108 100 103 105 111 116 119 120 116 119 120 124 119 125 126 128 129 119 117 117 115 109 105 105 98 100 99 107 109 99 106 94 89 87 92 94 92 95 95 95 93 90 100 110 108 108 102 107 102 95 105 107 103 98 101 98 97 94 90 87 81 77 82 80 74 74 72 75 72 78 79 80 76 79 80 81 80 79
89 88 97 102 93 91 95 95 93 95 93 94 93 94 93 99 95 104 108 105 105 99 107 108 107 111 112 112 112 120 116 113 120 121 122 119 109 109 112 109 105 100 92 100 102 98 105 101 97 93 89 97 99 90 90 93 90 92 92 90 96 107 100 105 103 105 98 91 102 102 101 102 97 98 95 92 93 84 87 84 77 81 79 76 72 73 73 78 75 82 78 78 79 76 75 74
83 87 91 96 96 91 97 94 99 94 91 90 91 92 93 95 94 98 103 110 111 105 98 98 102 102 107 107 105 105 110 113 120 120 116 114 112 104 101 101 106 101 100 96 96 96 97 99 92 91 92 88 88 90 90 89 87 87 89 91 91 91 97 105 103 107 94 97 96 94 106 102 94 94 98 93 92 94 86 83 82 78 78 75 76 74 76 79 80 80 79 76 77 76 74 75
77 87 90 96 88 90 96 95 95 96 95 96 94 92 95 93 92 93 97 105 109 108 97 106 108 108 108 103 113 108 120 118 120 116 112 108 106 101 95 93 96 99 96 99 99 94 95 92 96 95 101 91 98 87 89 94 94 94 94 96 91 92 93 97 91 99 98 108 96 103 103 96 101 101 97 96 94 93 90 85 83 83 80 78 78 75 79 83 81 77 77 74 74 75 73 74
82 82 86 91 91 89 86 88 93 96 98 95 92 92 93 91 90 89 90 99 103 101 101 107 111 105 105 105 108 113 116 110 118 109 108 104 101 98 96 96 93 95 96 98 96 91 93 99 100 102 98 100 92 97 86 92 92 97 97 92 96 91 92 90 90 90 97 90 95 106 101 93 100 96 97 95 97 96 93 89 88 80 76 76 79 81 83 81 80 75 69 69 74 71 70 73
75 77 86 94 99 88 88 86 86 94 96 92 89 95 92 89 88 87 93 94 100 98 101 102 107 99 115 103 108 105 105 104 111 103 103 95 95 96 96 93 96 96 93 91 91 93 93 97 94 92 96 96 96 91 86 92 96 97 96 91 94 92 95 97 91 91 92 97 92 99 100 91 100 101 99 99 100 96 93 93 89 84 77 77 78 77 79 77 74 75 71 70 65 66 71 72
81 90 87 95 97 87 92 93 92 96 98 96 98 95 92 89 88 87 94 92 95 102 107 108 100 110 106 110 115 123 105 106 106 104 99 98 95 95 95 91 93 93 91 91 90 91 90 94 87 91 91 93 90 90 86 87 91 91 90 95 90 87 96 102 99 90 95 91 96 90 102 104 98 100 100 100 99 93 96 88 89 88 83 79 75 72 72 75 74 73 70 68 65 67 70 72
86 85 90 95 87 87 90 90 88 95 99 92 98 93 89 89 86 85 86 85 95 97 103 110 108 105 116 114 120 112 104 111 109 106 98 98 95 95 95 91 93 93 90 91 91 90 93 87 86 84 88 90 91 90 86 84 93 86 87 89 92 91 97 95 101 101 91 91 90 92 97 101 92 91 92 92 93 84 89 87 85 80 78 73 69 72 77 75 71 70 66 66 65 68 67 68
80 85 88 81 81 89 91 89 87 92 94 94 99 93 92 90 91 87 85 86 89 89 92 97 99 112 112 117 126 119 111 109 103 104 103 96 93 91 91 91 91 91 90 89 92 89 86 84 86 85 83 85 88 85 85 88 88 87 89 86 88 90 89 95 100 102 90 90 90 95 87 84 90 87 85 88 91 92 85 84 81 79 76 75 72 73 72 72 69 72 69 65 67 66 66 67
80 76 77 82 87 90 85 87 86 89 92 97 88 87 87 95 93 89 89 88 91 92 95 95 105 109 110 117 119 106 108 103 98 101 104 93 104 95 96 95 93 91 93 92 91 87 89 90 86 88 88 87 85 85 84 84 84 82 86 88 85 87 88 90 93 96 100 97 88 92 99 99 101 99 98 97 95 90 85 83 84 83 74 74 80 81 79 74 69 68 65 64 64 65 64 66
72 74 76 80 79 82 86 85 86 88 95 94 94 88 90 92 90 88 89 89 99 95 99 93 95 110 101 113 108 109 108 104 101 95 101 95 98 98 96 101 95 95 95 96 92 91 89 90 88 86 89 87 85 84 84 84 84 82 85 83 84 86 88 88 92 92 94 94 87 93 97 99 91 89 88 84 89 87 83 78 78 77 81 83 82 78 74 73 69 67 66 66 66 67 68 68
73 76 81 81 81 80 88 84 86 87 92 97 90 91 91 90 89 90 92 94 91 97 102 98 107 102 109 113 128 116 129 104 101 95 95 93 98 101 98 96 101 93 90 96 97 92 93 93 91 90 89 90 87 87 86 84 82 83 85 84 84 85 86 86 87 87 91 93 90 88 94 93 85 85 86 82 81 79 81 79 81 85 82 80 79 74 74 69 67 66 67 67 67 67 68 68
82 85 84 86 86 83 85 86 86 93 96 99 96 96 94 92 92 90 90 89 88 90 98 96 120 116 118 111 120 126 112 102 97 96 98 93 90 90 90 98 95 92 92 87 91 93 95 93 97 95 94 97 92 86 85 85 85 85 86 84 85 86 86 87 86 86 91 91 95 88 88 89 87 84 84 82 81 80 79 77 78 78 78 79 79 75 73 72 69 69 67 68 70 69 68 68
79 84 84 92 86 84 88 86 85 87 99 97 95 101 101 95 92 91 87 89 86 93 90 105 118 122 120 116 118 120 110 100 99 94 96 96 96 99 91 89 93 93 92 87 86 86 90 92 90 90 96 96 90 88 90 85 89 86 86 87 86 86 87 86 87 87 88 89 89 89 91 89 88 86 83 81 85 82 82 82 81 80 81 82 81 78 76 73 72 70 68 68 69 71 69 70
83 88 87 87 94 86 86 88 90 88 90 96 97 93 92 103 93 89 87 93 89 95 90 97 99 123 119 118 113 118 120 109 99 100 110 103 95 98 98 92 89 87 86 86 86 86 85 89 85 85 87 93 93 90 95 92 97 92 93 87 86 86 87 89 87 88 89 90 90 90 90 91 89 87 85 83 83 82 81 83 87 86 88 87 82 79 77 74 73 71 71 70 69 69 72 73
89 90 90 86 84 88 86 91 94 94 92 95 106 95 95 99 93 91 93 95 92 102 97 94 96 114 114 106 119 116 116 103 100 99 97 95 98 117 118 115 93 91 91 86 93 91 88 87 90 86 86 88 86 92 94 97 101 98 95 92 95 90 90 89 87 88 89 90 91 91 94 92 90 90 88 86 83 80 79 81 86 87 89 86 83 80 79 76 75 73 74 72 71 72 72 73
95 92 93 84 86 90 90 92 95 95 99 101 102 106 105 107 104 98 97 101 91 98 101 104 96 114 107 110 115 115 113 106 107 115 102 114 117 116 116 103 102 92 87 86 88 90 95 90 87 89 90 86 88 87 93 95 102 100 99 99 93 97 97 91 90 89 90 91 92 93 91 93 93 103 95 97 103 87 82 81 81 83 82 82 81 80 79 79 79 76 75 76 74 75 74 73
90 93 91 88 88 91 94 95 95 98 101 102 102 102 99 104 105 107 103 107 99 99 106 110 104 98 108 111 118 115 101 100 97 100 100 101 108 99 105 102 104 92 86 86 91 96 95 90 90 89 88 90 89 87 89 95 103 101 101 103 100 99 97 101 100 91 98 102 97 103 103 104 106 110 114 112 109 104 109 87 86 85 86 84 83 82 80 80 80 80 81 77 79 78 76 76
90 96 91 90 90 92 94 101 96 94 99 102 102 102 92 100 101 103 104 110 111 110 111 110 106 109 100 100 110 110 98 95 95 95 102 99 93 91 90 89 86 86 87 96 102 107 105 102 110 94 112 94 91 89 88 88 94 101 97 100 95 100 103 105 96 99 108 108 103 103 106 105 109 107 109 104 110 112 106 99 100 93 89 85 84 82 81 81 81 83 83 82 80 79 78 77
88 93 93 88 88 92 96 98 96 93 94 102 106 102 96 97 98 103 107 110 106 113 108 104 104 104 102 102 99 97 98 96 97 92 92 91 90 95 92 92 94 96 106 111 111 111 110 105 107 108 106 99 92 105 90 90 89 90 99 96 102 99 100 102 104 105 109 106 103 104 103 103 101 101 100 107 107 104 105 108 107 104 96 90 83 80 82 81 81 84 85 85 82 81 79 78
95 88 90 89 90 92 92 91 92 101 102 99 102 101 99 98 102 102 103 106 109 113 108 100 102 106 105 102 95 95 94 98 98 92 94 102 103 98 95 115 114 112 111 107 111 108 105 104 104 103 104 102 108 108 104 95 92 90 89 91 96 96 101 101 110 104 107 106 109 110 113 109 100 92 101 101 109 109 104 97 95 101 96 93 84 81 82 82 83 84 89 89 85 83 80 79
90 84 88 92 90 90 96 92 97 99 102 101 97 93 94 96 97 98 103 106 105 105 105 102 102 103 104 102 99 92 93 94 89 95 100 103 101 96 107 115 112 112 106 109 101 96 104 100 94 100 102 109 112 112 109 107 106 103 95 97 89 93 98 102 95 108 115 107 108 108 109 105 100 94 99 107 107 109 106 107 101 96 92 89 86 86 83 82 82 83 87 90 85 84 83 79
86 100 90 90 89 92 96 96 94 99 96 96 96 102 100 99 103 99 102 98 99 102 103 102 102 100 100 100 97 92 91 89 90 92 94 93 98 96 107 110 110 110 106 105 96 96 99 96 92 96 102 106 108 110 116 116 102 108 109 111 92 89 93 97 98 102 108 117 104 100 99 101 100 98 94 99 107 102 107 105 101 99 95 89 88 84 82 83 82 83 85 91 86 85 82 78
86 90 85 87 91 91 97 88 94 92 96 97 115 111 114 106 110 110 106 103 105 101 105 100 100 100 98 97 97 91 88 89 93 92 94 96 95 106 113 110 113 111 104 96 101 94 95 94 92 93 95 99 103 107 108 114 114 110 110 97 94 95 90 89 96 99 108 111 110 105 99 100 98 99 99 98 98 101 101 99 95 96 93 89 86 84 83 84 83 84 84 85 85 84 84 80
89 94 90 94 96 88 94 90 95 99 120 105 101 111 113 114 117 115 120 122 106 104 105 103 100 98 96 94 95 91 86 90 89 87 89 91 95 109 112 108 105 104 104 96 98 90 96 94 91 95 95 97 101 101 107 111 111 103 97 94 113 112 96 91 92 92 100 103 110 108 103 103 101 106 109 104 101 105 99 98 93 92 91 89 87 84 85 84 84 84 85 85 84 84 83 82
95 101 93 104 99 94 92 91 110 114 110 115 111 103 108 112 119 112 112 118 123 110 106 114 107 101 100 95 93 90 88 85 82 85 89 95 112 108 107 102 98 99 97 106 105 94 92 86 86 93 95 96 97 100 103 109 112 104 95 109 112 116 98 97 96 93 93 96 96 102 107 100 98 108 115 117 113 104 99 97 96 95 92 90 89 86 86 85 84 85 84 84 84 84 82 82
99 101 97 112 116 109 95 94 93 112 113 115 106 112 105 103 108 112 116 116 123 121 112 113 110 105 101 107 102 102 98 92 89 90 104 106 104 101 98 97 98 95 99 101 102 102 99 98 95 85 92 94 94 97 103 107 109 108 109 109 112 118 112 114 113 99 98 105 98 98 99 100 108 98 105 110 115 117 102 99 96 95 92 90 88 87 90 91 86 86 85 85 85 84 83 82
100 114 102 118 114 104 95 101 104 98 115 116 115 116 116 116 114 110 118 119 120 116 114 111 108 109 113 110 112 109 104 101 97 100 99 101 99 96 93 93 95 102 99 103 104 99 99 100 93 91 90 96 97 100 100 104 104 104 107 101 113 119 116 114 108 106 108 109 113 110 102 107 100 98 108 122 114 110 111 105 96 95 93 89 88 87 87 90 92 92 91 89 85 84 84 83
101 107 116 116 114 101 112 103 102 97 97 113 114 115 122 119 116 122 122 119 116 115 108 111 111 111 113 116 112 107 105 100 97 97 99 97 99 95 93 93 102 99 101 103 103 97 94 94 90 92 94 94 94 100 99 95 99 102 102 103 106 110 118 119 117 116 117 114 107 119 116 122 119 110 109 118 120 121 112 112 109 98 94 91 89 88 87 90 95 94 94 91 89 85 84 83
112 104 105 113 113 101 108 113 112 108 105 110 112 116 120 124 119 123 120 118 116 107 105 104 106 106 107 110 115 114 109 105 101 98 99 103 101 99 98 100 102 98 101 103 100 97 94 92 91 90 92 99 96 95 95 97 94 98 102 101 102 106 113 117 118 117 115 115 108 118 121 117 106 108 98 110 108 109 113 117 107 102 99 90 89 88 87 90 93 96 100 97 93 93 86 84
114 107 101 101 99 104 113 116 116 105 100 106 112 111 116 117 125 125 120 115 113 109 108 103 101 104 105 107 109 110 106 105 106 105 105 104 103 99 102 105 102 98 96 101 100 95 94 93 93 93 90 91 93 96 97 96 96 96 97 99 98 102 106 112 116 117 114 113 112 114 116 115 113 108 107 101 100 101 105 102 104 104 93 93 91 90 87 88 92 95 98 104 97 97 93 87
103 109 110 103 101 100 101 105 113 116 111 97 102 101 106 111 119 123 124 119 115 115 110 104 101 103 103 102 102 102 102 100 101 103 102 101 103 104 107 105 103 101 99 97 100 98 97 92 90 88 88 87 88 90 95 99 97 96 95 96 96 98 102 107 112 113 112 111 109 108 110 109 109 103 102 97 97 102 104 102 98 95 92 98 98 95 89 88 90 93 95 103 103 100 92 95
98 108 105 110 117 108 107 106 107 112 103 110 98 101 100 106 112 121 121 122 119 115 113 109 103 107 97 102 100 99 96 99 98 100 100 99 96 96 98 100 101 101 101 97 96 98 94 94 93 91 88 89 88 88 90 96 98 98 97 97 93 95 98 102 105 108 112 110 107 106 104 106 105 99 99 94 96 99 98 99 95 94 93 92 95 100 93 90 90 92 96 102 106 98 99 95
113 112 118 118 110 112 118 108 106 103 104 104 105 99 103 105 121 124 115 122 119 116 114 111 113 110 107 100 100 95 94 95 98 97 97 96 96 96 95 99 94 99 99 97 97 96 97 97 94 91 90 92 91 90 92 92 96 96 98 95 94 93 100 102 103 106 105 105 103 100 100 100 108 95 95 93 95 93 93 92 92 93 95 94 93 93 96 94 90 92 95 98 103 104 103 97
