grids/precipitation/jul/RSMS_07_1883_01.asc
NCOLS 654
NROWS 866
XLLCORNER 3280414.711633467
YLLCORNER 5237500.62890625
CELLSIZE 1000
NODATA_VALUE -999
[rows 546 to 587 of 866, columns 384 to 479 of 654]
106 113 112 116 117 114 122 122 116 112 112 118 122 125 125 113 125 121 116 121 128 140 134 135 141 136 139 146 147 142 140 143 141 138 140 139 144 148 155 146 144 143 147 143 142 139 141 131 128 130 126 125 123 121 126 125 116 119 114 112 115 112 112 96 108 98 -999 -999 -999 -999 -999 -999 -999 -999 -999 -999 -999 -999 -999 -999 -999 -999 -999 -999 -999 -999 -999 -999 -999 -999 -999 -999 -999 -999 -999 -999
105 105 108 110 115 111 117 118 118 115 110 110 110 111 111 112 125 124 119 116 118 123 125 136 127 138 136 141 142 136 133 139 137 138 142 142 150 156 150 147 149 149 147 146 144 143 138 133 130 126 127 123 123 120 122 120 118 118 117 117 116 114 113 121 112 106 102 -999 -999 -999 -999 -999 -999 -999 -999 -999 -999 -999 -999 -999 -999 -999 -999 -999 -999 -999 -999 -999 -999 -999 -999 -999 -999 -999 -999 -999
111 108 107 108 111 109 112 111 113 110 109 115 121 125 126 112 123 123 123 118 118 118 124 132 137 128 134 140 138 135 134 133 133 141 145 141 146 148 147 149 149 153 150 145 145 140 135 134 130 126 124 124 122 122 119 121 121 119 118 116 114 113 112 115 109 104 100 96 96 -999 -999 -999 -999 -999 -999 -999 -999 -999 -999 -999 -999 -999 -999 -999 -999 -999 -999 -999 -999 -999 -999 -999 -999 -999 -999 -999
114 110 114 111 107 107 108 107 109 112 112 111 112 127 126 116 112 123 120 119 116 118 119 133 133 136 132 137 137 132 134 129 143 149 152 150 147 153 151 151 153 155 151 149 144 144 136 130 131 128 126 122 122 126 123 122 122 117 115 114 112 109 110 108 108 105 98 101 100 102 -999 -999 -999 -999 -999 -999 -999 -999 -999 -999 -999 -999 -999 -999 -999 -999 -999 -999 -999 -999 -999 -999 -999 -999 -999 -999
122 112 109 107 114 113 112 110 108 109 109 113 116 118 130 124 115 109 115 118 114 115 117 129 134 129 133 134 137 137 133 137 138 150 161 160 160 160 160 159 154 160 156 147 146 140 137 130 126 122 126 124 126 124 124 118 119 118 118 117 114 111 107 109 106 100 103 104 107 105 -999 -999 -999 -999 -999 -999 -999 -999 -999 -999 -999 -999 -999 -999 -999 -999 -999 -999 -999 -999 -999 -999 -999 -999 -999 -999
116 115 113 107 114 109 115 107 108 107 107 108 109 115 128 128 122 114 109 112 107 109 113 127 127 124 130 129 135 133 138 132 136 145 149 155 167 164 166 159 164 167 155 146 143 145 139 131 129 123 122 118 118 121 120 115 119 119 119 119 112 109 109 102 102 104 107 114 109 111 -999 -999 -999 -999 -999 -999 -999 -999 -999 -999 -999 -999 -999 -999 -999 -999 -999 -999 -999 -999 -999 -999 -999 -999 -999 -999
122 117 112 115 112 112 111 110 109 106 106 106 112 112 127 122 126 121 106 113 105 110 109 114 128 134 129 131 129 128 136 141 147 152 148 140 149 150 158 176 179 157 152 144 143 143 137 130 127 127 127 117 112 112 113 120 115 115 114 112 111 111 108 108 109 119 115 114 112 112 114 111 105 -999 -999 -999 -999 -999 -999 -999 -999 -999 -999 -999 -999 -999 -999 -999 -999 -999 -999 -999 -999 -999 -999 -999
131 113 114 113 116 117 115 116 112 110 108 105 105 109 119 108 108 109 105 118 109 105 108 110 122 129 127 129 121 132 138 146 143 137 143 150 153 146 151 176 182 159 145 144 140 134 134 131 128 131 123 115 115 111 115 113 111 116 111 111 108 107 108 115 117 112 112 112 112 114 116 111 109 104 -999 -999 -999 -999 -999 -999 -999 -999 -999 -999 -999 -999 -999 -999 -999 -999 -999 -999 -999 -999 -999 -999
125 124 116 116 115 113 112 113 113 108 111 104 107 105 106 110 104 102 116 115 117 108 106 109 113 113 116 117 131 128 128 131 147 155 149 144 155 161 148 157 167 162 148 147 139 129 129 129 129 121 113 110 107 107 112 111 111 109 111 106 109 108 108 111 112 112 112 112 112 112 116 107 103 103 103 98 -999 -999 -999 -999 -999 -999 -999 -999 -999 -999 -999 -999 -999 -999 -999 -999 -999 -999 -999 -999
126 128 129 121 115 116 115 112 114 114 113 102 103 103 106 106 115 101 110 118 118 111 107 108 112 112 116 125 129 139 138 148 154 155 148 150 159 165 156 153 157 171 155 143 138 127 126 128 120 118 110 116 109 107 109 115 113 109 109 109 105 105 109 115 116 113 118 116 116 115 115 108 107 99 103 103 -999 -999 -999 -999 -999 -999 -999 -999 -999 -999 -999 -999 -999 -999 -999 -999 -999 -999 -999 -999
125 125 127 120 113 122 116 117 121 121 108 102 99 101 100 105 101 101 101 104 107 118 114 111 111 113 116 125 123 122 138 150 151 157 149 149 153 164 161 162 152 159 157 137 128 123 121 117 114 114 118 115 112 113 115 116 112 108 111 109 117 114 116 121 116 115 119 118 113 112 116 107 101 98 104 105 103 100 -999 -999 -999 -999 -999 -999 -999 -999 -999 -999 -999 -999 -999 -999 -999 -999 -999 -999
123 123 126 120 123 128 118 117 121 113 105 101 98 96 97 101 101 101 102 102 106 111 115 117 114 114 113 120 118 129 137 152 157 153 152 145 147 152 162 152 150 150 156 145 128 124 120 118 123 122 122 116 116 121 119 114 112 111 109 108 117 120 120 126 116 113 112 113 112 108 106 104 99 98 105 106 108 103 102 102 108 116 -999 -999 -999 -999 -999 -999 -999 -999 -999 -999 -999 -999 -999 -999
121 121 124 123 123 120 112 114 109 107 102 102 100 92 92 95 99 103 101 103 104 110 119 113 113 114 113 115 128 131 142 157 164 157 145 160 156 152 152 150 149 141 143 140 133 134 126 126 127 136 142 122 116 120 116 108 109 116 116 112 119 123 122 119 112 109 112 109 109 114 107 103 101 100 105 108 108 103 105 103 104 109 -999 -999 -999 -999 -999 -999 -999 -999 -999 -999 -999 -999 -999 -999
118 118 120 122 121 114 123 112 109 106 102 107 98 101 93 94 98 102 104 108 103 103 108 116 112 112 113 115 122 125 149 158 166 161 150 154 155 159 152 145 140 139 137 137 141 145 134 132 120 142 138 122 127 119 123 112 107 110 119 122 116 125 117 115 115 114 111 108 107 110 107 102 100 105 103 109 109 106 106 107 104 106 109 115 114 117 -999 -999 -999 -999 -999 -999 -999 -999 -999 -999
116 118 119 118 120 117 119 118 111 110 109 108 102 98 97 95 99 108 107 106 106 102 106 119 118 112 113 115 122 138 149 156 168 151 145 157 163 160 148 143 137 139 136 134 129 132 130 134 144 149 132 124 122 116 112 110 113 113 116 115 116 113 112 113 113 112 113 106 109 106 105 102 100 105 104 107 110 107 110 109 107 109 108 110 114 120 -999 -999 -999 -999 -999 -999 -999 -999 -999 -999
119 118 117 120 121 117 116 110 118 105 106 99 98 101 98 95 95 98 107 105 107 104 100 109 118 116 115 117 122 137 142 157 166 141 154 156 169 160 145 139 137 137 134 131 126 126 132 131 134 138 128 123 116 111 111 112 118 115 116 119 116 110 109 109 110 113 112 107 107 105 102 106 108 107 107 107 110 115 110 112 109 111 108 111 119 126 -999 -999 -999 -999 -999 -999 -999 -999 -999 -999
115 118 119 121 120 115 112 114 115 106 100 98 104 105 103 98 94 96 100 101 107 103 101 103 107 105 119 117 117 123 128 126 150 140 154 165 162 163 154 149 139 132 128 128 127 122 126 128 125 128 131 127 115 112 109 109 119 114 122 123 116 112 119 111 106 114 108 108 105 105 103 106 106 109 112 113 110 110 120 108 113 120 113 112 124 -999 -999 -999 -999 -999 -999 -999 -999 -999 -999 -999
111 116 122 120 118 114 113 112 114 110 105 100 102 98 98 96 97 94 96 100 106 100 99 101 109 118 107 110 109 113 115 123 131 121 153 161 160 156 157 159 141 135 127 126 126 119 122 125 125 122 126 122 117 112 112 112 113 115 117 119 119 118 120 112 104 109 105 107 104 106 101 107 108 107 107 108 110 111 125 116 119 125 118 122 120 -999 -999 -999 -999 -999 -999 -999 -999 -999 -999 -999
110 116 122 119 119 115 111 115 118 118 106 104 99 97 102 102 96 96 95 96 98 98 99 99 101 106 108 115 115 110 112 118 128 121 134 141 152 141 149 144 153 146 129 121 120 124 118 121 125 119 122 119 119 116 110 118 115 121 121 127 122 116 107 107 106 104 104 106 104 106 107 113 111 110 110 110 111 111 118 124 115 124 124 120 121 123 -999 -999 -999 -999 -999 -999 -999 -999 -999 -999
112 115 120 119 119 109 116 108 113 110 106 107 105 103 105 102 99 100 98 95 96 96 97 98 107 108 110 116 117 108 108 111 116 125 133 148 152 152 136 136 146 141 132 126 124 120 118 122 121 118 116 118 120 114 113 117 122 122 125 122 113 107 110 107 106 106 104 106 106 107 107 104 107 110 108 108 110 110 112 115 115 115 115 115 121 120 118 120 115 120 -999 -999 -999 -999 -999 -999
115 114 117 116 116 109 118 109 114 110 106 105 103 103 105 104 104 100 96 95 95 94 97 95 100 108 114 121 119 110 115 112 114 114 120 124 130 141 142 128 128 123 122 126 121 120 117 114 115 113 113 119 119 115 113 120 126 126 122 116 116 110 105 104 105 104 107 104 104 107 107 107 104 103 100 104 103 106 107 108 108 110 111 114 114 115 120 116 115 118 -999 -999 -999 -999 -999 -999
109 111 116 116 114 113 104 115 110 112 108 104 105 103 101 96 100 95 96 95 96 96 100 96 95 101 110 118 114 117 114 120 118 122 122 120 119 122 130 120 126 118 123 126 122 123 123 117 110 110 114 115 123 122 124 137 136 116 117 116 111 107 108 107 103 101 103 103 104 104 104 106 106 104 103 101 101 102 105 108 109 109 109 112 112 110 119 126 118 113 113 -999 -999 -999 -999 -999
107 107 114 106 111 111 105 103 101 104 104 103 105 103 102 100 96 98 100 94 94 94 100 99 95 96 99 111 111 116 117 115 121 118 118 117 116 116 118 119 117 116 114 118 129 125 121 118 111 117 114 123 127 133 140 137 127 122 111 110 114 107 108 103 101 104 104 104 104 103 101 104 104 103 100 101 101 102 102 104 107 107 109 109 109 113 118 119 118 115 115 -999 -999 -999 -999 -999
104 104 109 104 116 104 101 101 108 111 113 107 106 106 101 101 96 100 101 96 94 105 100 102 105 100 97 101 107 110 113 116 121 119 119 116 116 116 112 115 115 113 114 111 112 121 118 121 114 108 118 123 129 141 138 148 112 107 107 111 108 107 106 104 103 104 106 106 103 104 103 101 101 100 99 99 104 102 104 106 107 110 110 110 112 112 118 118 115 116 -999 -999 -999 -999 -999 -999
104 103 105 109 116 108 99 104 108 106 101 101 101 102 104 100 99 98 98 101 101 96 97 97 98 111 103 99 100 101 108 111 113 119 119 116 114 114 114 111 112 110 112 111 111 112 112 121 121 111 121 127 133 138 139 129 116 113 112 103 107 109 104 104 103 106 106 104 104 103 103 101 101 99 99 99 96 96 103 107 109 112 115 115 116 115 119 118 118 -999 -999 -999 -999 -999 -999 -999
104 104 102 103 109 113 104 104 101 113 104 101 103 103 109 101 97 98 99 102 100 98 97 98 99 104 102 94 100 101 104 106 110 115 114 114 113 112 114 109 111 109 107 108 110 110 110 126 123 109 115 118 127 132 138 118 112 112 110 106 107 106 104 104 106 104 104 104 104 104 104 102 101 102 99 98 96 98 101 107 110 113 116 121 118 122 125 123 124 -999 -999 -999 -999 -999 -999 -999
107 106 102 100 101 101 111 111 110 111 110 103 107 107 105 101 99 101 103 104 106 105 102 96 99 101 98 96 101 102 101 102 107 110 111 113 109 112 107 111 111 111 109 110 110 111 110 116 125 119 111 111 120 127 130 121 112 108 107 107 107 107 106 106 107 107 107 106 106 106 106 104 105 105 102 98 98 100 104 110 113 118 119 122 128 125 126 123 124 -999 -999 -999 -999 -999 -999 -999
112 109 107 102 101 102 106 111 103 104 109 106 104 114 106 102 103 111 108 106 105 106 101 99 99 104 98 97 99 99 103 102 111 107 108 110 110 109 107 108 107 107 109 107 110 112 112 116 129 128 124 108 117 126 126 121 115 108 107 109 110 106 116 107 107 110 106 104 106 106 106 104 104 105 104 101 100 101 106 112 115 121 122 135 129 126 123 -999 -999 -999 -999 -999 -999 -999 -999 -999
112 112 108 104 103 111 106 101 101 106 112 108 112 111 108 103 112 115 109 107 105 100 101 96 99 102 107 96 98 99 106 113 114 110 109 108 109 106 103 105 105 108 109 109 107 108 108 115 118 119 130 118 110 115 118 118 114 111 109 109 109 109 112 110 107 110 107 110 110 109 112 112 107 105 99 105 104 106 109 115 116 121 126 125 130 123 120 -999 -999 -999 -999 -999 -999 -999 -999 -999
115 113 109 106 104 99 109 97 110 101 102 102 106 109 111 110 111 117 116 109 107 103 98 92 97 101 103 95 98 98 106 109 113 110 111 105 106 104 103 102 101 104 107 107 110 108 110 115 112 115 119 117 120 111 111 114 112 111 113 110 110 112 112 112 112 107 110 112 115 113 112 114 114 112 111 110 110 111 113 116 119 125 123 121 131 130 -999 -999 -999 -999 -999 -999 -999 -999 -999 -999
117 118 114 106 106 110 104 101 111 100 100 104 102 104 115 108 114 111 112 106 103 102 98 95 99 97 103 106 98 99 100 104 111 113 109 112 107 106 103 102 101 102 104 107 112 107 108 109 116 113 121 121 124 114 111 114 108 108 108 109 109 112 113 112 113 106 104 113 113 110 115 115 114 114 114 111 111 114 115 122 123 119 120 121 128 137 -999 -999 -999 -999 -999 -999 -999 -999 -999 -999
117 118 113 107 100 109 104 105 100 99 101 103 102 106 105 104 112 110 112 105 108 105 101 99 97 101 104 105 99 99 99 102 102 110 111 111 110 107 102 101 108 107 103 104 109 115 112 112 118 121 126 132 124 123 115 112 115 111 109 107 110 112 113 112 115 107 112 113 115 116 118 118 117 114 115 111 114 115 115 123 123 121 121 121 127 136 -999 -999 -999 -999 -999 -999 -999 -999 -999 -999
118 119 114 112 105 104 103 100 91 97 99 100 104 114 103 104 105 109 115 117 109 104 101 105 101 98 104 107 99 97 99 104 103 104 107 107 106 112 107 108 114 108 106 104 106 107 111 112 115 123 137 132 126 120 121 118 120 114 118 118 115 112 109 113 115 115 116 116 113 118 118 116 116 115 115 115 117 118 118 121 119 118 120 123 130 -999 -999 -999 -999 -999 -999 -999 -999 -999 -999 -999
117 120 113 106 102 105 97 113 110 102 105 109 116 107 103 111 110 108 112 110 110 105 104 106 104 101 103 100 98 98 99 103 104 103 104 107 104 103 109 107 108 104 103 104 104 106 112 114 117 122 129 141 138 127 121 121 127 124 122 118 116 112 112 116 114 116 117 119 120 119 109 116 118 119 117 118 115 115 115 118 119 122 121 126 132 -999 -999 -999 -999 -999 -999 -999 -999 -999 -999 -999
120 121 114 116 114 113 107 103 111 113 119 126 111 109 113 120 113 106 115 104 111 104 106 107 108 104 104 104 106 98 98 102 102 103 104 102 103 104 106 107 111 107 105 106 104 107 110 112 114 112 125 138 135 136 127 129 124 121 121 119 118 116 113 110 117 119 117 120 120 116 115 115 116 122 120 117 121 121 121 122 123 125 124 131 133 131 -999 -999 -999 -999 -999 -999 -999 -999 -999 -999
114 108 117 109 107 112 109 107 118 117 116 116 115 108 108 118 111 113 106 112 115 106 111 116 114 111 105 101 101 99 100 106 106 105 102 104 103 104 106 105 109 112 107 104 106 107 114 114 117 119 121 132 130 132 130 132 129 130 124 119 122 122 117 110 116 116 119 117 114 114 116 116 119 121 121 120 121 124 131 123 125 128 127 133 -999 -999 -999 -999 -999 -999 -999 -999 -999 -999 -999 -999
122 112 119 110 104 112 106 112 115 119 116 118 113 112 126 115 115 111 113 111 120 108 115 120 126 122 112 105 103 102 102 107 104 104 104 104 103 107 104 104 108 117 113 107 107 109 108 108 110 115 119 128 126 120 124 118 115 130 130 121 116 123 120 111 111 114 119 116 113 116 117 121 121 125 126 124 124 128 135 134 131 139 -999 -999 -999 -999 -999 -999 -999 -999 -999 -999 -999 -999 -999 -999
122 115 114 104 117 113 114 114 117 116 114 118 123 120 125 118 124 117 114 113 117 111 121 124 124 121 125 116 111 110 107 107 107 107 105 104 104 103 103 104 104 105 112 113 109 104 105 108 110 115 116 122 122 118 118 117 114 112 124 121 122 119 116 111 110 114 111 111 116 117 117 121 125 130 129 129 129 125 135 137 146 -999 -999 -999 -999 -999 -999 -999 -999 -999 -999 -999 -999 -999 -999 -999
121 121 119 109 116 114 104 113 116 119 116 114 118 110 117 127 124 116 110 110 110 113 120 121 120 123 121 123 124 118 113 107 107 105 106 106 106 109 103 104 104 104 107 107 113 112 104 107 109 115 118 119 119 116 118 114 111 110 112 123 117 122 116 117 108 111 110 117 123 120 122 122 127 133 135 132 131 132 141 146 149 -999 -999 -999 -999 -999 -999 -999 -999 -999 -999 -999 -999 -999 -999 -999
114 121 123 104 116 116 117 116 119 119 112 121 117 121 127 120 118 118 111 113 124 118 120 121 117 114 121 118 120 120 118 107 107 108 106 107 106 112 106 104 104 104 102 103 103 103 102 102 107 113 118 116 116 115 118 117 114 111 109 122 111 120 119 116 113 111 111 114 117 122 123 125 127 130 129 136 143 137 135 139 147 -999 -999 -999 -999 -999 -999 -999 -999 -999 -999 -999 -999 -999 -999 -999
124 120 107 116 116 120 117 116 122 119 126 121 118 118 116 124 121 118 116 116 121 124 124 117 113 114 111 118 120 118 114 109 109 109 109 107 106 113 106 103 104 104 104 104 104 103 107 104 104 106 118 116 115 115 113 117 112 110 110 113 113 122 116 116 113 116 114 119 119 119 122 125 128 127 130 129 126 131 135 140 149 -999 -999 -999 -999 -999 -999 -999 -999 -999 -999 -999 -999 -999 -999 -999
127 121 117 119 120 119 122 120 122 122 118 122 119 118 121 118 119 121 111 111 117 120 123 113 123 123 121 123 121 120 116 114 109 109 106 107 104 114 106 110 109 106 105 105 105 106 107 107 105 105 123 118 116 116 112 115 118 112 112 116 114 117 120 116 116 117 116 116 116 120 123 125 128 128 127 129 136 138 137 139 145 139 -999 -999 -999 -999 -999 -999 -999 -999 -999 -999 -999 -999 -999 -999
