grids/precipitation/jul/RSMS_07_1883_01.asc
NCOLS 654
NROWS 866
XLLCORNER 3280414.711633467
YLLCORNER 5237500.62890625
CELLSIZE 1000
NODATA_VALUE -999
[rows 336 to 377 of 866, columns 384 to 479 of 654]
72 72 74 78 76 76 77 77 77 77 74 75 75 75 77 81 83 79 81 87 87 87 90 93 94 92 90 87 86 86 86 90 90 91 93 98 101 102 107 108 109 110 112 116 117 118 120 121 121 121 118 112 109 108 102 96 98 99 105 110 109 113 113 111 110 112 110 108 108 110 109 109 108 110 107 104 101 101 102 100 100 99 103 102 102 102 99 99 99 99 96 94 92 92 92 95
72 73 75 74 74 74 76 77 77 77 75 73 75 75 77 80 82 82 84 88 85 88 91 96 93 92 90 87 86 87 88 89 90 92 95 98 99 103 105 110 109 113 116 118 120 122 123 124 124 122 122 113 109 103 95 92 95 99 103 108 109 111 111 112 110 111 110 109 108 108 109 107 106 106 103 102 101 103 102 102 102 103 101 102 102 100 101 99 99 97 95 94 94 94 92 91
73 71 73 73 73 75 76 76 76 76 74 74 74 78 78 80 83 83 83 85 86 86 89 91 91 90 89 88 87 87 88 91 92 94 95 97 101 103 105 107 109 114 116 118 121 123 127 126 130 129 123 116 113 106 102 97 100 101 105 109 112 115 115 114 113 111 108 107 106 106 105 105 104 106 105 104 103 103 105 104 104 101 103 98 98 101 101 97 97 95 93 96 92 92 92 92
73 75 75 76 76 76 77 77 77 75 76 77 77 77 79 81 82 83 83 84 84 85 85 87 86 87 87 88 87 88 89 93 94 95 95 97 99 102 105 109 111 113 116 119 124 126 128 133 134 127 126 119 115 112 105 106 108 107 108 113 117 113 113 114 114 111 108 107 106 106 105 105 106 106 107 106 107 109 104 100 102 101 97 98 96 100 99 101 95 95 95 94 94 94 92 91
73 73 74 74 76 76 78 78 76 76 75 77 77 78 81 81 82 81 81 82 82 82 82 84 84 84 86 86 87 87 89 93 96 95 97 98 99 100 104 109 111 112 115 119 121 122 124 132 133 130 125 118 118 115 110 111 111 110 113 115 115 114 115 113 114 112 110 109 106 106 105 107 108 108 107 108 107 107 102 100 100 99 95 95 100 102 99 97 95 91 95 92 92 94 90 91
73 73 73 74 74 76 76 78 78 78 78 76 77 78 80 80 82 80 80 81 82 82 81 84 84 84 85 86 86 87 91 93 96 97 97 97 98 99 103 108 110 112 115 118 121 122 127 131 132 129 124 121 118 117 113 112 111 112 113 113 115 115 115 116 114 111 110 109 106 106 108 107 106 110 109 108 107 107 102 102 102 99 95 97 96 98 94 91 91 93 93 94 92 88 90 91
72 73 72 74 74 76 78 78 78 76 78 76 76 76 76 80 78 80 80 79 80 80 81 81 82 81 83 84 86 87 91 92 94 98 96 95 97 98 102 104 108 111 114 116 122 124 125 126 126 127 123 123 119 118 120 119 115 116 115 116 114 114 114 113 112 110 108 107 104 104 106 105 106 108 109 106 103 104 104 100 101 95 95 95 95 96 94 94 93 96 96 100 94 94 92 89
72 72 72 74 74 74 77 79 77 75 74 76 74 74 76 78 78 78 78 78 79 78 80 80 79 79 82 84 85 86 90 92 94 95 98 97 98 97 101 103 105 107 113 116 120 122 124 125 122 122 122 121 121 123 120 116 118 114 115 112 113 114 112 110 107 108 108 105 105 104 106 107 107 108 105 104 101 104 100 103 103 99 97 97 95 92 92 96 95 95 96 96 95 94 92 89
74 74 72 74 74 74 75 75 75 74 74 74 72 74 75 77 77 75 77 77 77 77 78 78 78 79 80 83 84 85 89 92 94 94 96 95 95 96 98 103 104 105 112 116 117 120 122 121 121 121 121 120 120 122 122 121 118 117 114 112 111 112 111 107 106 106 105 105 105 104 106 107 107 106 105 101 101 100 98 101 101 101 95 95 95 97 96 97 95 95 95 95 97 94 93 89
74 72 72 74 75 74 74 74 74 73 73 70 70 72 75 75 75 75 77 77 77 77 79 76 78 79 79 82 85 85 89 91 93 94 94 95 95 98 99 99 103 105 110 114 116 117 120 122 120 120 120 120 120 122 119 118 117 116 113 112 110 109 109 105 106 105 105 105 105 104 104 105 105 102 103 103 101 102 100 99 99 99 99 95 93 94 94 94 95 93 95 92 94 94 91 89
73 72 72 74 74 74 74 74 73 72 70 68 65 71 76 74 74 75 76 77 77 79 77 75 76 77 78 81 82 84 88 89 92 94 95 94 95 96 97 98 105 107 109 111 113 117 119 120 121 122 120 120 119 119 118 117 116 114 113 111 109 108 106 105 106 105 105 105 104 104 104 105 104 103 103 101 101 100 98 99 97 99 95 95 91 94 92 88 93 93 93 92 92 92 89 89
73 73 74 74 74 74 74 73 73 73 71 69 69 70 74 73 73 72 74 75 76 78 75 75 75 76 77 80 81 82 87 89 90 92 95 96 97 98 99 101 104 106 108 110 111 116 117 121 122 121 121 121 121 121 117 116 114 113 112 108 106 107 106 107 106 103 103 102 102 104 103 102 101 98 98 101 100 100 98 103 95 97 95 95 92 90 88 89 91 93 91 92 92 92 89 91
75 75 73 75 75 74 73 73 73 73 71 68 70 70 72 73 73 71 73 74 76 74 72 75 75 75 80 79 80 81 85 88 90 91 93 96 96 97 99 101 102 105 105 110 111 112 116 120 121 121 120 120 121 120 116 114 114 113 108 107 106 105 103 104 103 103 100 100 100 99 100 99 99 96 96 99 99 98 96 93 93 95 95 92 92 92 90 89 89 89 88 90 90 90 90 89
80 77 77 77 77 75 77 73 73 72 70 70 70 70 69 71 71 72 73 73 74 75 74 76 76 78 77 80 79 81 84 87 89 90 92 94 96 97 98 100 101 104 106 108 110 111 114 119 120 120 118 117 117 116 114 111 110 109 108 106 105 104 105 104 103 102 102 100 99 99 98 97 97 96 98 99 99 98 96 94 93 93 93 92 92 92 92 91 89 91 91 90 90 90 92 89
78 78 77 78 78 78 78 76 72 72 70 70 71 69 69 69 72 73 73 73 73 75 74 74 76 75 78 77 78 83 85 87 89 91 91 92 94 96 99 101 100 102 103 104 106 109 113 114 115 115 116 114 113 113 112 112 108 108 107 106 105 103 104 103 105 104 101 101 100 97 97 97 96 96 100 99 97 96 96 96 93 93 93 92 92 92 91 89 91 91 91 90 92 92 94 93
79 78 80 82 80 78 79 77 75 72 71 71 70 72 70 71 71 71 72 73 73 75 75 76 76 77 75 78 79 80 82 84 87 87 89 93 94 96 98 100 101 103 102 103 104 105 107 112 112 113 114 111 111 111 111 110 109 106 106 105 104 105 104 105 106 106 103 99 99 97 96 96 98 98 97 97 96 96 96 93 93 93 92 94 93 93 91 91 91 91 88 90 90 92 94 95
83 81 83 83 82 83 82 78 76 73 71 71 70 72 70 70 69 69 70 71 72 72 73 73 73 74 74 77 78 79 81 83 84 87 90 93 94 95 97 100 101 101 103 102 103 104 104 108 111 111 111 109 110 109 108 108 108 107 104 103 103 104 105 106 106 105 102 99 98 98 96 98 98 97 97 96 94 96 96 93 93 93 92 94 93 93 93 91 91 91 92 92 92 94 95 97
81 81 83 83 83 83 81 80 78 74 71 70 70 70 69 69 68 68 67 69 72 74 73 72 73 73 76 76 77 80 80 84 85 87 89 91 93 94 96 98 100 100 101 101 102 102 102 106 107 106 108 107 108 107 106 106 106 106 105 102 104 105 106 108 105 106 103 101 98 98 98 98 97 97 97 96 94 96 95 93 93 93 94 93 93 93 93 91 91 91 92 92 94 94 97 97
81 79 81 81 81 81 79 78 76 73 69 69 70 69 69 68 68 66 64 66 71 72 70 71 72 72 75 75 78 80 80 83 86 88 90 89 93 95 96 98 99 98 99 100 101 100 102 103 103 103 106 106 106 104 106 104 104 103 103 103 104 106 109 111 108 105 103 102 100 99 99 99 99 98 98 96 96 95 95 95 94 94 94 93 93 91 91 91 90 90 90 92 94 95 97 99
79 81 79 81 81 81 78 78 75 73 74 71 69 69 68 68 67 67 66 67 68 69 68 70 69 69 72 74 77 78 81 84 86 87 89 92 91 93 95 96 96 98 98 98 98 99 100 102 102 103 104 103 102 103 104 104 103 104 104 103 105 106 108 111 108 106 103 101 100 100 100 100 100 99 98 97 97 97 95 94 94 94 94 91 91 91 91 90 90 90 92 94 94 95 97 99
76 78 78 77 77 77 77 76 76 73 72 71 69 69 68 67 67 67 67 68 69 69 69 69 69 69 72 74 76 78 82 85 85 86 90 91 90 91 94 95 95 96 96 98 98 98 101 101 102 103 101 101 101 101 102 102 102 102 103 104 104 104 107 106 105 105 103 100 100 100 102 101 101 103 99 97 97 97 94 94 94 94 91 91 91 91 91 90 90 90 92 94 94 94 95 97
76 76 76 77 76 77 77 77 76 76 74 71 69 69 68 68 67 66 67 68 67 70 71 70 71 70 72 74 77 80 82 84 85 87 90 91 94 96 96 95 96 97 97 96 97 101 103 103 101 101 103 101 100 100 100 101 102 102 101 103 103 105 103 105 105 102 100 100 100 101 103 105 103 103 100 98 97 96 94 94 94 93 91 91 93 91 91 90 92 92 92 94 94 94 95 95
76 74 74 74 74 76 77 77 76 76 73 72 68 69 68 68 67 68 67 68 68 69 70 70 69 71 72 78 80 81 85 86 87 89 90 91 94 96 96 96 96 97 98 99 99 100 104 104 104 102 100 99 101 101 101 102 102 103 101 102 102 101 101 102 100 100 99 99 99 101 103 103 103 100 98 98 96 96 94 93 95 95 95 93 93 91 89 90 90 92 92 92 94 94 94 95
76 76 74 76 76 77 77 78 78 76 73 72 70 68 68 68 69 68 69 68 68 69 71 70 69 71 74 79 82 83 85 89 89 89 90 91 91 94 95 94 95 96 97 98 98 99 102 104 102 102 100 98 98 98 101 101 101 101 101 101 99 101 100 100 98 99 97 97 97 97 101 101 100 100 100 100 97 97 99 97 95 96 95 93 93 91 91 90 90 90 92 92 92 92 94 91
76 76 74 74 76 76 77 77 77 76 74 70 70 68 68 68 69 68 70 68 66 68 68 69 71 73 75 81 82 83 86 88 89 89 90 89 90 92 93 94 94 97 96 100 100 101 101 102 102 102 99 98 98 98 100 101 101 101 101 100 100 99 98 98 98 98 97 99 99 99 99 98 98 100 100 99 99 99 99 96 96 96 96 93 95 93 88 90 90 90 92 92 92 92 91 91
77 77 76 74 76 77 79 78 77 76 76 71 70 68 67 68 69 70 71 70 68 68 67 71 71 74 78 82 84 86 88 90 89 90 90 89 90 90 93 94 94 97 96 99 100 100 100 101 101 99 99 98 98 98 98 100 100 100 100 100 100 98 98 98 98 99 97 99 99 100 98 98 100 100 97 99 99 99 99 100 98 100 100 95 95 95 92 92 90 90 92 92 92 92 91 91
77 77 77 76 76 77 79 80 80 78 76 72 72 69 70 70 72 70 71 71 69 68 71 72 74 77 81 83 87 87 88 88 90 90 91 91 92 91 93 93 94 95 96 96 97 98 100 100 99 99 99 97 97 97 99 99 99 99 99 99 99 97 97 97 99 99 99 98 98 97 98 98 98 97 97 99 99 99 100 102 102 102 100 100 98 96 98 96 94 97 94 94 92 91 91 91
79 79 79 79 77 79 78 78 80 76 74 74 73 73 72 71 72 72 72 72 70 69 72 73 75 78 81 85 85 87 91 89 89 90 89 90 92 92 93 92 93 93 92 95 95 97 98 100 100 98 99 97 98 99 99 98 98 98 99 98 98 98 97 97 98 98 98 98 98 98 98 96 96 96 97 99 100 100 102 106 104 106 102 100 102 100 96 95 97 99 97 99 99 97 95 91
79 79 79 81 77 77 78 76 76 76 74 72 73 75 74 74 74 74 72 72 71 69 72 75 76 77 81 85 84 86 88 89 90 90 90 90 92 92 93 94 94 95 94 95 95 97 97 100 100 100 98 98 98 98 100 100 100 100 98 100 98 98 98 98 98 98 98 98 100 100 98 96 96 96 97 100 100 104 104 106 108 108 107 105 105 103 100 101 101 99 101 99 99 97 95 93
79 79 81 81 81 79 77 74 73 73 76 75 75 73 74 75 74 75 73 71 71 72 73 75 75 77 80 85 86 86 87 90 90 90 90 92 92 93 94 94 94 95 94 94 95 96 99 99 99 100 100 98 98 100 100 100 100 100 99 100 100 96 96 98 98 98 98 98 100 97 97 96 96 99 99 100 102 104 106 106 108 110 109 105 103 103 103 99 101 101 101 100 99 97 97 93
81 79 79 81 82 81 77 74 76 75 76 77 77 75 76 76 78 78 74 73 75 74 75 75 78 79 82 85 84 86 89 90 90 91 91 91 93 94 94 95 95 96 96 96 96 98 101 101 101 99 99 99 101 101 101 101 101 99 99 97 97 96 96 96 97 99 97 99 99 99 97 97 97 99 99 100 102 104 106 106 109 109 111 107 109 105 105 103 103 105 99 99 97 97 95 93
81 81 81 77 79 81 78 75 74 73 76 78 78 76 77 77 79 79 75 76 79 77 78 77 78 80 83 85 84 87 90 89 90 90 90 90 93 93 95 95 96 96 96 98 98 98 100 102 100 101 99 99 101 101 101 101 101 99 99 97 95 93 94 97 97 97 101 101 100 99 99 98 98 100 100 100 104 106 106 107 111 113 113 114 112 108 105 103 103 101 97 95 93 93 93 93
81 81 82 79 81 82 79 75 75 74 75 80 78 78 80 79 79 80 78 77 76 77 79 78 81 81 84 86 85 87 89 91 91 93 93 91 93 93 94 96 98 98 96 98 98 98 100 100 100 100 100 98 98 100 103 101 101 101 99 97 97 97 95 97 97 97 101 100 100 100 98 100 100 100 100 104 104 104 105 109 109 111 113 112 112 110 107 103 107 103 100 95 93 91 93 95
84 81 79 81 82 81 79 77 78 77 74 78 80 80 82 80 78 82 81 78 77 79 82 79 81 82 84 86 87 89 90 91 94 94 95 94 94 94 94 98 96 96 98 98 98 98 100 100 100 100 100 98 98 102 104 102 101 100 98 99 99 97 98 98 97 98 100 100 100 100 100 100 100 100 102 106 106 108 109 109 111 111 110 112 112 110 110 107 105 105 104 99 95 91 93 95
82 84 79 79 79 79 79 79 81 81 77 79 81 82 82 84 81 83 83 81 78 81 81 82 83 84 84 85 86 90 91 94 95 94 95 95 95 95 95 95 96 96 96 96 98 98 100 100 100 100 100 100 98 100 100 100 98 98 96 98 100 100 102 100 98 98 100 100 100 100 100 102 102 102 102 102 103 105 105 107 109 108 110 112 110 110 110 110 108 106 106 102 102 99 99 97
85 82 79 81 81 81 79 83 83 81 81 79 79 83 83 85 87 86 87 85 82 80 83 81 84 82 85 86 87 88 92 94 96 97 96 94 94 93 95 95 95 95 96 96 96 98 100 100 99 99 99 97 97 97 97 99 97 98 100 100 98 98 100 98 97 97 100 101 101 101 102 100 102 102 102 102 102 103 105 107 107 110 110 114 112 114 112 112 112 110 106 106 102 102 102 105
81 79 84 83 81 83 83 83 83 83 81 83 76 83 85 87 88 90 86 86 84 84 80 82 82 84 85 87 88 88 90 94 95 95 95 92 94 94 93 95 95 95 96 96 96 96 98 99 99 99 97 95 95 95 95 97 97 97 98 100 100 98 98 97 97 97 99 99 101 101 103 102 102 102 102 102 103 103 105 105 107 108 110 110 110 112 110 110 112 112 110 104 104 102 102 105
82 82 82 84 83 83 83 83 84 81 81 81 80 80 84 88 89 90 87 86 87 85 82 81 83 81 86 89 90 91 93 94 96 97 93 92 92 94 94 95 95 95 95 96 96 96 97 97 99 100 97 95 95 95 95 97 97 97 97 97 100 99 99 97 97 97 99 103 103 103 103 103 102 102 102 102 102 103 105 105 107 108 110 112 110 112 112 112 110 112 108 108 108 106 105 105
81 82 82 84 84 84 83 81 79 78 78 78 79 81 85 84 86 88 89 88 89 88 84 81 81 82 83 89 92 94 95 95 94 96 94 90 90 94 94 93 95 95 95 95 96 95 97 97 97 97 94 93 93 93 93 95 95 95 95 97 97 99 99 97 97 97 99 100 103 103 103 103 103 101 102 101 105 103 105 107 108 108 110 112 110 110 112 112 110 110 108 108 110 108 109 107
82 83 83 85 85 83 84 83 83 81 77 82 84 84 85 88 85 87 88 89 89 88 86 86 83 85 81 92 93 94 93 91 95 94 96 92 90 90 94 95 95 95 95 92 94 95 95 95 94 94 93 91 93 93 93 93 93 93 95 95 97 97 99 99 97 97 97 99 100 102 101 101 103 103 103 103 103 103 103 107 107 107 110 116 110 112 112 110 110 108 108 106 108 108 105 105
82 81 84 85 85 84 84 83 81 78 78 84 84 83 87 88 86 86 88 87 88 88 88 86 85 84 83 92 95 93 90 93 93 93 94 94 94 92 91 93 93 93 92 94 92 92 91 91 93 93 91 91 93 93 93 93 93 93 95 97 97 97 99 99 97 97 97 99 99 100 101 103 103 103 103 103 103 103 103 105 105 107 108 110 110 112 110 107 107 108 106 104 106 106 105 107
82 83 85 86 85 84 82 82 81 79 82 82 84 85 87 88 89 86 88 89 88 88 86 84 85 86 81 92 93 93 92 93 91 91 95 95 96 95 95 95 95 95 94 94 94 94 93 93 93 91 91 91 91 91 91 93 93 93 94 95 97 97 97 99 97 97 97 99 99 99 101 101 103 103 101 101 101 101 103 103 103 107 107 110 110 110 108 108 108 110 108 108 104 104 106 105
