grids/precipitation/jul/RSMS_07_1882_01.asc
NCOLS 654
NROWS 866
XLLCORNER 3280414.711633467
YLLCORNER 5237500.62890625
CELLSIZE 1000
NODATA_VALUE -999
[rows 369 to 409 of 866, columns 188 to 281 of 654]
120 121 124 126 127 130 133 135 137 141 144 147 148 151 153 150 149 150 153 158 159 162 167 179 175 183 182 180 176 185 196 182 173 177 183 172 173 178 167 167 167 154 149 142 152 149 145 152 162 173 182 180 174 173 169 147 141 141 144 150 166 181 183 192 196 198 193 190 203 210 208 206 198 190 189 174 181 186 187 184 187 182 166 168 157 149 152 154 154 177 155 164 146 136
123 126 126 129 131 133 135 138 140 142 146 148 152 155 154 152 150 155 152 158 159 162 168 178 170 173 177 175 179 188 195 193 179 180 190 178 176 179 166 161 158 147 142 140 145 145 152 151 165 152 173 168 169 169 150 152 139 139 138 157 169 179 190 197 199 203 181 193 208 207 207 203 199 191 193 186 193 189 192 193 190 191 162 164 158 145 157 168 155 148 162 149 141 141
127 126 130 134 134 137 138 140 141 143 145 150 151 153 152 152 151 155 158 158 162 165 169 174 177 171 167 170 175 189 197 184 174 175 176 169 164 167 161 150 155 149 140 139 137 141 148 147 158 156 165 156 160 170 152 140 138 144 138 146 161 176 188 196 196 194 201 182 191 199 196 195 202 195 190 195 196 196 197 201 201 182 171 181 166 153 159 170 160 151 147 139 141 144
128 130 134 138 139 139 142 143 145 144 147 150 151 152 153 155 155 158 158 162 161 164 168 172 173 164 170 169 175 185 194 195 175 176 184 168 161 157 152 147 159 153 141 137 135 144 153 152 142 140 139 144 142 142 138 138 144 144 139 155 170 176 183 190 184 199 203 206 181 181 191 195 197 205 193 202 202 208 206 206 202 200 179 186 173 160 160 166 162 158 148 141 141 138
130 134 138 140 141 142 143 144 145 145 146 148 152 155 157 158 159 158 160 159 158 160 167 162 160 170 175 171 176 182 190 201 182 173 174 177 161 156 165 155 149 142 145 137 140 139 145 140 140 149 158 138 138 138 149 151 172 153 147 137 166 171 178 173 184 197 181 206 199 177 186 186 203 208 187 205 208 217 193 197 192 190 171 188 182 167 158 167 163 161 147 138 133 136
134 138 140 143 144 143 144 140 144 146 148 147 153 157 163 165 165 160 158 157 156 155 164 157 167 168 173 170 176 186 185 194 180 181 180 170 160 155 167 161 156 152 145 150 153 143 140 139 145 152 148 148 161 149 155 157 164 150 146 144 161 161 168 168 174 178 188 179 175 177 169 176 194 210 196 200 194 202 179 185 191 175 169 194 183 175 161 158 174 168 150 139 135 144
139 141 143 146 150 147 142 139 142 145 147 148 155 160 164 167 163 161 164 163 162 164 153 164 161 173 178 174 177 183 182 186 174 173 171 172 165 157 159 162 154 149 142 155 158 152 143 144 165 159 152 170 157 155 157 164 157 148 140 147 164 166 172 168 171 177 165 165 167 181 172 168 178 185 194 172 182 180 182 180 183 187 176 185 188 188 175 162 170 163 156 143 144 136
142 144 147 150 152 150 145 142 144 145 149 147 153 159 165 166 158 164 165 162 166 169 162 172 174 166 169 173 180 182 176 174 173 175 164 167 165 169 158 154 156 151 146 152 160 162 161 146 165 163 151 164 161 161 156 155 161 142 143 148 154 171 179 184 184 177 167 167 160 187 194 171 166 171 180 173 174 174 172 176 189 178 172 168 181 178 179 170 157 166 153 147 144 147
142 144 148 152 155 152 148 146 150 150 151 152 151 157 151 161 160 163 157 160 164 170 170 176 167 163 167 171 178 181 171 172 184 170 166 163 163 162 162 156 156 153 143 154 160 161 160 163 169 172 159 164 161 166 166 153 163 143 146 152 162 171 178 179 184 187 176 172 176 166 186 185 173 174 172 178 178 174 168 172 179 166 159 173 189 181 167 162 160 174 155 148 145 145
143 144 149 150 153 153 150 150 150 150 152 150 150 154 158 152 158 165 166 160 168 172 170 162 167 175 178 174 173 176 182 166 175 170 169 159 158 154 158 150 151 150 154 162 154 165 172 167 171 174 168 170 158 154 155 144 141 141 143 152 159 170 174 170 170 148 174 170 158 161 172 194 180 183 180 174 174 175 166 166 162 169 172 170 167 186 189 177 155 172 154 149 147 147
141 144 147 149 150 151 152 151 152 154 148 149 149 159 162 164 163 167 167 164 167 163 160 170 173 178 179 181 180 178 181 165 170 174 171 161 164 160 156 149 152 145 160 158 161 167 168 171 172 168 173 173 161 148 140 145 167 137 139 146 153 149 163 149 175 155 158 152 157 155 160 182 194 180 174 170 164 162 169 169 190 187 190 175 180 192 184 175 161 162 155 153 152 149
142 144 148 151 153 154 155 157 157 151 153 158 154 151 154 159 165 168 169 170 170 164 174 176 178 179 183 182 180 184 179 162 160 170 167 164 160 160 157 157 153 152 158 157 159 170 163 166 166 168 162 161 150 157 166 165 158 139 138 141 149 158 158 151 175 152 157 153 173 153 157 173 191 189 177 167 160 171 176 174 194 195 188 185 189 187 179 169 165 173 159 153 151 151
145 146 149 152 154 155 158 160 159 155 158 159 164 159 158 156 159 167 170 170 171 167 177 174 177 185 182 181 180 188 180 162 158 155 160 165 152 157 158 159 151 149 154 153 167 162 159 159 159 162 163 157 147 153 169 171 172 161 168 158 149 158 156 156 165 166 151 158 154 159 162 173 176 179 162 178 174 161 166 175 185 194 199 194 194 182 177 173 173 177 157 154 154 150
146 147 150 151 156 158 161 155 159 160 162 160 165 164 161 155 160 165 167 169 157 169 180 179 181 179 181 179 179 184 183 177 161 154 158 158 163 154 151 147 146 145 149 160 161 161 157 154 150 150 155 145 167 170 170 167 160 158 152 152 156 159 159 153 166 160 169 177 184 163 167 169 186 175 163 166 159 158 160 181 203 195 199 184 188 180 174 182 186 165 158 154 154 155
148 151 153 155 157 161 158 164 165 163 166 166 168 170 164 161 162 167 170 154 168 178 182 181 181 188 186 183 178 178 176 181 162 154 162 159 152 150 154 152 151 150 154 152 153 153 150 148 145 147 143 153 161 162 164 158 158 156 161 163 151 153 151 163 178 174 181 189 192 166 175 191 187 201 179 173 165 159 166 181 196 176 186 199 186 178 169 173 176 174 162 151 153 153
150 151 154 159 161 157 158 166 169 162 167 167 170 167 157 155 164 167 156 165 165 171 180 181 182 184 179 177 177 176 172 169 166 154 163 156 150 161 160 153 152 148 152 149 151 151 146 145 143 145 148 153 155 158 163 148 155 148 151 151 149 151 158 177 181 179 194 197 193 169 180 198 196 184 191 185 179 178 165 175 169 188 193 194 171 171 174 184 175 165 156 156 156 164
156 157 158 161 160 154 160 169 171 167 167 168 168 166 165 160 149 150 151 155 171 178 177 180 182 183 178 175 177 176 177 174 182 157 154 154 155 162 158 149 148 152 150 151 149 146 144 145 151 148 157 153 153 156 161 151 148 149 151 147 149 165 164 177 180 186 194 193 195 181 165 161 161 167 188 186 178 179 164 167 179 192 182 182 169 170 176 180 178 174 158 159 159 166
157 158 155 152 160 165 158 167 168 167 169 171 167 168 158 165 166 166 154 157 156 164 173 171 176 178 178 173 170 171 167 170 179 159 153 160 158 163 153 148 148 150 149 145 141 142 143 141 144 149 156 154 163 159 161 164 156 164 161 156 154 161 173 164 172 183 191 198 219 196 190 172 160 170 188 192 173 169 170 166 170 182 177 178 167 168 174 165 164 163 162 161 159 166
159 147 148 157 163 167 162 167 164 166 171 169 170 170 166 171 172 155 159 165 159 159 159 168 165 171 173 174 167 165 170 171 176 165 156 159 161 162 152 148 146 146 149 139 140 140 139 136 138 143 150 155 156 158 166 166 169 182 167 156 155 164 169 175 181 173 178 190 208 215 217 180 160 172 194 189 178 183 178 177 167 172 173 166 172 175 179 174 180 171 171 176 162 163
159 150 156 163 167 167 167 164 166 166 172 170 172 169 176 176 170 167 158 159 157 161 170 167 163 169 174 176 167 175 175 172 173 170 158 161 160 162 152 146 148 147 146 140 138 137 137 138 139 141 148 158 158 158 168 174 169 169 161 155 155 173 169 171 180 171 185 181 190 202 216 190 163 173 199 199 186 203 204 200 184 170 173 166 177 182 177 170 173 175 175 167 163 161
151 149 155 166 167 170 167 166 167 169 170 174 173 174 171 174 171 170 162 163 159 164 167 173 161 174 172 172 171 176 166 159 167 168 155 156 154 157 148 144 146 141 141 138 139 137 140 141 143 146 153 156 158 158 169 169 165 166 157 153 158 174 170 178 180 183 177 184 186 203 207 199 173 160 182 204 200 194 206 200 184 168 178 183 190 178 170 173 174 176 179 168 164 165
149 153 166 171 170 160 167 169 171 172 168 171 165 162 166 167 168 171 171 165 164 161 171 175 168 176 174 162 160 161 153 154 156 161 162 154 157 148 148 142 141 139 138 139 137 138 138 146 148 147 153 158 156 158 171 169 164 151 151 154 159 175 173 182 181 181 184 181 186 194 197 197 201 176 162 174 183 205 201 202 182 174 174 174 170 176 181 188 180 182 185 171 170 163
159 151 160 159 164 162 164 160 167 170 164 161 163 161 162 162 162 163 165 168 167 165 171 171 170 172 175 162 158 158 155 148 157 154 158 157 150 157 150 143 141 141 141 139 142 141 141 142 149 149 151 154 161 156 171 166 153 151 158 155 160 175 176 181 177 175 184 190 187 191 199 179 199 198 162 166 169 179 198 191 185 188 174 172 181 194 194 185 182 186 178 173 166 167
166 166 163 155 155 162 165 165 167 166 167 166 161 162 163 164 165 167 168 169 171 171 174 177 176 172 173 167 158 159 160 145 158 150 156 148 146 142 143 144 144 144 146 144 145 147 143 145 147 151 154 161 163 156 159 158 158 169 155 155 161 176 183 181 177 179 181 194 200 199 207 198 174 182 162 200 212 198 174 189 182 188 177 175 171 187 183 186 193 189 187 182 170 168
162 168 167 166 167 161 165 163 166 164 154 153 160 162 163 166 167 168 168 171 171 172 174 176 161 165 160 170 158 153 156 149 146 141 140 140 140 139 143 144 142 143 146 145 143 141 144 147 147 156 161 163 167 157 160 177 173 158 155 190 167 176 181 181 177 178 194 194 194 203 205 190 161 162 170 207 210 192 195 177 182 178 184 185 179 185 188 191 190 187 182 177 170 171
162 170 171 169 172 163 158 153 154 162 165 165 163 163 166 168 167 168 169 171 174 172 174 171 164 164 153 156 165 154 155 149 139 144 142 138 139 139 139 138 141 143 146 149 148 146 147 147 154 161 159 168 170 155 175 187 172 186 158 158 161 177 181 177 178 185 192 203 202 205 212 185 166 211 214 218 210 201 195 186 182 179 185 189 183 189 194 191 191 185 185 182 173 175
156 168 167 173 170 169 172 167 170 167 167 157 169 165 164 173 168 168 171 173 172 172 171 154 151 156 152 147 144 144 143 144 144 159 155 143 137 137 144 149 146 146 147 150 151 151 149 148 157 164 150 160 152 154 169 175 169 167 158 158 166 177 184 180 182 182 188 201 207 208 221 187 169 169 180 207 215 204 195 184 182 178 190 193 192 196 205 189 194 191 183 177 176 175
167 160 167 161 172 177 177 174 175 175 168 163 169 171 173 170 174 175 175 170 174 176 174 157 154 146 143 143 146 156 148 146 144 152 159 145 139 139 143 141 146 142 148 151 153 153 150 150 155 161 153 147 154 161 175 175 173 160 163 161 161 172 178 176 185 192 188 198 211 199 205 187 174 170 180 181 210 206 190 182 182 182 190 198 193 206 213 200 194 190 187 180 176 177
172 166 172 157 171 167 178 173 175 180 179 173 170 164 167 170 170 173 170 174 174 171 157 154 144 147 145 156 150 153 160 148 146 151 162 150 144 146 137 140 146 145 143 140 142 151 154 150 150 151 158 154 152 172 175 171 165 163 161 161 164 167 176 181 188 200 205 195 208 196 199 218 183 170 176 207 212 194 176 179 178 183 190 203 213 217 208 203 194 196 187 177 176 177
177 174 166 168 164 161 164 168 177 181 181 180 173 167 174 175 173 176 172 171 168 161 150 150 153 152 154 152 149 154 163 151 153 150 153 148 143 141 146 147 143 142 148 143 145 152 148 153 165 170 168 164 149 169 172 169 172 167 160 160 165 174 182 186 195 203 211 205 202 208 211 225 198 180 179 179 203 197 188 182 175 186 194 212 229 217 208 200 199 196 181 178 174 173
178 169 174 171 163 173 170 169 170 172 184 177 178 174 175 176 176 176 167 160 147 148 146 156 154 160 152 149 152 150 163 156 158 153 153 158 154 142 143 148 146 149 149 150 153 150 158 167 166 171 171 167 149 161 170 169 173 167 158 161 163 173 179 182 190 202 200 203 201 213 211 221 218 206 183 177 175 206 200 194 178 179 179 190 217 211 200 197 193 197 189 174 170 182
175 175 175 178 167 167 179 176 184 184 179 178 178 176 175 171 174 179 164 155 148 142 161 158 160 152 163 162 152 148 157 158 159 155 155 159 155 146 143 140 156 153 154 150 157 157 161 164 169 171 167 159 152 155 167 176 170 163 163 161 164 173 178 188 190 192 193 208 213 216 217 213 206 208 204 171 187 206 214 194 190 176 178 188 202 203 197 189 193 186 185 177 175 170
186 176 189 175 171 175 185 186 180 182 183 176 179 175 166 174 178 175 167 154 142 155 158 156 162 161 151 150 150 150 156 159 155 156 153 153 155 146 142 140 158 158 154 153 155 155 170 167 162 165 159 157 159 160 160 172 172 175 163 162 160 171 176 181 185 186 192 202 213 218 219 211 218 214 212 178 180 198 194 202 180 179 181 199 198 194 191 183 189 186 182 179 174 180
172 177 178 180 178 181 174 182 184 179 181 178 177 168 174 174 164 157 148 143 145 152 144 154 159 161 153 152 146 153 173 159 151 151 155 153 148 151 155 140 151 158 156 159 158 158 164 167 165 170 167 162 156 160 160 165 170 168 164 164 171 167 174 173 184 185 182 193 204 204 210 224 215 221 212 190 185 188 213 199 183 182 199 210 204 191 183 177 181 190 179 183 176 189
176 175 185 186 180 172 179 177 183 183 181 180 175 174 163 156 151 151 144 143 156 152 148 157 161 159 150 148 146 161 162 155 150 146 153 153 146 145 145 140 147 161 156 157 160 165 168 174 170 182 181 158 157 154 154 173 173 166 164 164 165 165 168 170 173 180 192 193 195 195 200 205 206 209 217 197 200 205 213 199 202 191 207 222 203 194 184 192 173 173 183 192 175 176
187 180 179 184 180 174 177 179 185 187 186 169 177 158 150 149 145 150 143 145 158 148 155 159 161 155 152 148 159 159 155 156 146 147 148 146 143 143 140 143 147 152 161 160 160 165 173 172 167 160 160 154 168 159 157 159 166 168 169 169 169 165 163 173 173 180 188 193 186 186 196 199 194 195 215 209 198 200 206 188 188 179 184 185 205 198 196 189 180 188 190 192 185 167
184 181 178 181 176 180 178 179 181 187 175 165 172 161 158 145 153 144 143 160 156 147 159 159 159 156 155 144 153 164 162 158 155 147 146 148 145 143 143 143 143 154 161 160 163 164 172 175 164 172 170 166 173 163 159 163 159 169 169 167 167 168 164 169 178 188 190 183 186 179 193 185 185 188 210 216 183 186 187 188 190 172 174 187 207 191 207 206 192 191 189 188 198 179
183 184 180 181 176 180 183 181 183 184 186 150 147 156 145 163 152 157 154 156 154 153 153 161 156 159 144 151 156 165 165 157 155 152 151 151 145 143 140 141 143 146 147 158 168 167 169 172 180 176 163 159 173 173 168 164 162 169 167 166 168 166 166 166 174 183 186 186 179 172 179 158 176 179 177 190 175 186 199 185 188 179 177 177 178 194 193 184 186 192 191 182 181 171
192 193 184 181 180 182 179 185 175 171 150 174 180 166 151 126 139 160 160 160 153 153 143 168 161 148 149 158 162 155 165 162 152 152 148 145 145 143 143 141 146 140 155 159 158 162 165 173 172 165 163 157 168 179 169 164 163 167 170 169 169 172 169 167 172 174 174 179 177 175 168 159 154 186 182 171 190 190 210 202 183 182 177 175 171 176 178 192 185 193 201 192 189 191
191 193 190 184 188 188 187 171 169 170 167 167 160 160 144 155 156 168 160 159 157 157 156 159 159 152 158 163 155 158 157 153 148 150 146 147 143 145 141 146 150 142 158 159 151 149 164 176 176 170 163 159 157 182 176 167 167 172 175 171 167 169 167 167 167 165 169 175 177 179 163 166 190 190 194 175 201 201 217 202 195 183 179 173 166 169 170 184 179 198 204 209 195 184
197 201 202 188 198 197 173 165 170 172 179 166 152 157 159 156 152 150 148 159 157 160 154 155 155 157 156 166 162 156 148 147 148 151 142 147 156 161 150 150 148 142 139 144 147 156 159 171 170 172 163 161 161 189 182 169 172 179 176 167 172 174 162 162 167 162 161 165 175 175 150 164 180 186 190 196 190 211 217 214 214 200 201 194 178 173 172 170 176 179 198 220 214 199
