grids/precipitation/jul/RSMS_07_1882_01.asc
NCOLS 654
NROWS 866
XLLCORNER 3280414.711633467
YLLCORNER 5237500.62890625
CELLSIZE 1000
NODATA_VALUE -999
[rows 574 to 614 of 866, columns 188 to 281 of 654]
206 210 217 220 227 231 232 234 234 238 236 241 234 230 230 223 212 209 205 199 199 194 189 185 181 179 176 178 182 182 184 189 186 189 186 181 181 191 185 187 174 173 173 178 184 186 185 194 191 190 207 211 203 191 202 209 206 201 205 202 207 211 193 199 193 184 169 174 178 173 157 141 154 145 138 141 138 137 135 128 131 136 136 142 142 139 140 140 130 131 129 130 147 152
213 219 227 242 246 246 249 251 252 257 247 246 243 239 234 223 217 214 207 201 199 196 190 183 182 178 178 182 187 191 189 185 185 180 180 183 187 187 189 183 185 173 172 174 181 188 185 191 190 195 202 206 195 205 206 203 197 185 190 199 210 197 187 191 188 181 176 170 161 163 160 155 137 146 129 129 138 133 135 132 135 137 136 141 139 137 144 139 133 133 132 127 132 147
217 222 233 246 250 252 254 253 259 260 254 246 248 247 234 220 218 215 210 201 199 200 192 182 181 178 175 184 186 196 196 182 185 185 189 195 192 184 185 189 187 184 171 170 188 185 184 190 195 194 203 200 186 192 203 200 194 196 195 196 211 190 182 183 183 174 166 170 165 154 155 152 150 132 137 133 131 133 136 137 137 137 137 136 136 139 143 146 137 133 136 132 130 137
220 229 237 252 257 263 266 257 257 265 263 254 250 246 240 224 218 215 210 204 201 201 189 183 184 174 171 181 183 188 205 197 192 191 198 191 193 180 186 196 188 190 182 170 170 186 178 183 194 198 202 186 185 189 193 197 177 197 197 203 211 192 175 176 179 171 168 165 158 158 150 143 152 134 127 130 131 133 133 136 132 135 137 140 138 141 148 146 148 142 149 139 130 142
219 229 239 249 265 282 277 268 263 265 268 264 261 253 239 232 223 221 212 204 200 196 191 185 183 176 168 178 182 195 202 201 198 194 184 194 186 185 178 189 194 189 176 172 171 176 175 191 200 198 197 191 179 176 175 175 190 192 205 204 206 198 192 164 176 168 170 165 162 152 149 154 145 140 129 134 132 137 135 129 129 132 132 137 142 150 150 141 146 139 142 143 127 139
221 228 230 249 271 301 287 277 276 271 268 263 265 259 248 245 233 224 212 204 199 196 190 186 181 180 175 182 186 197 201 197 196 196 188 177 181 190 174 192 191 192 187 170 175 189 184 183 197 196 196 171 194 198 196 183 187 199 196 192 193 196 190 177 173 172 156 164 164 157 156 149 144 139 127 129 135 140 134 137 142 140 136 139 146 147 152 150 143 139 140 147 133 127
221 226 234 255 267 275 279 283 284 274 270 269 274 267 254 237 229 224 212 199 198 198 194 184 182 185 180 179 181 188 202 196 195 197 191 188 173 170 184 178 188 188 189 172 172 182 190 196 194 182 195 166 189 194 214 194 208 194 195 192 191 196 180 177 174 156 153 166 168 161 158 150 148 144 126 129 142 138 139 140 144 149 143 144 146 146 144 150 143 139 146 140 143 129
220 229 235 249 259 264 265 269 273 269 272 277 266 268 264 248 230 221 206 198 196 195 192 186 190 192 188 186 188 190 184 195 197 198 189 174 172 190 182 190 175 178 180 174 176 168 172 179 181 175 165 170 177 188 206 206 213 205 190 189 179 174 185 168 174 167 146 164 168 165 158 152 141 125 139 131 140 145 143 146 146 147 142 145 144 141 146 144 145 150 148 149 145 136
221 228 234 239 245 249 250 254 270 261 263 275 275 272 268 246 239 220 204 196 195 194 193 189 197 198 198 188 187 205 192 198 190 178 182 179 174 186 188 186 181 176 170 174 182 176 174 174 173 168 160 176 180 199 206 194 207 193 190 178 170 169 176 176 174 167 167 148 161 163 155 149 144 133 139 138 133 143 141 146 144 142 145 145 145 141 146 140 147 143 151 144 140 138
219 225 229 235 238 240 241 246 252 253 260 277 284 281 271 244 229 223 207 196 201 197 199 195 204 211 213 201 207 204 190 189 182 170 170 166 165 179 189 186 177 182 166 171 171 175 182 172 160 160 162 176 179 179 184 186 186 195 185 189 176 185 161 163 164 160 152 166 170 165 158 151 144 129 133 138 140 136 141 142 147 145 142 145 147 141 139 144 144 140 143 148 140 137
219 224 227 230 232 232 235 241 247 256 257 283 274 271 261 235 230 230 207 194 202 204 202 194 201 205 213 202 209 206 186 182 182 176 185 182 169 176 188 188 181 176 165 168 175 175 182 176 167 165 161 165 184 182 175 191 179 186 176 179 172 182 186 154 162 176 172 152 170 166 156 149 149 142 138 127 136 147 146 145 147 145 149 142 142 138 146 147 140 140 141 144 144 140
217 219 225 229 233 234 234 237 252 266 274 277 271 268 256 239 228 222 208 199 200 202 194 202 213 209 217 221 203 194 190 174 183 187 186 174 181 186 181 186 179 171 161 165 172 174 173 178 176 166 154 156 168 193 184 191 174 186 175 172 167 173 159 154 151 176 172 155 166 164 156 149 144 138 136 129 143 146 144 146 140 147 142 140 138 145 136 137 140 140 136 139 147 140
213 220 226 228 233 238 239 245 254 268 270 269 271 257 256 243 233 218 210 206 196 197 194 206 217 227 226 221 198 189 188 178 189 190 183 176 176 183 187 183 166 171 163 161 165 168 172 175 172 168 158 165 177 191 169 183 179 173 163 169 166 166 154 154 153 167 150 148 161 161 155 149 140 132 132 127 143 143 140 144 140 147 138 142 140 138 138 141 140 133 133 136 142 144
207 217 224 230 234 239 243 252 261 269 268 265 253 245 247 228 221 216 211 216 212 200 198 202 215 221 234 218 200 194 189 180 191 186 180 171 176 178 180 170 177 179 165 159 157 152 172 172 174 165 161 165 186 195 179 160 169 171 154 160 157 161 165 149 162 146 150 148 141 148 143 143 134 139 143 143 141 143 137 142 142 144 149 145 145 145 143 135 132 131 131 134 139 139
207 211 223 232 236 236 243 250 260 270 267 258 246 249 241 224 222 224 210 222 213 207 199 203 207 225 222 211 201 195 180 184 188 186 179 175 177 177 174 172 193 176 164 159 156 154 171 169 165 160 160 167 188 193 172 150 150 150 169 155 154 177 183 162 144 146 167 161 139 143 139 146 134 134 130 134 134 134 140 146 151 153 156 147 145 145 143 135 137 140 131 134 136 139
205 209 221 228 237 242 255 256 266 276 266 254 249 248 232 221 239 208 213 221 213 203 201 202 208 215 220 201 197 203 188 182 185 180 182 183 181 176 169 173 185 178 175 161 156 152 154 152 166 166 162 169 193 164 169 150 185 184 183 173 154 173 181 169 173 158 167 164 139 137 146 141 139 148 143 137 141 143 140 142 146 146 145 145 142 145 148 137 137 137 140 133 141 141
202 211 221 226 233 246 252 256 260 269 264 247 247 236 224 230 226 236 227 223 213 205 198 199 211 213 212 199 190 182 182 174 174 176 183 188 188 183 181 185 190 190 174 167 158 149 170 166 168 168 159 178 170 156 175 145 163 185 185 180 159 177 174 170 167 158 160 155 142 144 151 132 130 137 144 146 149 140 149 151 154 154 147 145 150 148 148 144 135 137 135 138 143 143
203 207 218 222 228 254 251 253 259 266 252 252 242 243 238 213 224 224 220 213 211 204 199 200 207 218 205 196 183 192 185 173 176 179 177 182 188 197 201 193 191 177 169 157 155 150 174 176 169 156 161 186 165 147 147 142 183 183 173 164 150 168 165 163 158 158 155 142 126 131 149 146 137 146 137 135 140 144 144 151 142 147 154 150 150 150 150 148 150 146 140 145 147 145
201 204 214 219 234 245 250 254 263 267 249 243 240 241 239 241 237 240 230 221 210 206 199 195 203 213 206 192 193 191 190 171 187 182 176 181 188 201 197 197 194 181 177 170 161 157 150 176 160 153 163 181 147 149 163 176 183 179 169 166 161 159 158 154 156 154 146 144 140 135 137 146 151 146 149 146 149 144 142 142 142 149 147 148 143 150 148 150 148 144 144 147 145 147
199 202 207 216 246 275 247 254 264 252 241 237 242 244 253 259 250 225 221 216 205 205 201 206 204 212 198 193 185 182 179 175 188 190 190 184 194 207 207 198 196 176 192 188 175 173 157 150 149 167 173 158 149 149 181 163 163 166 166 166 161 157 154 154 154 149 145 142 142 131 131 142 149 149 146 151 146 146 145 142 147 145 148 143 141 145 148 148 150 150 149 147 143 147
194 201 204 209 225 252 229 236 234 229 236 238 237 238 248 247 242 227 221 210 213 198 201 206 202 204 199 190 190 191 179 179 172 177 183 191 198 205 211 206 188 188 182 173 176 179 184 152 150 150 153 141 150 176 160 157 169 169 166 163 159 157 154 150 149 145 140 136 129 117 120 128 136 142 140 144 149 145 145 142 147 143 145 145 138 148 148 150 153 151 149 142 143 140
194 196 203 204 210 224 221 222 215 222 223 243 243 238 242 238 231 214 210 201 198 195 206 210 221 215 203 191 190 189 187 184 185 186 191 187 199 206 204 192 176 194 195 168 167 160 160 157 150 148 148 143 143 148 144 141 169 169 162 159 154 154 154 150 148 145 138 131 120 129 131 118 136 138 131 133 127 145 133 143 141 141 134 137 141 146 146 146 144 146 147 143 140 143
190 196 199 201 203 218 216 222 231 229 239 253 240 228 231 245 224 214 201 205 206 196 204 207 216 212 208 199 189 183 183 166 182 194 182 187 189 203 192 182 173 182 192 186 181 185 183 177 150 159 145 150 148 168 171 153 157 166 161 157 154 152 150 152 148 143 133 120 127 131 127 115 129 118 120 127 120 131 134 141 141 129 134 141 141 141 146 141 146 144 142 138 138 143
191 194 196 198 207 215 219 217 211 212 236 248 238 232 221 228 223 207 202 203 209 192 200 203 212 211 210 211 200 190 176 166 171 187 187 188 194 200 200 199 193 171 176 178 190 186 178 149 175 175 177 182 177 182 161 169 141 160 157 157 150 148 152 150 148 143 134 133 133 136 120 133 140 129 115 133 131 131 125 141 132 134 137 144 141 141 144 135 141 142 142 136 145 140
189 194 197 199 204 215 215 208 210 229 245 252 254 225 212 232 219 210 206 207 196 191 194 197 218 206 210 211 193 185 175 163 168 180 187 197 204 200 196 196 197 177 167 163 181 170 185 147 181 184 186 188 182 179 163 163 168 138 152 157 150 150 154 154 150 145 141 136 129 127 134 141 140 136 132 132 123 114 127 134 123 137 137 146 146 146 141 132 137 135 140 136 143 138
186 190 195 198 198 212 204 211 225 235 240 233 236 216 212 213 205 202 207 212 193 194 194 207 209 211 206 209 197 187 176 166 169 178 190 197 199 197 199 180 178 183 178 165 154 150 164 151 183 181 186 177 186 182 166 168 163 161 141 138 150 161 154 157 152 150 145 143 136 136 141 138 136 134 125 125 120 107 114 116 135 137 144 146 144 141 139 133 137 133 140 136 140 140
186 188 194 197 197 199 208 217 217 231 223 232 211 210 204 205 200 201 211 204 194 194 207 212 209 206 200 202 193 197 177 169 174 184 185 180 197 201 195 194 194 172 171 161 176 183 148 156 158 158 176 182 186 182 168 163 161 159 150 159 154 136 141 157 154 150 148 150 145 141 143 145 138 141 136 132 127 107 111 121 132 137 148 141 144 139 137 133 133 135 142 143 133 136
185 187 192 195 196 201 205 215 217 226 221 215 210 209 205 202 196 202 218 210 210 214 205 200 208 202 195 202 199 191 174 171 176 172 185 188 201 197 191 189 194 189 181 186 185 165 148 162 179 183 181 179 184 182 170 166 159 145 154 163 163 161 136 150 148 150 148 148 152 145 150 150 141 138 136 134 123 109 109 123 137 141 146 141 141 137 137 131 128 135 142 138 136 136
182 188 191 191 194 197 204 200 204 209 218 208 205 202 201 198 197 207 216 212 216 209 212 195 211 196 191 196 198 193 177 174 179 185 183 184 197 193 173 163 189 183 179 162 183 161 161 149 155 176 174 176 183 175 170 160 151 163 163 158 160 161 145 150 152 150 148 150 150 150 145 148 143 141 134 134 132 125 112 121 128 135 141 141 141 137 131 135 140 142 142 137 135 136
178 183 187 190 190 193 201 208 214 211 228 211 222 207 199 195 199 224 224 216 217 213 208 206 196 201 193 197 196 194 184 171 182 188 186 193 195 191 175 174 156 174 181 164 155 165 166 158 164 158 160 167 181 176 167 163 158 167 165 156 160 163 158 133 154 149 150 152 145 148 150 136 141 134 138 130 135 130 116 114 123 132 132 137 142 133 137 144 140 137 140 135 135 128
179 182 185 189 189 189 206 210 226 226 225 222 212 207 201 199 203 230 223 215 215 206 211 203 196 196 202 189 202 189 182 175 180 182 197 195 195 193 187 180 165 154 159 184 167 180 152 187 187 155 182 163 158 172 163 163 170 167 167 160 158 163 160 147 154 151 151 148 148 150 145 141 143 141 129 132 130 135 123 112 119 128 140 140 140 142 140 142 135 142 140 135 133 131
179 182 182 183 189 186 191 210 211 226 214 215 215 210 209 199 212 223 220 211 215 208 223 210 203 189 190 190 189 196 183 175 191 195 201 191 182 188 185 178 163 161 168 160 149 149 154 188 180 164 185 182 151 163 158 170 172 167 165 167 165 160 158 156 147 147 140 141 141 141 141 138 132 134 125 132 123 132 121 112 114 123 137 140 140 140 147 147 140 142 135 133 131 135
176 179 182 184 185 185 183 202 208 218 213 210 207 204 201 203 209 226 222 206 212 205 225 206 202 191 192 206 192 178 185 187 183 204 200 193 174 185 185 167 168 159 148 153 160 161 163 188 181 151 180 182 151 167 164 153 167 169 167 167 163 158 154 153 147 136 136 145 149 143 143 136 141 134 137 137 128 125 121 126 115 126 137 142 135 133 136 145 135 140 131 133 133 131
175 177 178 181 181 182 182 207 213 213 202 199 199 201 203 200 208 235 220 210 207 205 209 204 203 201 203 206 197 192 187 176 183 196 191 191 169 187 183 183 168 175 155 158 182 158 163 181 181 148 175 177 166 155 164 169 151 164 167 162 160 153 155 149 153 144 142 145 140 140 145 143 134 136 139 141 140 135 131 137 135 124 137 147 138 154 138 133 131 129 136 143 143 136
174 174 177 180 180 180 181 190 199 201 203 198 203 198 200 208 206 233 221 207 207 205 213 203 201 199 201 197 201 197 183 185 183 189 187 174 178 185 170 181 183 164 157 164 182 173 156 181 181 152 177 170 166 152 169 167 164 162 162 160 162 162 162 160 153 153 136 136 142 145 138 134 129 136 135 142 142 128 135 142 140 128 133 154 150 150 152 143 140 145 140 140 143 143
174 176 176 179 179 179 179 196 205 198 195 193 198 204 211 211 215 223 212 205 203 220 213 203 199 197 192 190 197 188 183 185 202 194 191 174 174 183 183 181 159 155 164 182 182 173 154 178 181 159 148 164 170 168 155 164 167 167 158 160 160 162 160 162 151 146 135 145 142 138 133 138 132 138 144 142 135 140 144 144 144 136 136 143 138 161 152 150 145 147 143 140 143 145
172 175 178 178 178 178 178 192 203 194 192 201 194 207 212 207 201 216 207 200 204 211 206 201 194 197 192 183 194 190 188 190 199 197 190 186 186 183 190 177 180 158 164 171 182 180 178 174 178 172 166 158 166 164 166 159 166 162 160 159 159 164 160 159 151 146 142 146 147 147 140 136 143 148 148 144 142 149 147 140 150 152 138 147 159 154 155 155 152 147 145 147 145 143
174 175 177 177 177 177 175 175 199 192 184 191 198 207 210 215 213 209 213 200 197 219 203 203 192 199 192 186 199 190 190 208 201 192 183 186 175 189 180 171 164 162 178 180 180 180 178 172 178 174 169 145 156 163 168 166 159 159 161 159 159 161 161 152 161 152 149 146 149 146 140 145 150 152 150 151 151 151 147 147 150 148 139 136 146 157 157 155 150 148 150 150 145 145
174 176 176 176 176 174 172 176 183 187 183 206 213 213 215 220 224 222 213 210 192 212 203 201 199 201 186 197 201 194 197 208 192 197 201 184 195 164 182 184 175 184 175 182 180 178 171 176 174 178 174 154 156 167 168 161 161 159 164 161 159 161 161 155 157 155 148 144 153 153 151 152 154 152 153 151 153 147 156 152 152 155 155 134 136 146 157 146 152 152 152 140 150 152
173 175 177 175 174 174 169 176 185 191 198 201 212 212 214 228 226 228 219 221 203 201 199 206 188 203 194 203 197 188 203 212 192 186 195 184 195 184 178 173 169 186 173 182 180 180 178 178 174 156 169 161 145 161 161 157 157 159 161 164 161 164 161 157 159 159 152 150 153 158 160 154 152 154 155 151 153 156 156 157 159 155 146 143 132 143 157 141 146 148 141 150 152 152
171 174 174 175 173 171 166 175 180 182 189 187 196 207 220 224 223 236 206 230 210 186 206 217 201 203 203 208 206 190 201 212 192 201 184 182 184 171 180 178 193 182 182 182 180 175 173 175 169 172 172 161 161 143 154 149 156 156 159 163 164 161 161 157 157 159 164 159 159 158 160 160 159 159 157 157 149 152 150 152 152 155 143 136 136 139 155 139 148 148 155 152 154 151
