grids/precipitation/jul/RSMS_07_1882_01.asc
NCOLS 654
NROWS 866
XLLCORNER 3280414.711633467
YLLCORNER 5237500.62890625
CELLSIZE 1000
NODATA_VALUE -999
[rows 779 to 819 of 866, columns 376 to 469 of 654]
166 165 164 173 177 173 171 158 163 173 174 172 177 185 188 188 191 190 191 193 185 199 198 199 197 200 201 201 200 200 182 197 196 194 190 188 188 185 190 193 193 196 196 197 198 200 200 199 200 203 204 207 213 220 216 210 199 200 189 192 187 180 186 186 182 175 172 182 184 184 180 171 171 169 173 174 172 173 167 163 165 166 171 177 177 179 184 188 190 189 190 193 197 206
166 165 163 168 175 170 160 158 176 176 177 181 180 187 194 193 193 194 194 191 184 187 197 199 200 201 207 209 203 187 197 201 198 197 196 194 191 191 196 197 198 198 200 201 201 204 200 201 200 201 203 210 213 213 210 206 199 193 189 187 197 182 180 186 189 185 174 174 182 182 175 176 172 173 177 176 173 169 169 163 167 171 175 178 177 177 182 189 189 189 186 193 203 209
165 164 162 165 170 168 158 176 182 181 181 180 188 191 194 199 199 199 200 184 185 190 199 201 204 204 209 209 206 204 204 204 201 201 198 196 196 197 198 201 201 203 206 206 206 206 203 201 200 203 204 209 213 210 209 202 197 190 189 190 194 180 180 185 186 185 186 174 184 177 177 177 173 173 176 176 172 170 163 162 174 176 178 175 177 177 186 188 188 188 193 203 204 206
161 161 161 160 161 159 161 182 182 183 193 189 196 191 190 196 197 197 186 180 187 196 199 204 212 216 209 209 210 196 206 204 206 204 200 199 200 200 203 204 206 207 209 206 206 204 204 201 202 202 204 207 209 207 202 197 194 184 187 200 193 185 180 179 188 184 185 174 174 176 176 176 173 176 176 174 173 168 164 172 170 173 176 168 176 177 186 186 186 189 197 206 210 210
158 158 160 158 158 157 167 181 182 178 193 196 193 193 194 196 191 183 181 181 187 191 203 206 209 213 207 207 190 196 209 206 207 207 204 204 204 206 207 212 213 213 210 209 207 207 204 203 204 203 204 206 207 207 200 196 184 179 186 190 189 185 182 185 186 177 182 176 176 173 176 177 173 176 174 174 169 165 162 168 168 170 172 169 174 177 185 185 185 196 197 208 206 206
156 156 156 156 157 160 170 188 189 186 190 200 196 189 192 194 190 190 180 181 192 197 203 212 213 213 204 203 188 210 210 212 209 207 210 209 207 206 210 215 216 216 213 210 209 209 206 206 204 202 200 204 209 207 194 194 189 186 180 183 190 183 178 186 188 182 178 176 172 176 172 177 178 178 176 174 168 165 162 162 164 165 165 172 172 177 184 185 185 196 189 207 208 204
153 152 153 155 156 166 188 183 186 185 190 190 190 187 190 189 192 193 183 183 199 194 207 210 218 218 209 194 188 209 213 212 209 210 212 212 212 212 215 216 216 216 215 212 210 210 209 207 204 203 200 207 207 200 194 192 182 186 182 182 190 189 178 178 185 185 177 172 174 172 173 180 176 177 176 173 169 164 163 160 166 162 164 172 172 176 185 186 186 199 193 206 203 204
153 151 153 153 165 167 181 184 189 193 190 193 189 188 193 193 189 183 183 190 196 197 210 210 219 219 206 199 190 209 204 207 212 218 215 213 216 215 216 218 215 215 215 215 215 213 212 209 207 204 202 200 203 199 196 195 185 183 178 179 193 193 186 178 181 184 182 172 172 170 174 176 177 177 174 170 168 164 163 160 163 164 164 168 176 177 185 185 189 200 201 201 201 204
152 152 151 151 163 167 175 182 195 193 199 190 185 192 200 195 183 185 186 199 202 203 209 214 214 210 193 192 209 210 203 207 215 216 215 215 216 218 218 218 219 216 216 216 215 216 213 212 210 207 202 200 203 199 199 200 189 189 183 178 181 189 185 182 176 181 180 172 176 174 174 176 177 174 174 168 169 165 163 161 166 165 169 174 178 178 181 186 192 201 201 204 204 204
153 151 152 150 161 173 177 186 190 189 195 192 188 190 197 190 183 183 187 207 204 204 209 213 222 196 196 194 210 210 203 207 210 219 222 220 219 219 219 222 219 218 218 217 217 217 216 213 212 209 204 199 204 199 202 193 196 196 190 189 179 179 184 184 178 177 178 173 172 176 174 173 174 174 172 170 170 165 163 170 166 169 173 178 182 183 183 193 194 200 198 203 204 206
155 151 151 151 158 169 185 184 189 192 193 192 188 189 193 183 182 186 202 204 204 206 212 222 216 202 202 207 210 209 202 206 207 215 220 219 219 220 223 223 222 222 219 219 219 219 219 216 213 210 206 200 206 202 199 196 196 196 197 195 185 178 177 176 176 176 173 172 173 173 174 175 174 170 171 171 168 166 165 173 169 175 178 179 179 178 187 186 195 195 201 209 204 204
154 150 150 150 154 160 172 185 185 188 192 186 186 186 185 178 183 188 200 204 207 207 210 216 216 204 203 210 214 209 197 199 199 203 213 219 222 223 225 225 223 222 220 220 220 222 219 219 214 209 209 197 206 199 200 193 200 199 197 189 189 184 177 176 178 176 174 174 177 176 175 174 172 170 170 169 166 166 170 174 178 177 175 181 186 192 194 195 194 193 197 206 205 207
155 150 150 151 152 160 176 185 178 185 189 186 188 192 178 178 184 186 199 206 207 212 213 219 200 202 204 216 214 219 197 193 193 199 209 219 223 228 228 228 229 226 223 222 220 222 220 217 216 214 210 199 212 199 199 189 195 195 195 192 181 179 175 177 177 176 174 173 173 176 175 177 171 170 171 169 168 169 173 181 178 180 184 188 192 190 194 190 190 194 194 202 202 204
154 152 151 153 153 159 168 182 185 190 180 184 184 185 171 179 182 184 196 207 213 213 220 214 200 200 204 212 214 214 197 199 196 203 212 222 235 235 233 235 230 225 226 225 225 222 223 219 219 219 216 202 216 214 190 189 188 189 189 182 182 178 177 178 176 176 174 173 177 175 177 173 171 171 170 169 167 166 175 179 183 185 187 192 194 194 189 190 190 186 187 198 207 209
155 155 154 154 153 155 163 175 178 182 178 177 177 169 171 178 182 185 201 207 211 214 214 209 199 202 203 207 216 212 199 206 200 207 217 226 217 232 232 230 235 228 229 229 228 226 225 220 217 220 219 202 216 193 192 185 183 182 211 188 179 178 177 177 174 174 176 174 176 177 171 171 171 171 171 169 167 165 175 181 185 186 189 192 192 192 187 191 191 195 218 214 215 209
157 155 155 154 155 156 160 171 170 166 165 164 165 169 174 176 182 186 199 211 208 209 209 199 199 203 204 207 210 206 204 203 206 210 217 226 232 235 236 233 243 235 232 229 226 230 223 222 220 220 219 207 214 213 192 195 188 179 181 185 188 178 177 178 176 176 176 174 176 175 171 170 173 174 171 170 170 166 175 183 186 188 192 195 194 191 198 206 198 223 223 211 214 210
156 155 155 154 155 156 160 160 168 164 161 161 163 169 176 176 178 182 196 203 207 208 215 196 196 200 207 206 207 209 207 207 222 223 227 235 236 236 235 236 239 233 235 233 229 230 225 223 222 219 219 216 217 213 196 190 189 181 181 184 181 179 177 177 176 176 174 173 173 174 170 171 170 173 170 169 171 170 178 184 188 189 193 197 196 200 204 207 207 212 206 214 219 213
156 155 156 155 156 156 162 163 165 165 166 169 166 166 173 176 178 182 197 196 208 211 215 196 196 202 209 206 206 206 207 219 227 229 233 233 236 237 240 239 239 237 236 232 229 229 225 223 222 222 217 207 211 214 213 206 195 204 197 188 179 177 174 174 176 173 173 169 172 173 169 170 170 170 171 171 171 173 174 184 186 189 197 201 200 199 203 206 202 207 204 219 220 221
157 156 156 155 156 162 168 167 166 169 170 169 168 172 170 176 180 182 196 197 208 210 213 195 196 203 209 206 209 210 210 213 229 233 235 237 235 239 245 242 239 236 237 233 229 229 229 223 225 216 216 216 211 214 215 208 206 204 195 193 203 189 178 178 174 173 170 170 168 166 170 170 170 169 171 171 171 174 178 181 186 191 197 201 200 205 208 211 210 212 217 222 222 225
158 154 158 159 162 164 171 173 173 170 174 173 174 180 180 178 184 186 196 200 207 212 215 209 197 206 210 217 216 214 214 216 220 239 239 243 242 237 242 237 243 233 240 239 232 232 229 227 223 217 213 224 230 207 220 221 210 207 200 188 193 193 193 186 178 172 173 172 169 168 169 169 173 171 174 175 178 180 181 185 188 196 198 202 206 209 205 224 227 220 227 230 227 230
159 159 160 165 168 168 168 171 181 179 175 182 187 186 194 196 194 194 193 196 205 211 214 211 203 213 220 220 219 220 220 227 227 237 239 231 231 234 240 245 247 235 243 245 245 239 232 226 227 229 231 220 220 227 214 228 222 222 206 181 189 193 193 189 181 176 173 173 170 170 169 172 175 175 180 183 183 184 185 189 193 197 201 205 205 210 221 232 234 231 234 235 238 243
160 155 159 167 172 171 173 173 181 180 183 183 187 190 195 198 197 200 198 201 209 216 212 209 203 210 216 221 221 221 226 231 227 227 241 233 241 240 247 256 249 237 249 247 246 243 236 230 234 254 250 249 234 230 222 228 226 229 207 194 186 185 200 200 182 180 178 173 172 172 173 174 174 178 184 187 187 188 189 193 193 198 203 209 205 210 225 232 231 232 244 242 242 244
158 158 160 165 169 171 172 175 181 181 184 184 190 195 202 201 201 204 204 203 211 211 221 222 211 207 215 220 223 224 228 236 229 231 240 244 241 246 253 260 245 243 247 250 247 244 239 237 243 226 231 223 230 230 220 228 226 229 215 185 190 180 185 193 193 177 174 173 172 172 174 175 177 180 187 191 189 193 192 193 195 201 204 204 208 218 230 229 231 240 242 243 251 249
155 155 158 161 164 172 169 173 178 185 186 191 192 202 204 209 211 212 209 207 214 220 223 214 208 214 217 218 221 223 234 235 234 238 239 246 251 246 254 249 244 246 250 256 253 253 247 241 237 231 227 225 228 228 224 227 225 224 214 200 199 190 192 192 194 180 176 176 174 177 177 177 183 188 192 196 199 197 196 195 197 203 207 214 221 222 232 237 236 236 243 254 256 261
152 151 156 159 161 170 171 175 180 183 189 193 194 200 207 214 216 214 210 209 209 219 216 215 212 214 217 220 221 231 232 235 241 243 240 243 254 251 249 247 251 251 253 254 258 257 251 247 247 238 233 232 232 220 229 227 231 229 218 211 209 211 198 200 201 185 181 177 176 176 178 179 186 187 195 200 204 200 197 199 200 205 209 212 227 227 228 239 247 255 265 268 270 273
150 152 158 160 163 168 175 178 178 181 188 197 201 202 205 211 214 213 210 211 215 211 215 214 214 214 219 221 222 234 237 240 245 245 245 245 255 255 253 251 256 256 258 258 262 261 258 251 250 247 243 239 241 234 239 229 232 236 239 222 215 207 211 206 205 192 184 178 178 177 178 182 185 187 194 199 202 200 199 199 204 211 227 244 253 241 240 248 265 279 319 297 278 285
152 153 156 160 161 167 172 174 175 179 190 199 202 209 206 211 213 213 213 210 212 213 220 216 215 218 219 224 231 238 237 239 243 252 251 265 257 259 255 257 258 261 264 265 269 269 264 257 255 248 245 242 235 239 242 232 239 242 232 218 218 223 228 231 226 217 209 189 180 178 180 182 185 189 196 199 199 200 200 204 216 228 255 259 240 239 252 268 293 307 315 308 292 298
151 155 157 165 165 166 171 173 177 187 193 199 206 209 210 205 207 210 213 218 216 216 220 218 223 229 222 226 239 234 239 241 245 258 257 252 259 258 258 258 262 262 264 269 272 272 268 262 257 254 248 241 248 251 246 239 242 261 246 242 223 226 227 226 231 236 233 227 182 181 181 182 185 191 197 198 198 200 200 204 219 254 248 236 239 249 263 281 307 354 334 343 309 311
154 155 157 160 171 170 174 176 179 187 192 202 210 212 211 205 204 207 210 217 218 221 219 220 225 225 226 231 236 235 241 252 258 258 254 252 264 258 262 262 262 265 266 272 272 272 274 265 262 261 248 251 251 256 242 245 264 275 253 250 248 221 216 220 231 240 236 211 201 188 185 184 196 189 194 199 199 201 203 211 220 231 240 230 242 261 287 295 363 356 369 331 309 371
155 156 158 165 164 171 178 179 182 187 195 203 207 207 206 206 204 207 211 218 219 220 224 224 226 227 229 234 236 235 240 253 263 258 251 259 259 262 265 265 265 266 272 276 278 278 275 271 265 261 253 256 267 265 247 247 269 261 275 258 250 242 234 230 233 250 248 235 238 203 205 206 223 235 209 198 199 201 203 207 216 246 225 238 253 286 314 343 328 404 360 306 321 396
164 165 161 167 171 174 178 182 185 192 203 207 210 207 207 207 208 212 216 218 221 221 228 226 227 229 230 232 238 242 249 272 274 259 260 254 265 266 266 265 264 268 274 276 282 283 281 283 262 262 263 262 270 257 254 255 251 257 276 286 286 266 230 232 235 258 257 291 263 215 239 271 253 245 219 201 203 210 209 207 210 230 263 257 271 318 -999 311 392 379 396 316 360 384
166 164 162 171 178 175 183 186 192 200 206 209 212 209 204 210 209 212 216 220 221 225 227 228 230 232 236 245 246 243 250 261 274 262 270 263 265 269 266 266 268 272 285 278 276 289 279 268 259 264 269 281 284 278 278 280 280 265 277 304 323 280 251 238 238 238 239 261 270 224 280 279 238 265 222 202 207 222 210 205 209 241 304 289 281 344 -999 358 416 359 344 313 367 375
171 168 167 175 179 183 189 191 199 203 208 212 213 211 210 214 214 213 217 226 223 229 229 234 237 237 240 247 268 299 300 309 289 264 274 276 270 277 274 303 314 310 299 317 313 296 285 268 252 269 297 329 320 311 336 315 275 269 269 277 302 288 255 241 244 250 276 268 267 223 232 260 283 263 217 200 200 209 203 201 203 224 295 286 -999 -999 -999 377 369 338 302 344 419 452
173 171 174 181 181 184 189 200 203 204 210 214 216 215 219 219 227 227 227 232 223 227 232 239 243 245 248 289 304 336 334 318 288 270 277 276 274 274 308 345 355 313 302 334 350 345 296 278 257 259 291 297 299 332 307 291 302 291 262 299 287 313 272 244 241 255 309 341 292 237 255 297 241 247 206 229 274 234 247 200 203 217 236 -999 -999 -999 -999 405 352 304 341 348 388 449
178 178 180 177 183 189 198 201 205 208 216 219 220 218 219 219 217 220 224 226 224 230 236 242 245 248 282 287 331 299 327 303 286 274 283 281 281 283 336 338 371 360 330 350 354 324 323 279 265 258 258 261 285 297 343 298 317 302 261 306 323 312 280 245 244 251 264 314 252 256 252 282 289 276 213 243 303 273 233 215 198 220 311 -999 -999 -999 -999 -999 351 300 382 413 418 434
188 179 184 183 188 194 202 204 207 214 215 222 236 241 229 239 237 231 224 231 233 235 240 246 252 252 278 277 291 311 331 313 288 279 283 287 294 293 293 294 290 343 348 375 336 336 312 296 279 262 259 280 311 327 354 338 311 326 275 270 264 257 254 246 242 247 242 275 272 271 267 301 274 265 259 209 277 263 227 209 193 219 -999 -999 -999 -999 -999 -999 -999 -999 341 356 401 385
194 192 189 189 194 194 199 209 212 214 216 224 235 237 233 246 261 246 232 235 239 239 244 254 261 262 299 314 310 311 334 336 299 284 286 291 300 294 319 330 332 322 329 375 385 325 329 304 293 279 269 267 295 293 314 329 317 320 331 275 262 308 280 301 262 236 233 245 274 258 290 283 265 261 236 231 284 261 267 271 197 200 -999 -999 -999 -999 -999 -999 -999 -999 -999 -999 -999 -999
190 187 190 195 195 198 203 214 214 215 218 223 236 236 241 255 254 238 235 239 241 242 248 257 264 282 299 326 351 316 317 310 296 292 289 291 293 298 340 328 351 336 337 358 367 361 318 353 358 301 277 273 273 272 268 322 353 328 348 302 315 370 286 363 294 244 248 238 274 258 279 265 267 252 245 243 267 255 277 275 205 204 -999 -999 -999 -999 -999 -999 -999 -999 -999 -999 -999 -999
193 192 192 195 198 199 207 211 219 219 218 223 231 236 253 247 245 236 238 241 242 244 248 255 273 303 296 303 304 345 335 320 311 321 288 291 290 295 319 370 382 384 420 361 346 323 382 406 370 318 280 276 300 315 274 324 371 342 379 324 338 371 339 341 295 261 255 260 252 248 260 282 286 238 241 215 208 223 243 228 248 209 -999 -999 -999 -999 -999 -999 -999 -999 -999 -999 -999 -999
199 199 199 199 202 204 209 212 222 221 219 225 232 236 235 231 236 239 239 241 243 241 248 258 292 328 318 326 329 337 363 324 343 364 302 289 287 293 321 354 360 370 377 367 339 346 434 364 329 297 288 325 322 419 336 344 386 350 329 309 322 364 364 339 312 279 277 366 359 278 263 325 297 274 286 263 222 201 216 212 222 222 230 -999 -999 -999 -999 -999 -999 -999 -999 -999 -999 -999
215 208 209 212 218 217 219 227 223 223 218 220 217 219 240 238 242 243 243 242 244 240 244 277 298 329 317 343 343 362 345 361 366 381 352 299 286 286 295 309 328 350 379 403 339 389 423 381 337 294 316 371 392 389 361 304 323 360 352 306 321 332 377 375 406 346 275 295 342 279 306 348 356 324 314 300 265 216 216 248 230 226 234 229 226 -999 -999 -999 -999 -999 -999 -999 -999 -999
