grids/precipitation/may/RSMS_05_1882_01.asc
NCOLS 654
NROWS 866
XLLCORNER 3280414.711633467
YLLCORNER 5237500.62890625
CELLSIZE 1000
NODATA_VALUE -999
[rows 572 to 623 of 866, columns 288 to 383 of 654]
60 59 60 59 59 59 57 55 55 56 57 58 60 60 60 59 57 57 62 62 61 61 60 58 58 59 58 59 59 61 64 63 64 64 65 70 70 70 74 71 72 68 67 67 67 68 68 69 69 68 67 64 65 63 63 61 63 62 64 64 62 60 60 63 61 61 61 62 63 63 63 63 66 67 67 70 69 73 79 85 88 86 87 82 78 77 83 83 83 83 80 78 79 78 79 78
59 59 61 60 59 58 56 56 54 54 58 60 60 61 61 59 59 61 63 64 64 61 60 59 60 59 59 60 60 61 63 63 65 69 69 71 69 69 72 70 68 69 66 66 66 69 65 68 66 64 66 67 66 65 65 63 61 61 62 64 63 62 63 62 63 65 64 64 63 64 63 65 64 66 66 67 69 75 81 83 88 84 84 82 82 87 83 79 83 83 82 78 79 78 79 80
59 59 61 61 59 58 56 56 55 56 56 58 60 61 60 57 55 59 63 63 64 61 60 61 61 60 59 61 62 63 64 64 67 74 72 73 73 71 70 68 68 67 66 65 65 66 65 66 67 63 66 67 67 68 67 65 65 65 62 63 63 64 65 63 64 66 67 65 63 64 64 64 64 64 65 67 68 69 71 71 75 86 87 83 82 77 82 83 86 86 84 80 77 78 79 80
60 62 63 61 58 58 57 57 58 57 58 59 61 62 56 55 59 61 61 63 61 61 62 59 60 60 59 62 63 64 64 67 68 71 71 79 79 78 77 75 75 70 71 69 68 66 63 63 65 67 67 65 65 66 66 66 67 66 63 62 63 62 62 63 65 63 66 66 64 62 63 64 64 65 66 63 65 65 68 72 76 79 85 82 80 89 83 80 83 84 84 83 80 78 82 80
62 60 61 60 60 58 59 59 58 59 59 60 60 62 58 56 56 56 57 59 60 59 60 62 61 61 62 62 63 63 64 66 67 69 69 72 78 79 77 77 77 75 71 68 66 66 67 65 63 63 65 65 63 64 64 65 67 66 64 63 62 64 63 62 63 63 65 64 65 62 62 63 64 64 64 62 65 65 67 79 82 83 85 86 80 88 84 86 78 81 82 83 81 77 78 79
61 58 58 60 59 59 60 59 59 60 60 61 60 60 62 61 57 58 60 59 59 62 62 63 61 63 64 64 64 65 65 66 67 67 78 77 75 78 77 76 75 74 73 70 70 70 66 67 65 65 63 63 64 63 63 63 63 63 65 65 65 65 64 64 64 62 63 64 64 66 62 63 64 63 63 63 62 65 78 80 83 79 82 83 86 86 83 83 83 81 82 84 81 79 77 81
56 58 58 58 59 60 60 61 61 63 62 63 62 60 63 58 58 62 58 58 60 62 62 63 64 64 64 66 66 67 68 68 66 68 70 74 78 77 81 77 78 74 73 71 67 68 68 67 66 65 65 65 66 65 65 63 61 61 61 64 64 65 64 64 66 64 65 64 63 63 63 62 63 63 65 65 64 65 68 80 77 80 83 84 85 86 85 83 84 77 79 82 82 81 79 78
57 56 59 60 62 61 61 63 63 64 63 64 64 63 63 62 62 65 63 62 62 61 62 63 65 65 66 68 67 69 67 68 68 68 69 70 76 78 77 77 71 72 71 69 69 66 67 67 67 69 68 68 63 66 62 62 63 62 60 61 61 62 63 64 64 63 66 69 70 67 63 62 62 62 62 62 66 66 71 71 75 72 82 83 77 85 81 79 79 72 81 81 83 81 80 74
57 60 60 61 60 61 63 64 64 64 63 65 65 65 64 65 60 63 62 62 62 63 63 65 66 67 68 70 68 69 69 67 68 70 71 75 76 76 76 76 72 74 67 66 68 66 66 67 64 67 66 67 64 63 62 61 61 61 60 61 59 60 61 62 63 62 64 64 64 63 63 61 62 62 61 63 65 65 67 69 72 69 79 80 81 84 84 82 75 70 83 80 80 78 83 78
58 59 59 60 60 60 64 65 64 64 65 64 64 64 62 65 62 60 60 60 62 62 62 64 65 66 66 70 71 71 70 69 70 70 72 77 77 78 76 74 74 73 71 69 64 64 63 63 63 63 65 63 63 63 62 62 64 61 62 62 60 60 61 62 62 63 63 63 63 63 64 67 63 62 61 62 64 65 67 67 68 68 75 78 74 82 80 82 82 70 80 76 71 81 82 82
59 59 60 60 59 62 63 64 65 67 67 65 65 64 63 65 64 64 59 59 61 61 62 63 64 67 68 72 74 73 70 71 70 71 78 79 80 78 75 72 70 71 68 63 67 66 65 65 63 62 63 62 66 63 64 65 65 64 64 62 61 61 65 64 64 64 66 65 68 68 66 62 64 62 62 62 63 64 66 69 69 70 71 70 73 81 78 71 80 69 76 73 77 70 75 82
61 61 59 60 62 64 65 65 67 67 67 66 67 64 64 64 62 63 62 59 59 60 62 63 64 67 69 71 71 70 70 70 72 72 79 78 75 76 74 72 68 68 67 63 68 64 68 68 66 63 62 64 66 67 63 65 63 62 63 63 64 64 65 65 65 65 67 66 65 63 61 60 61 63 64 62 63 64 67 70 73 70 70 70 79 82 80 78 73 74 68 81 83 81 79 81
61 61 62 63 63 64 65 67 67 68 67 68 67 66 66 61 61 61 60 58 59 60 63 63 65 67 68 69 70 70 70 70 72 72 76 78 76 72 74 71 71 69 67 68 68 68 68 68 66 66 64 65 67 64 65 65 64 64 62 63 64 61 63 65 65 63 63 62 63 61 61 62 63 64 63 63 63 64 65 69 70 70 70 67 81 79 75 82 67 66 69 84 82 83 81 72
61 60 61 62 63 63 66 68 67 67 68 68 69 68 62 62 61 61 60 60 59 62 63 64 64 65 67 68 70 71 70 72 72 73 76 74 77 75 71 68 70 69 67 66 68 68 65 68 67 66 64 65 65 64 63 64 64 62 62 61 62 63 63 62 63 62 60 62 62 62 62 64 64 64 64 65 63 64 66 67 70 70 73 75 82 78 68 77 66 73 83 88 83 82 82 76
60 63 64 62 60 63 65 67 69 67 67 68 68 66 63 64 64 64 63 63 62 63 63 64 66 67 67 67 68 70 70 70 72 73 75 79 75 75 75 69 64 63 64 59 66 69 66 66 69 68 65 66 66 63 63 61 63 64 63 63 62 61 60 61 60 61 62 62 59 60 63 65 64 63 66 63 63 64 66 68 70 72 75 83 83 79 72 66 66 74 83 81 81 79 82 81
63 62 62 60 65 66 69 67 68 68 69 67 66 64 64 65 66 64 64 64 64 64 66 66 67 66 68 68 68 69 70 70 73 73 76 76 74 73 70 67 66 65 63 62 66 64 66 67 66 65 66 66 63 65 64 60 59 63 63 61 60 60 60 60 60 60 61 60 59 60 65 65 65 65 64 61 64 66 66 68 71 74 79 85 72 79 68 65 69 77 78 83 79 75 79 80
58 58 62 64 66 67 68 67 68 68 70 69 69 68 64 64 64 66 66 66 66 67 66 67 67 67 69 68 69 69 70 72 75 74 78 77 78 77 75 70 68 66 64 63 62 62 62 64 65 66 65 64 63 62 62 59 61 59 61 60 59 59 60 61 62 62 61 58 59 61 61 63 64 63 61 63 66 66 66 67 69 72 72 76 70 68 65 66 66 67 68 68 70 83 78 79
60 56 60 65 65 64 67 67 68 68 69 70 69 68 67 66 66 67 68 67 67 68 67 67 67 68 68 69 69 71 71 73 75 77 80 80 79 77 76 70 72 69 69 67 67 68 68 64 63 65 64 63 61 61 60 59 58 59 58 60 60 60 60 61 61 60 61 59 59 59 61 61 61 62 62 64 68 69 67 67 69 70 68 73 70 66 65 69 72 69 68 70 79 73 74 74
64 59 58 65 65 66 67 67 68 68 70 68 68 70 68 68 68 69 69 70 68 70 69 70 71 70 71 71 71 71 73 72 78 77 76 79 77 77 77 76 72 68 67 64 69 71 69 67 66 63 62 62 63 63 62 62 60 62 61 61 61 61 61 61 61 62 60 59 61 60 60 61 61 62 64 69 67 73 68 67 67 69 72 70 69 65 66 69 77 76 78 69 68 71 78 78
64 62 59 63 64 68 67 69 68 67 68 70 70 69 68 70 72 72 70 70 70 71 70 72 72 71 71 74 72 73 78 77 75 80 76 76 77 74 77 75 71 74 71 69 67 67 67 67 64 66 64 64 66 64 63 62 63 64 62 62 60 60 59 61 62 62 61 61 62 61 61 60 61 62 64 67 68 67 67 66 67 72 72 69 65 67 76 65 79 80 78 79 76 65 71 78
64 64 61 62 66 65 67 69 68 67 68 70 70 69 71 70 72 73 73 71 71 72 72 78 82 78 76 78 75 75 78 78 77 75 73 73 73 76 78 73 72 70 67 67 68 68 66 67 67 67 67 66 66 65 62 61 63 63 62 62 61 60 60 62 60 61 62 62 63 62 61 62 63 68 69 68 67 69 66 66 66 66 66 65 64 68 74 66 76 79 80 77 77 69 74 79
63 65 63 60 63 65 68 68 68 67 68 69 68 68 68 73 73 74 73 74 73 73 75 82 76 77 81 77 75 75 78 77 78 75 73 72 72 76 76 72 71 73 69 71 68 68 68 67 68 68 68 67 64 63 61 61 62 60 61 60 59 59 59 58 60 61 60 61 62 61 62 63 67 66 66 66 69 66 66 66 65 66 65 64 66 69 69 67 71 77 78 77 78 76 74 73
65 65 65 61 60 66 68 68 68 67 68 67 69 68 70 71 73 73 71 71 72 72 72 73 73 73 76 75 75 74 75 80 76 75 73 72 72 72 74 76 75 73 74 71 70 69 69 67 67 66 67 65 64 64 62 62 61 60 61 60 58 58 58 58 59 59 59 59 60 62 64 64 65 66 66 66 65 66 64 65 65 65 65 66 64 66 69 67 76 76 81 76 73 70 68 70
67 65 68 67 63 60 67 67 66 67 70 68 65 66 70 70 68 71 71 70 70 71 71 72 76 77 78 75 74 74 72 74 74 74 73 72 70 71 72 73 73 71 71 67 67 67 67 66 66 66 65 65 63 64 65 63 64 62 59 59 59 59 60 59 59 59 59 59 60 62 62 62 62 62 63 64 64 64 64 63 62 65 68 66 67 64 67 67 68 77 76 78 74 72 69 70
67 67 68 67 63 60 67 65 66 67 70 68 65 65 67 68 68 68 71 70 70 71 72 71 73 73 72 74 75 74 72 75 74 73 72 70 71 72 75 74 73 73 72 69 69 68 69 67 68 66 66 64 65 65 65 63 63 62 60 59 59 59 59 60 59 59 59 60 61 62 65 63 63 62 64 64 64 64 63 62 63 64 65 69 67 65 65 65 64 69 67 76 78 74 76 76
67 67 67 68 66 61 67 65 68 66 70 70 67 64 66 68 70 69 70 71 70 70 73 72 72 72 71 72 73 73 73 77 77 73 73 71 70 73 76 73 73 69 70 70 69 70 69 70 67 67 67 66 67 66 64 63 62 61 60 61 59 60 60 60 61 60 61 60 62 63 63 63 64 64 65 64 68 65 62 63 63 64 66 68 70 68 67 68 66 68 75 75 78 76 78 76
67 67 67 66 64 64 61 67 67 65 67 70 68 66 64 68 70 70 71 72 70 71 72 70 72 72 72 72 73 73 73 72 74 73 74 72 70 70 72 73 73 69 68 70 68 69 68 68 67 66 66 67 64 64 63 62 61 60 60 61 60 60 59 60 59 59 59 59 60 60 62 62 64 65 64 65 65 63 62 62 64 65 67 68 69 75 77 73 77 67 66 75 75 75 74 76
67 67 67 66 66 68 64 60 60 62 62 63 63 63 67 65 70 70 70 71 71 71 71 72 69 71 72 71 72 72 73 72 73 73 74 73 70 70 71 72 72 71 69 67 68 66 69 69 68 67 66 65 66 66 64 61 61 61 62 61 61 61 60 58 58 59 58 59 59 60 60 61 64 65 65 65 65 64 63 64 65 67 70 70 73 78 76 82 74 71 68 67 78 75 74 76
68 67 67 68 68 67 65 66 65 64 65 66 68 67 68 66 65 66 71 70 70 71 71 72 72 69 71 72 73 72 73 73 73 72 73 71 71 69 71 71 71 69 70 71 70 68 68 67 69 69 68 67 67 65 63 61 62 62 63 62 63 62 59 59 59 59 58 59 59 59 60 61 61 63 64 64 65 63 65 66 65 66 70 74 74 73 72 78 79 70 67 66 73 77 70 78
67 68 67 68 67 64 65 66 66 65 64 67 67 68 70 67 70 66 67 71 71 72 71 72 72 71 75 72 73 72 73 73 73 72 74 72 69 69 67 67 69 71 69 69 69 69 66 68 69 68 67 67 66 65 63 62 62 63 63 61 63 61 58 57 57 58 57 58 59 60 60 60 62 63 65 66 64 64 67 67 67 68 69 75 76 73 72 73 79 70 69 65 71 76 68 77
68 67 68 66 66 64 65 65 65 63 64 67 67 68 70 68 70 70 70 71 69 70 73 75 73 72 74 74 73 74 75 73 73 73 73 73 70 71 68 68 68 68 69 69 71 70 66 66 69 69 67 67 67 64 63 64 63 64 64 64 62 59 57 55 57 57 58 59 59 60 60 60 62 63 66 65 65 66 67 72 71 73 73 75 74 71 70 77 78 73 71 69 69 73 70 73
68 68 67 67 65 65 63 63 63 63 64 68 68 70 67 70 70 70 71 71 71 73 78 75 75 78 76 75 75 76 76 78 77 75 74 72 70 71 72 67 67 67 67 70 69 72 68 68 66 69 67 65 65 65 64 66 66 66 65 65 64 63 59 57 59 60 59 59 60 60 61 61 62 63 64 66 67 67 73 73 72 73 72 73 70 69 72 71 72 71 69 67 67 67 67 69
68 68 67 67 65 65 63 63 62 63 65 68 71 68 68 71 71 70 71 70 72 75 79 77 80 82 81 77 77 75 73 78 74 73 72 70 70 69 69 68 68 68 68 68 69 70 71 69 66 68 66 64 64 65 67 66 66 68 67 65 64 62 60 62 62 63 63 62 61 60 62 63 63 64 66 65 66 69 68 69 69 70 71 68 69 68 67 69 70 71 67 67 65 66 65 71
70 70 69 67 66 63 62 62 61 62 66 67 68 70 70 71 71 71 71 72 72 73 78 82 81 81 77 75 76 74 71 72 74 72 72 71 70 71 73 73 71 72 70 68 68 68 67 68 68 66 65 68 67 66 69 69 68 69 69 66 66 65 63 62 62 63 62 64 63 62 63 63 64 65 65 65 67 67 68 67 69 68 70 68 69 68 67 67 69 68 67 66 64 64 67 67
73 72 71 68 67 64 64 64 62 64 66 67 70 72 71 71 71 71 71 72 72 73 76 77 76 81 77 76 75 72 72 71 69 70 69 70 72 76 77 75 74 73 73 71 70 72 71 68 67 67 69 68 69 70 69 70 71 70 70 69 66 64 64 63 63 62 61 63 62 62 63 63 65 66 65 65 66 67 67 68 68 67 68 67 67 66 67 65 65 65 65 65 65 64 64 66
74 71 71 68 67 67 66 66 67 67 66 70 71 71 72 72 72 72 72 72 72 75 74 75 78 83 78 74 74 72 71 69 68 68 69 74 76 74 73 77 76 75 74 71 70 73 72 72 70 67 69 70 69 71 72 72 72 72 72 69 69 68 64 63 64 63 60 63 63 64 62 64 64 64 64 65 65 67 67 67 67 67 67 67 67 67 67 67 66 66 66 66 67 67 63 61
75 73 71 70 70 68 68 67 68 69 67 70 71 70 72 72 72 72 71 73 73 72 74 75 76 81 80 78 74 73 72 70 70 68 71 73 72 72 71 72 73 76 74 70 70 69 69 68 68 69 70 67 69 71 71 72 71 71 72 70 70 69 65 62 61 60 60 61 62 63 63 64 64 64 63 63 65 65 67 67 67 68 68 67 67 67 68 67 67 67 67 67 69 68 65 62
76 75 73 73 70 71 69 69 68 70 68 70 71 71 71 72 72 73 72 74 74 74 75 76 76 77 74 74 74 72 71 69 68 70 73 74 73 73 72 73 73 73 72 71 69 69 71 68 69 69 70 71 69 71 71 71 72 72 75 72 70 68 64 64 64 63 61 60 62 62 63 63 64 63 62 63 65 65 66 68 69 70 69 73 71 70 71 70 72 71 68 67 69 72 67 66
77 75 73 72 70 70 71 70 71 70 70 70 70 69 70 72 73 73 72 73 73 74 75 76 76 74 73 73 73 72 72 72 73 72 72 70 71 74 73 72 71 71 71 70 71 69 70 71 70 70 69 71 72 70 70 70 71 68 70 69 68 68 68 66 65 63 63 62 63 62 62 62 62 62 63 63 64 65 65 65 66 67 70 71 72 73 71 73 71 74 70 69 69 68 69 67
77 77 74 72 73 71 70 70 72 70 70 71 72 71 72 73 73 73 75 74 74 75 76 75 75 73 74 73 72 72 72 73 73 72 70 70 70 71 72 71 69 70 68 70 70 73 72 70 72 72 72 72 72 71 70 68 71 72 72 71 69 71 69 67 66 64 66 64 63 63 64 64 64 65 62 62 62 64 65 65 66 67 67 68 71 71 71 69 71 72 72 71 71 68 67 69
79 77 75 72 74 73 71 70 70 72 72 71 72 72 72 75 73 73 75 74 74 74 74 73 74 75 77 75 73 74 77 75 74 73 72 70 70 70 70 69 69 69 71 70 71 71 74 73 73 74 72 71 72 72 68 69 72 72 73 71 71 72 71 68 67 67 66 65 65 65 64 65 65 64 61 62 63 63 63 64 65 65 67 67 67 69 70 68 69 71 72 70 70 71 70 68
79 78 74 74 75 74 73 69 72 72 74 72 72 72 73 75 73 75 76 75 74 76 76 75 75 75 75 79 77 74 74 73 72 73 74 72 71 70 70 68 69 71 70 72 72 74 75 74 74 72 72 74 69 70 73 71 72 71 71 71 69 71 71 69 67 67 66 66 65 64 64 65 65 64 62 61 63 62 62 63 65 65 67 67 67 67 68 68 68 69 69 69 67 68 66 68
81 78 76 76 76 75 72 72 71 72 74 72 73 73 75 73 75 75 77 76 76 77 76 77 75 74 74 74 73 73 74 74 74 74 74 74 71 71 69 68 69 71 70 71 72 73 75 74 74 73 71 74 71 73 72 72 70 69 69 71 71 69 70 69 69 67 66 66 65 64 64 64 63 61 62 62 62 62 62 63 64 65 67 67 68 69 69 68 68 69 70 70 71 68 69 68
82 77 79 73 77 76 70 74 75 74 74 73 73 73 76 75 75 76 77 77 78 77 77 75 75 75 74 73 73 74 74 73 73 74 74 73 72 71 69 68 70 72 72 73 75 75 74 75 74 74 74 72 74 73 72 71 71 71 71 71 69 68 70 69 66 66 66 64 64 65 64 63 63 62 61 62 62 62 62 62 63 65 67 69 70 70 70 68 68 68 68 70 68 70 68 67
82 76 75 76 73 72 75 75 75 74 74 75 75 76 75 75 76 77 77 79 79 79 80 75 75 75 74 73 72 72 75 74 73 73 74 72 72 72 70 69 70 72 73 75 75 73 75 74 75 75 74 72 71 74 72 71 70 69 70 70 70 70 68 66 66 67 64 63 62 63 62 62 62 62 59 62 62 63 61 61 62 63 68 70 69 68 68 67 67 67 69 68 67 67 65 65
84 75 79 80 75 73 76 71 74 75 76 74 75 75 75 76 76 77 77 78 78 79 78 76 75 74 74 73 71 72 72 73 73 73 72 72 72 70 70 70 72 73 73 75 75 75 76 76 76 75 74 74 74 72 71 72 70 69 67 68 67 67 67 67 69 70 68 64 64 64 64 63 63 61 60 61 62 63 63 62 62 64 66 68 68 68 67 67 67 67 67 68 67 66 68 67
76 77 82 82 77 73 76 75 77 72 75 74 74 74 74 74 75 75 76 77 78 79 79 76 77 76 75 73 73 71 72 72 72 71 71 71 70 70 70 75 75 74 74 73 75 75 76 77 75 77 76 74 74 72 71 70 69 68 70 69 70 71 70 70 69 70 67 66 65 63 63 61 61 60 61 61 61 61 63 63 63 65 66 68 67 67 67 67 67 66 66 65 67 68 69 71
84 85 82 83 79 74 75 77 78 77 77 76 76 76 75 76 76 76 76 76 76 77 78 77 76 75 75 73 73 73 74 73 72 73 71 70 70 71 73 77 75 73 71 72 75 75 72 78 77 76 77 74 72 71 69 68 70 71 71 70 70 72 70 70 69 69 67 65 65 64 63 63 62 61 59 59 61 61 62 64 64 66 66 67 67 67 67 67 66 66 67 67 68 69 70 72
86 88 85 80 77 75 81 79 79 78 77 77 76 78 76 78 79 78 78 76 77 77 77 76 76 76 74 74 73 73 72 72 72 72 71 70 71 73 74 75 77 76 74 71 74 74 76 75 75 78 76 73 71 72 73 71 72 72 71 70 70 70 70 68 68 68 66 67 66 66 66 63 62 61 60 61 61 61 62 64 64 65 66 67 66 65 67 67 68 67 68 67 68 69 70 72
85 85 83 82 82 79 74 80 79 80 80 79 78 79 78 79 78 78 78 76 77 76 75 77 76 75 73 73 73 73 73 74 73 72 72 71 72 71 73 74 76 74 73 73 71 73 74 77 78 75 75 73 73 74 71 73 72 70 71 71 71 71 70 69 69 70 69 68 66 65 62 62 64 63 61 59 61 61 63 64 64 65 65 65 65 66 67 68 69 71 70 69 70 71 71 71
87 87 87 82 82 81 80 80 78 81 81 81 82 83 82 81 78 78 78 79 79 77 78 76 75 75 73 75 75 75 75 76 75 72 72 71 72 73 73 71 72 71 71 69 73 73 72 73 73 73 72 71 72 75 75 75 73 73 71 72 73 74 73 72 71 71 71 70 69 67 65 64 63 63 64 62 62 63 63 64 64 65 66 65 66 66 67 69 69 70 70 71 72 72 73 74
88 88 87 84 83 82 78 82 81 75 81 82 82 82 82 79 79 79 80 79 76 76 78 75 75 75 78 78 79 76 76 76 73 72 73 73 72 72 72 73 72 72 71 74 74 77 75 74 73 73 77 72 72 75 75 75 73 73 74 72 72 72 72 70 70 67 69 69 69 67 65 65 63 61 61 61 62 64 64 65 66 66 67 66 66 67 67 68 68 69 69 71 72 73 76 73
