grids/precipitation/may/RSMS_05_1881_01.asc
NCOLS 654
NROWS 866
XLLCORNER 3280414.711633467
YLLCORNER 5237500.62890625
CELLSIZE 1000
NODATA_VALUE -999
[rows 742 to 794 of 866, columns 96 to 191 of 654]
-999 -999 -999 -999 -999 -999 -999 -999 -999 -999 -999 -999 -999 -999 -999 -999 -999 -999 -999 -999 -999 -999 -999 -999 -999 -999 -999 -999 -999 -999 56 56 55 56 56 57 57 58 57 57 58 58 59 62 66 62 64 63 61 63 61 57 59 62 59 60 61 62 60 60 60 56 56 54 55 50 47 52 46 44 46 42 42 45 46 46 46 45 46 49 48 45 48 47 46 47 47 46 47 46 49 49 50 49 46 44
-999 -999 -999 -999 -999 -999 -999 -999 -999 -999 -999 -999 -999 -999 -999 -999 -999 -999 -999 -999 -999 -999 -999 -999 -999 -999 -999 -999 -999 -999 57 57 57 56 58 58 58 59 58 58 58 59 59 61 66 68 66 64 64 64 62 59 63 66 59 61 62 60 59 58 62 60 57 57 52 50 50 52 52 47 44 45 46 48 46 48 47 46 49 46 46 48 49 48 48 49 48 48 50 45 46 47 48 46 48 48
-999 -999 -999 -999 -999 -999 -999 -999 -999 -999 -999 -999 -999 -999 -999 -999 -999 -999 -999 -999 -999 -999 -999 -999 -999 -999 -999 -999 -999 -999 57 57 57 58 58 59 59 60 59 58 60 60 60 67 67 69 67 66 64 60 59 60 62 67 60 62 61 59 60 59 62 62 62 55 54 50 51 53 52 51 45 45 47 47 46 48 46 46 49 45 48 49 49 49 49 49 48 49 50 48 50 49 46 49 49 48
-999 -999 -999 -999 -999 -999 -999 -999 -999 -999 -999 -999 -999 -999 -999 -999 -999 -999 -999 -999 -999 -999 -999 -999 -999 -999 -999 -999 -999 -999 59 58 58 59 59 60 59 60 61 60 61 60 66 67 63 68 63 66 66 63 60 60 66 64 60 60 59 60 61 62 63 62 62 55 52 50 53 50 49 49 49 48 49 51 48 48 47 46 47 47 46 49 50 50 49 48 50 50 48 51 51 51 49 50 50 47
-999 -999 -999 -999 -999 -999 -999 -999 -999 -999 -999 -999 -999 -999 -999 -999 -999 -999 -999 -999 -999 -999 -999 -999 -999 -999 -999 -999 -999 -999 60 60 60 60 60 60 61 62 62 62 64 64 63 62 62 65 64 65 63 63 60 60 60 61 60 61 61 61 64 67 62 66 64 56 57 53 52 53 54 54 51 55 53 50 51 47 46 50 46 48 48 47 49 49 51 49 50 49 51 50 50 50 49 46 50 50
-999 -999 -999 -999 -999 -999 -999 -999 -999 -999 -999 -999 -999 -999 -999 -999 -999 -999 -999 -999 -999 -999 -999 -999 -999 -999 -999 -999 -999 -999 62 61 61 61 61 62 63 62 62 63 63 64 63 64 66 64 62 64 68 64 62 59 60 59 61 63 66 67 67 68 70 64 61 57 53 53 51 57 55 57 56 56 53 56 50 48 47 50 47 49 50 50 47 49 50 50 50 49 50 50 50 51 50 47 50 51
-999 -999 -999 -999 -999 -999 -999 -999 -999 -999 -999 -999 -999 -999 -999 -999 -999 -999 -999 -999 -999 -999 -999 -999 -999 -999 -999 -999 -999 -999 63 63 62 62 62 63 63 63 64 65 67 66 65 64 63 67 65 66 64 65 60 59 59 60 59 62 64 69 69 65 68 63 59 60 56 52 56 55 56 56 58 56 55 54 54 49 48 53 49 48 48 51 49 50 50 49 50 50 50 50 51 51 50 51 51 51
-999 -999 -999 -999 -999 -999 -999 -999 -999 -999 -999 -999 -999 -999 -999 -999 -999 -999 -999 -999 -999 -999 -999 -999 -999 -999 -999 -999 -999 65 65 64 63 64 64 64 63 64 64 65 66 70 68 71 63 67 66 66 66 62 68 63 59 61 64 65 65 69 68 64 64 65 58 62 55 52 58 54 54 57 58 57 56 54 58 50 48 51 49 52 51 48 50 49 51 49 50 50 49 50 50 51 51 49 53 54
-999 -999 -999 -999 -999 -999 -999 -999 -999 -999 -999 -999 -999 -999 -999 -999 -999 -999 -999 -999 -999 -999 -999 -999 -999 -999 -999 67 66 66 66 66 65 65 65 64 64 64 66 66 67 70 72 73 68 67 68 70 66 65 66 62 60 58 62 67 64 69 64 62 66 63 63 64 61 53 57 54 58 52 59 57 58 53 55 53 50 50 51 54 53 49 50 50 50 50 49 50 50 51 51 48 52 52 54 54
-999 -999 -999 -999 -999 -999 -999 -999 -999 -999 -999 -999 -999 -999 -999 -999 -999 -999 -999 -999 -999 -999 -999 -999 -999 -999 67 67 67 67 67 68 68 68 66 66 67 67 67 68 68 72 70 69 68 68 71 72 74 72 65 63 62 60 63 61 69 68 64 64 67 63 61 64 60 58 59 55 55 55 58 55 59 57 57 57 54 56 55 55 53 52 51 49 48 48 49 49 50 50 51 52 53 54 53 54
-999 -999 -999 -999 -999 -999 -999 -999 -999 -999 -999 -999 -999 -999 -999 -999 -999 -999 -999 -999 -999 -999 -999 -999 -999 -999 69 68 68 68 69 69 69 68 67 66 67 68 69 68 68 74 73 73 73 68 70 70 75 75 69 66 62 64 60 62 68 62 63 66 64 63 66 59 64 58 60 56 53 55 55 55 54 56 59 55 55 57 57 55 54 54 52 50 48 47 49 51 50 52 53 53 50 53 54 54
-999 -999 -999 -999 -999 -999 -999 -999 -999 -999 -999 -999 -999 -999 -999 -999 -999 -999 -999 -999 -999 -999 -999 -999 -999 -999 69 68 68 69 70 69 69 69 68 68 67 68 69 69 72 76 71 78 72 71 73 70 73 71 69 65 67 65 62 60 62 61 63 63 62 62 61 60 60 58 64 64 57 55 54 58 58 60 59 59 58 60 59 57 55 54 53 50 49 49 50 50 51 52 52 54 50 55 51 55
-999 -999 -999 -999 -999 -999 -999 -999 -999 -999 -999 -999 -999 -999 -999 -999 -999 -999 -999 -999 -999 -999 -999 -999 -999 -999 70 70 70 71 71 71 71 70 70 69 70 70 68 70 76 77 74 79 75 72 74 74 75 74 68 70 69 69 69 62 63 67 69 69 67 68 64 63 64 61 60 62 64 62 61 64 60 62 63 57 60 59 62 57 55 53 52 51 51 50 51 51 53 53 54 54 51 51 50 53
-999 -999 -999 -999 -999 -999 -999 -999 -999 -999 -999 -999 -999 -999 -999 -999 -999 -999 -999 -999 -999 -999 -999 -999 -999 -999 70 71 71 72 71 72 72 71 71 72 72 72 71 73 79 79 76 81 77 76 73 78 77 74 73 74 76 74 68 66 66 70 73 74 69 71 70 66 62 69 62 64 66 69 66 65 65 62 63 60 55 57 58 57 57 54 54 52 53 52 53 53 54 53 53 54 55 52 52 52
-999 -999 -999 -999 -999 -999 -999 -999 -999 -999 -999 -999 -999 -999 -999 -999 -999 -999 -999 -999 -999 -999 -999 -999 -999 70 70 71 71 71 72 72 72 72 74 72 71 73 72 79 75 80 82 83 82 78 76 80 80 82 76 80 77 72 69 75 69 69 69 72 76 71 78 69 64 64 67 64 68 68 69 68 66 68 62 59 57 58 59 58 57 56 55 54 53 53 54 54 53 53 55 55 55 55 52 52
-999 -999 -999 -999 -999 -999 -999 -999 -999 -999 -999 -999 -999 -999 -999 -999 -999 -999 -999 -999 -999 -999 -999 -999 -999 69 71 71 72 72 72 74 74 74 76 73 72 72 73 73 77 79 82 78 83 78 80 81 83 84 81 85 78 76 76 77 74 70 72 74 76 76 77 72 65 66 72 71 68 71 70 67 67 64 58 62 55 57 60 59 58 57 55 55 54 54 55 55 55 54 55 55 54 54 53 53
-999 -999 -999 -999 -999 -999 -999 -999 -999 -999 -999 -999 -999 -999 -999 -999 -999 -999 -999 -999 -999 -999 -999 -999 -999 70 70 71 72 73 74 74 74 77 77 75 74 74 79 81 77 80 81 80 85 79 84 85 86 90 89 87 82 83 77 81 80 74 78 81 78 78 81 74 70 66 70 75 74 73 72 71 70 66 63 64 59 58 60 58 59 57 56 56 55 55 55 56 55 55 56 56 55 54 51 52
-999 -999 -999 -999 -999 -999 -999 -999 -999 -999 -999 -999 -999 -999 -999 -999 -999 -999 -999 -999 -999 -999 -999 -999 -999 71 71 71 72 73 74 74 74 78 76 76 76 78 83 84 85 83 81 86 86 85 86 88 90 91 90 90 85 88 85 85 83 83 81 84 86 84 85 75 71 68 73 74 74 70 71 70 68 66 62 59 60 53 55 58 58 58 57 57 56 56 55 56 56 56 55 55 56 52 51 55
-999 -999 -999 -999 -999 -999 -999 -999 -999 -999 -999 -999 -999 -999 -999 -999 -999 -999 -999 -999 -999 -999 -999 -999 72 71 72 72 73 73 74 75 75 77 76 77 76 80 82 85 88 87 86 86 84 86 87 87 92 90 90 88 91 89 90 88 84 84 89 86 87 91 83 76 79 74 72 69 68 77 73 71 70 68 64 59 56 56 57 59 59 59 57 57 56 56 56 57 57 57 56 56 55 52 54 55
-999 -999 -999 -999 -999 -999 -999 -999 -999 -999 -999 -999 -999 -999 -999 -999 -999 -999 -999 -999 -999 -999 -999 73 72 71 73 73 74 74 75 74 75 75 75 75 77 78 79 80 82 82 88 87 88 86 89 89 94 93 91 88 89 91 89 89 89 95 91 86 88 90 86 83 82 72 68 69 74 71 74 73 72 70 68 65 61 56 55 58 60 59 57 56 56 55 57 56 57 57 56 56 56 55 54 55
-999 -999 -999 -999 -999 -999 -999 -999 -999 -999 -999 -999 -999 -999 -999 -999 -999 -999 -999 -999 -999 -999 73 73 72 71 72 74 74 74 75 75 75 77 78 77 83 85 86 89 88 88 85 86 87 91 90 96 94 91 90 92 88 94 90 91 96 92 90 93 92 86 87 88 82 78 68 75 71 75 72 73 75 69 68 65 65 56 61 59 59 58 58 57 57 55 54 56 57 57 58 56 55 55 57 54
-999 -999 -999 -999 -999 -999 -999 -999 -999 -999 -999 -999 -999 -999 -999 -999 -999 -999 -999 -999 -999 -999 74 74 75 74 74 74 75 75 76 77 77 78 79 79 85 88 90 91 88 90 88 91 94 91 97 96 94 92 87 89 88 92 92 92 92 96 101 100 92 90 94 90 83 74 68 73 70 76 75 74 75 71 68 65 66 61 62 60 59 59 57 56 56 56 54 55 55 56 57 57 55 55 54 54
-999 -999 -999 -999 -999 -999 -999 -999 -999 -999 -999 -999 -999 -999 -999 -999 -999 -999 -999 -999 -999 74 74 75 75 75 74 74 75 75 77 77 80 80 81 82 84 87 92 92 92 92 92 90 93 98 95 97 95 94 93 91 89 92 91 91 96 102 104 104 92 92 95 89 81 74 70 77 76 73 77 76 75 73 67 64 60 60 61 59 59 58 56 56 56 55 56 55 54 56 57 56 55 55 56 54
-999 -999 -999 -999 -999 -999 -999 -999 -999 -999 -999 -999 -999 -999 -999 -999 -999 -999 -999 -999 -999 74 75 75 75 75 75 75 75 77 78 78 81 81 84 85 85 89 92 91 94 93 95 96 96 101 100 100 92 94 94 91 92 89 86 91 95 104 112 103 95 95 97 93 85 80 71 79 79 77 80 78 73 71 66 65 63 63 61 61 60 58 56 55 56 55 56 56 55 56 58 58 56 56 56 55
-999 -999 -999 -999 -999 -999 -999 -999 -999 -999 -999 -999 -999 -999 -999 -999 -999 -999 -999 -999 73 73 74 75 75 75 75 75 77 78 79 80 80 84 83 87 85 90 92 92 92 96 99 94 101 98 104 99 97 93 92 95 92 86 88 95 98 104 106 105 101 99 98 92 84 79 71 82 77 78 80 76 76 70 71 67 67 64 63 60 59 57 56 55 55 56 55 56 54 56 57 57 57 57 57 57
-999 -999 -999 -999 -999 -999 -999 -999 -999 -999 -999 -999 -999 -999 -999 -999 -999 -999 -999 72 73 73 74 75 76 76 76 76 78 79 80 82 82 85 87 85 88 93 94 95 97 98 101 97 99 106 105 98 103 101 96 90 94 90 95 92 95 96 101 107 101 99 100 93 89 86 77 81 78 80 79 76 75 71 72 69 66 65 61 59 58 57 56 57 56 56 54 55 56 55 57 58 58 57 57 56
-999 -999 -999 -999 -999 -999 -999 -999 -999 -999 -999 -999 -999 -999 -999 -999 -999 -999 -999 73 74 73 73 75 75 75 76 77 78 80 83 83 83 84 86 85 88 89 95 94 95 96 105 101 107 102 102 97 103 99 97 91 92 96 102 98 92 100 101 109 103 102 99 96 95 89 84 79 81 80 82 77 77 73 73 69 68 67 62 58 58 58 55 56 56 55 56 55 56 56 57 58 57 56 56 56
-999 -999 -999 -999 -999 -999 -999 -999 -999 -999 -999 -999 -999 -999 -999 -999 -999 -999 -999 71 72 72 73 74 75 78 78 80 80 81 81 82 83 84 86 87 90 90 96 95 97 99 98 103 100 107 101 99 99 100 94 96 96 96 107 100 99 101 106 107 105 102 100 95 91 93 86 82 83 80 82 81 77 76 73 70 67 66 63 61 57 57 58 57 56 56 55 55 55 55 55 57 57 56 55 55
-999 -999 -999 -999 -999 -999 -999 -999 -999 -999 -999 -999 -999 -999 -999 -999 -999 -999 70 70 73 73 74 77 78 81 80 81 82 83 80 82 84 85 87 89 91 91 94 96 96 96 101 105 106 105 106 101 98 99 101 107 112 104 107 111 114 107 115 110 105 105 103 99 98 90 90 76 79 80 81 80 78 74 73 71 68 66 65 61 59 59 59 58 58 55 55 55 54 55 57 56 53 55 55 55
-999 -999 -999 -999 -999 -999 -999 -999 -999 -999 -999 -999 -999 -999 -999 -999 -999 -999 70 70 70 72 73 77 81 84 83 86 83 82 80 81 85 85 88 90 91 91 92 95 96 99 98 103 106 104 105 109 100 101 102 105 111 117 115 110 111 113 116 115 105 106 104 99 99 95 90 87 82 81 84 80 78 76 72 71 70 65 63 62 60 60 59 57 57 56 55 55 55 56 57 56 55 53 55 54
-999 -999 -999 -999 -999 -999 -999 -999 -999 -999 -999 -999 -999 -999 -999 -999 -999 -999 69 70 69 73 77 83 84 84 87 84 83 81 80 82 83 85 88 91 92 92 93 95 96 101 98 102 103 102 108 102 101 105 111 102 110 110 107 107 116 121 120 115 109 108 104 99 98 98 93 90 86 86 84 81 79 78 74 70 69 68 64 62 61 60 58 57 57 56 55 54 56 55 56 55 55 55 54 54
-999 -999 -999 -999 -999 -999 -999 -999 -999 -999 -999 -999 -999 -999 -999 -999 -999 -999 69 68 69 71 77 77 80 83 90 84 82 83 80 81 85 86 89 91 92 93 94 95 96 100 97 100 103 107 101 101 104 107 117 107 101 105 107 118 111 114 112 114 112 106 104 103 97 98 96 93 87 89 86 83 82 77 74 72 68 66 63 63 61 59 59 57 56 55 54 57 56 55 56 55 54 53 54 56
-999 -999 -999 -999 -999 -999 -999 -999 -999 -999 -999 -999 -999 -999 -999 -999 -999 70 70 70 70 71 74 82 81 84 93 84 83 82 82 83 88 87 89 91 92 94 96 95 95 97 100 100 103 100 101 103 107 108 118 118 109 107 109 114 112 107 113 117 113 109 104 101 99 96 96 94 92 89 86 83 80 77 75 72 70 67 64 63 61 59 58 57 56 56 56 56 56 56 55 52 54 54 57 57
-999 -999 -999 -999 -999 -999 -999 -999 -999 -999 -999 -999 -999 -999 -999 -999 -999 70 70 71 75 76 78 84 93 92 85 85 84 83 83 85 88 88 89 92 92 94 96 96 97 98 99 99 100 101 104 106 112 120 118 126 118 115 109 109 119 121 111 112 114 108 101 101 99 96 95 93 91 88 84 80 78 74 71 70 70 68 65 62 60 59 57 57 57 56 56 56 56 55 54 55 53 55 56 58
-999 -999 -999 -999 -999 -999 -999 -999 -999 -999 -999 -999 -999 -999 -999 -999 -999 71 72 73 77 80 82 86 89 87 84 83 82 82 83 85 87 87 90 92 93 95 96 97 99 101 99 99 107 108 114 109 112 130 122 131 116 125 123 117 112 118 109 109 113 110 102 101 97 97 94 89 88 88 84 81 79 77 75 69 68 68 64 60 59 58 57 56 56 57 55 55 55 54 55 55 55 55 56 58
-999 -999 -999 -999 -999 -999 -999 -999 -999 -999 -999 -999 -999 -999 -999 -999 -999 72 73 73 75 79 83 88 85 87 87 81 82 83 85 86 87 88 91 93 94 95 96 96 98 99 101 104 109 116 117 115 120 127 138 131 120 122 130 116 107 119 117 108 107 110 100 95 97 92 94 91 87 86 82 78 78 76 73 72 69 67 63 59 59 57 54 55 55 56 55 54 53 53 53 53 54 55 57 58
-999 -999 -999 -999 -999 -999 -999 -999 -999 -999 -999 -999 -999 -999 -999 -999 -999 70 71 72 75 76 82 84 81 84 82 82 82 83 85 86 88 90 93 92 95 95 96 97 97 100 102 104 110 117 113 116 123 132 134 129 129 127 126 116 105 112 115 113 108 107 104 99 95 92 92 86 85 83 78 75 77 76 73 74 70 68 65 61 59 57 54 53 54 55 55 54 54 53 53 54 56 56 58 59
-999 -999 -999 -999 -999 -999 -999 -999 -999 -999 -999 -999 -999 -999 -999 -999 -999 69 70 71 72 75 78 82 80 81 81 81 82 83 85 87 89 90 92 94 95 96 96 98 99 100 108 104 106 108 107 109 114 120 128 122 122 121 122 118 106 107 119 111 109 109 102 97 93 92 92 83 85 85 79 72 78 77 74 72 70 68 64 60 58 56 53 52 56 56 55 54 54 53 53 55 54 57 59 59
-999 -999 -999 -999 -999 -999 -999 -999 -999 -999 -999 -999 -999 -999 -999 -999 -999 67 69 71 72 73 77 80 80 80 81 82 84 82 86 88 90 90 93 95 95 96 98 98 101 104 107 106 113 109 110 106 113 115 121 117 118 122 119 120 108 105 110 108 109 107 102 96 94 92 85 84 79 78 77 75 74 78 75 73 70 69 63 59 58 57 56 54 56 56 55 54 54 55 54 55 56 56 59 59
-999 -999 -999 -999 -999 -999 -999 -999 -999 -999 -999 -999 -999 -999 -999 -999 -999 64 66 70 72 73 76 79 80 80 81 84 82 83 85 87 90 91 93 95 96 97 98 98 103 103 107 108 113 121 112 116 108 114 117 118 122 121 122 122 122 105 116 110 107 105 101 96 94 96 90 87 86 83 82 77 75 74 74 72 69 68 65 60 58 56 54 54 54 55 54 53 53 53 56 57 57 57 58 60
-999 -999 -999 -999 -999 -999 -999 -999 -999 -999 -999 -999 -999 -999 -999 -999 -999 -999 65 68 71 72 75 77 78 80 83 82 82 83 85 88 90 91 94 95 97 98 100 100 110 107 109 109 112 127 124 122 122 123 113 118 117 116 122 126 126 113 110 112 108 104 105 101 98 93 88 84 82 82 83 82 73 77 75 72 70 67 65 61 59 57 56 55 56 55 54 52 52 52 54 56 57 57 58 61
-999 -999 -999 -999 -999 -999 -999 -999 -999 -999 -999 -999 -999 -999 -999 -999 -999 -999 -999 69 70 71 75 76 80 81 83 82 82 84 87 89 91 91 95 94 96 98 101 108 108 119 116 119 114 117 115 112 112 115 117 119 117 114 118 124 126 119 108 106 102 101 98 96 99 96 93 89 88 85 81 75 76 78 75 73 71 68 65 61 61 58 57 55 57 56 54 53 52 53 57 57 57 58 59 62
-999 -999 -999 -999 -999 -999 -999 -999 -999 -999 -999 -999 -999 -999 -999 -999 -999 -999 -999 -999 70 71 75 77 81 81 81 82 82 83 87 89 92 92 94 96 98 97 98 103 109 109 107 111 107 110 111 105 109 116 121 113 113 114 113 120 122 120 114 103 106 107 103 96 97 94 88 85 82 81 78 78 77 73 74 72 71 69 64 61 61 59 57 55 56 56 54 53 52 54 57 57 56 57 58 61
-999 -999 -999 -999 -999 -999 -999 -999 -999 -999 -999 -999 -999 -999 -999 -999 -999 -999 -999 -999 70 71 74 76 77 81 81 83 83 84 86 89 91 92 94 96 98 98 102 102 104 106 104 106 109 106 105 110 115 112 108 114 112 109 118 115 119 120 108 107 105 106 104 98 96 95 90 89 85 87 82 76 75 70 70 71 71 68 64 62 61 60 59 56 57 56 54 53 53 53 57 57 56 57 58 60
-999 -999 -999 -999 -999 -999 -999 -999 -999 -999 -999 -999 -999 -999 -999 -999 -999 -999 -999 -999 70 72 74 75 76 81 81 81 82 84 86 87 90 92 94 95 96 97 97 98 98 99 97 99 101 101 102 106 106 105 114 111 105 111 109 117 113 113 111 111 106 101 101 99 96 93 88 87 86 86 83 77 78 77 75 68 66 66 66 62 60 59 58 58 57 57 55 55 55 57 57 57 56 57 57 59
-999 -999 -999 -999 -999 -999 -999 -999 -999 -999 -999 -999 -999 -999 -999 -999 -999 -999 -999 -999 70 70 73 76 76 81 81 82 82 83 84 87 89 91 93 94 97 97 106 106 105 99 99 99 99 101 102 104 104 103 109 105 109 113 113 110 108 109 111 106 103 98 101 97 93 89 88 84 84 80 83 80 80 78 75 71 70 65 65 62 60 61 61 59 58 58 56 55 57 56 58 57 56 57 57 59
-999 -999 -999 -999 -999 -999 -999 -999 -999 -999 -999 -999 -999 -999 -999 -999 -999 -999 -999 -999 70 70 72 75 76 77 80 82 82 82 84 87 90 97 99 96 98 101 103 107 108 109 104 100 101 102 101 101 102 106 108 105 108 104 102 101 108 109 108 100 98 100 91 90 93 91 90 87 84 81 82 82 80 78 75 72 70 68 65 61 60 60 61 60 58 59 56 56 56 56 58 57 57 56 56 57
-999 -999 -999 -999 -999 -999 -999 -999 -999 -999 -999 -999 -999 -999 -999 -999 -999 -999 -999 -999 70 70 71 73 75 76 79 80 82 83 84 86 90 96 106 97 96 105 103 107 114 103 105 104 105 102 104 103 103 102 102 110 108 112 107 105 109 110 103 101 96 97 92 85 90 90 87 83 83 82 81 83 81 78 76 72 70 68 65 63 60 60 61 60 58 59 58 55 55 56 57 57 57 56 56 57
-999 -999 -999 -999 -999 -999 -999 -999 -999 -999 -999 -999 -999 -999 -999 -999 -999 -999 -999 68 68 68 70 71 74 75 78 79 80 82 86 90 92 100 100 98 99 104 103 109 109 114 106 111 104 104 110 114 107 111 115 109 116 107 114 112 112 110 105 99 93 88 91 83 87 81 85 85 81 83 81 80 79 76 75 72 70 68 65 63 61 61 69 62 60 58 57 56 57 57 57 57 57 57 57 57
-999 -999 -999 -999 -999 -999 -999 -999 -999 -999 -999 -999 -999 -999 -999 -999 -999 -999 67 66 67 67 69 71 71 74 76 77 78 85 83 90 98 96 96 99 106 103 107 104 112 108 118 120 109 108 108 114 110 108 106 117 114 114 114 110 107 112 107 99 93 87 89 83 79 83 81 81 78 78 77 76 74 75 74 70 68 66 63 63 61 61 63 63 62 59 56 57 57 57 57 56 56 56 57 57
-999 -999 -999 -999 -999 -999 -999 -999 -999 -999 -999 -999 -999 -999 -999 -999 -999 -999 66 66 66 66 68 71 72 73 75 77 79 81 88 95 94 94 97 104 106 109 106 105 117 121 130 119 110 109 108 120 118 116 111 105 116 113 109 109 106 107 102 99 93 88 81 78 84 82 79 77 77 76 77 75 74 72 69 68 68 66 64 61 61 61 62 61 61 61 58 58 57 57 58 56 56 56 58 56
-999 -999 -999 -999 -999 -999 -999 -999 -999 -999 -999 -999 -999 -999 -999 -999 -999 -999 65 66 67 67 69 70 71 71 74 76 78 81 86 90 91 94 99 110 116 119 110 116 128 122 130 119 113 117 118 116 123 128 117 104 103 110 107 106 106 103 102 97 93 90 81 81 82 76 78 74 75 75 75 73 72 71 68 67 65 66 63 62 62 63 62 61 61 61 59 58 58 57 58 56 56 56 60 59
-999 -999 -999 -999 -999 -999 -999 -999 -999 -999 -999 -999 -999 -999 -999 -999 -999 -999 65 66 67 67 68 69 71 72 74 75 77 81 83 88 92 98 102 101 110 114 120 121 125 124 132 121 122 128 127 125 117 126 126 122 114 104 97 102 102 99 97 96 91 84 84 80 77 76 73 70 73 76 74 73 70 68 67 64 64 63 63 63 66 64 65 65 64 63 62 61 60 58 58 57 57 57 58 58
