grids/precipitation/may/RSMS_05_1881_01.asc
NCOLS 654
NROWS 866
XLLCORNER 3280414.711633467
YLLCORNER 5237500.62890625
CELLSIZE 1000
NODATA_VALUE -999
[rows 371 to 423 of 866, columns 384 to 479 of 654]
28 27 27 27 28 27 27 27 28 28 28 28 28 28 28 28 29 28 29 28 27 27 28 27 28 28 28 28 28 28 28 29 30 30 31 31 32 32 33 33 34 34 35 36 36 36 37 38 39 40 40 41 41 41 41 42 42 43 43 44 44 44 46 45 45 45 45 45 45 46 45 44 45 44 44 45 45 46 48 49 49 50 50 51 50 52 50 50 50 50 48 48 47 46 46 48
27 26 28 28 28 28 28 28 28 28 28 29 28 29 29 29 29 29 29 29 28 29 27 27 28 28 28 28 28 29 29 29 29 29 31 32 32 32 33 34 34 34 35 36 37 37 39 40 40 40 40 41 41 41 41 42 42 42 43 44 44 45 45 45 45 45 44 46 46 47 46 45 45 45 44 46 46 47 48 49 50 51 51 51 50 51 50 50 49 49 49 48 48 47 47 48
27 27 27 28 28 28 28 28 28 27 28 28 28 28 28 29 29 29 29 29 29 28 28 28 27 28 29 29 29 29 30 30 30 30 32 31 32 33 34 34 35 35 36 36 37 37 39 40 40 42 42 41 41 41 42 42 42 43 43 44 45 45 46 45 45 44 45 47 46 46 46 45 45 45 46 46 46 47 49 49 50 51 51 51 50 50 50 50 50 49 49 49 50 49 48 47
27 27 27 29 29 28 28 28 27 27 27 27 28 28 29 28 29 30 29 29 30 30 28 28 27 29 28 30 31 31 31 31 31 32 32 33 33 33 34 34 36 36 37 37 38 38 40 40 40 41 41 41 41 42 42 42 43 43 44 44 45 46 46 45 45 45 45 46 46 47 47 47 48 47 47 47 49 48 49 50 50 51 51 52 50 50 49 50 49 49 49 49 49 50 49 50
27 27 28 28 28 28 28 28 28 28 26 28 29 28 29 29 29 29 29 30 30 30 29 29 29 29 28 32 32 32 32 32 33 33 34 33 33 33 34 35 36 36 37 38 39 39 40 41 41 41 41 42 42 42 42 43 42 43 43 45 46 46 46 45 45 45 45 45 46 46 47 48 49 48 49 50 49 49 49 51 51 51 51 52 51 51 50 49 49 49 48 49 49 49 49 49
27 26 28 28 29 28 29 28 28 27 27 29 29 28 29 30 30 29 30 30 30 30 29 29 29 29 29 33 33 33 32 33 34 34 34 34 34 33 35 36 36 37 38 39 39 39 40 41 41 42 42 42 42 42 42 42 43 43 44 46 46 46 46 45 45 45 45 46 46 46 48 49 49 50 49 49 50 50 49 50 50 51 51 51 51 51 50 49 49 49 49 49 49 49 49 49
27 28 28 29 29 28 28 28 28 28 28 28 29 29 30 30 30 29 30 30 30 29 29 29 29 30 28 32 33 34 34 34 34 34 35 35 35 36 36 36 37 38 39 40 39 41 41 42 41 42 42 42 42 42 43 43 43 44 45 45 46 47 46 46 46 46 46 46 46 47 48 48 50 50 49 49 49 50 49 49 49 49 49 52 51 51 50 50 49 50 49 50 49 48 50 49
28 28 29 29 28 27 27 28 27 27 27 28 29 29 29 29 30 29 30 30 29 29 29 29 31 29 29 33 34 34 34 34 35 35 37 37 37 38 37 37 38 39 40 40 41 41 42 42 42 42 42 42 43 42 43 43 44 45 45 46 47 47 46 46 46 46 46 47 47 48 48 49 49 50 50 50 49 50 50 49 49 49 50 50 50 51 50 49 50 50 50 50 50 49 49 50
28 28 28 27 27 28 27 27 26 26 28 28 29 29 29 30 29 30 30 28 28 28 29 30 30 29 29 31 34 34 34 35 35 35 36 36 38 38 38 39 39 40 41 41 41 42 42 41 41 42 42 42 43 43 43 44 45 45 46 47 48 48 47 47 47 47 47 48 48 48 49 50 50 50 50 50 49 50 49 48 48 49 50 50 52 51 51 51 51 49 51 51 50 50 50 49
28 27 27 28 26 26 26 27 26 26 29 29 29 29 29 29 29 28 30 28 28 29 28 29 29 31 30 32 33 34 34 35 35 36 37 38 38 39 40 42 41 42 42 42 42 42 42 42 42 42 42 43 43 43 44 45 45 46 46 48 49 48 48 47 47 48 48 49 49 49 50 51 51 52 52 51 51 51 49 47 47 48 50 51 51 51 50 51 51 51 51 50 51 50 50 50
26 26 26 26 25 25 25 25 27 27 28 29 29 29 29 29 29 29 29 28 29 30 29 30 30 33 31 31 33 33 34 36 36 37 37 39 39 39 41 42 45 43 44 43 43 43 42 42 42 43 43 43 43 44 45 46 46 46 48 48 50 49 48 48 48 49 49 49 49 50 51 52 53 53 52 52 51 50 49 48 47 48 51 52 52 52 51 50 50 50 53 51 52 51 51 51
28 28 27 26 26 25 26 26 26 28 28 28 29 30 30 30 29 30 30 30 31 30 31 30 32 34 33 32 34 35 35 36 37 37 38 40 40 40 42 43 43 44 44 44 44 43 43 43 44 44 44 44 45 46 46 46 47 48 49 49 49 49 49 49 50 50 51 51 53 53 53 53 54 54 54 53 52 51 50 51 50 51 52 52 52 53 52 51 51 51 51 52 52 52 51 52
27 26 26 27 26 26 26 26 26 27 28 29 29 30 29 30 29 30 29 30 31 32 32 33 34 34 34 33 34 34 34 37 38 39 40 41 42 42 42 43 44 45 45 45 45 45 45 44 44 44 45 46 47 47 47 47 49 49 49 49 50 51 51 52 52 52 53 53 54 54 54 54 55 55 55 54 55 54 54 53 53 52 53 53 53 53 52 52 52 52 51 51 51 51 51 52
27 26 26 26 26 26 27 26 26 26 27 28 29 29 30 30 30 31 31 32 31 32 33 34 34 34 35 36 36 35 36 36 39 40 40 42 42 42 44 43 44 45 45 45 45 46 45 45 45 45 46 47 48 48 48 49 49 49 50 50 50 50 52 53 53 53 54 55 55 55 55 55 55 55 56 55 55 56 56 55 56 56 54 54 54 54 53 53 53 53 52 52 52 52 52 52
27 26 25 26 27 26 27 25 25 25 26 27 28 29 29 30 29 31 32 32 32 33 34 34 34 35 36 36 37 37 37 37 39 40 42 43 42 42 45 44 43 45 46 45 46 46 46 45 46 46 47 48 48 48 49 49 50 50 51 50 51 53 53 54 54 54 55 56 56 56 56 56 56 57 58 57 56 56 57 56 56 56 57 56 54 54 54 53 55 53 53 52 52 52 54 53
26 25 26 27 26 26 26 26 26 27 27 27 27 28 30 31 31 31 31 32 33 33 34 34 36 36 37 36 37 37 38 37 40 42 42 43 43 45 45 45 43 45 46 46 45 46 45 46 47 47 48 49 49 49 49 49 50 50 50 51 52 54 55 55 56 55 55 56 57 57 57 57 57 58 57 57 58 59 59 57 59 59 59 58 58 55 55 54 55 55 53 55 54 55 54 54
25 26 25 27 26 26 26 26 26 27 26 26 26 28 30 31 32 32 33 32 33 34 34 35 36 35 36 37 38 38 40 38 40 41 43 43 44 44 44 45 45 46 46 47 46 46 46 47 48 48 48 49 50 50 49 49 50 50 51 52 53 54 55 55 56 56 56 57 57 57 57 58 58 58 59 59 59 59 60 61 61 61 60 59 59 59 55 55 55 56 55 56 56 55 55 56
26 25 25 26 26 26 26 26 26 26 26 27 26 27 29 31 32 32 33 33 33 33 34 36 35 35 36 37 37 38 40 39 40 40 43 43 44 44 45 45 45 46 47 46 45 46 47 48 48 48 49 50 50 51 50 50 50 50 53 54 54 55 56 56 57 57 57 57 57 57 59 59 59 59 60 59 59 60 61 61 62 62 60 60 61 59 56 55 55 56 56 56 56 56 55 56
25 25 26 27 26 26 26 25 26 26 26 26 26 27 28 29 31 32 33 34 34 34 34 34 35 36 37 37 38 40 41 39 42 42 44 45 45 44 45 45 46 47 49 47 46 46 47 48 49 49 50 50 51 52 52 51 51 52 54 55 55 56 56 57 57 57 58 58 58 58 59 60 60 60 61 60 60 61 61 62 62 64 61 60 60 61 57 56 57 57 57 57 57 56 57 58
25 25 26 27 27 26 26 26 26 25 25 26 26 28 28 29 30 32 33 34 35 35 34 35 35 36 38 39 40 40 41 41 42 44 45 45 45 44 46 47 48 49 48 48 47 48 48 48 49 50 50 50 51 52 53 53 54 54 55 56 56 57 57 57 57 58 58 58 58 58 60 60 60 61 61 61 63 62 62 62 62 64 62 61 61 60 58 57 58 58 58 58 58 56 57 58
25 25 25 27 26 26 26 26 26 25 26 29 28 28 28 29 30 31 33 33 34 35 36 36 36 36 39 40 40 40 40 42 43 44 45 45 45 46 47 48 49 50 50 50 50 49 49 49 50 50 50 50 52 52 53 54 55 55 56 57 58 58 58 58 58 59 59 58 58 59 60 62 62 62 62 64 62 62 62 62 62 64 61 62 61 61 58 59 59 58 58 59 58 57 58 59
24 24 25 26 27 27 26 26 26 26 27 28 28 28 29 30 30 30 31 32 33 33 35 36 37 36 39 41 41 39 41 43 45 44 44 46 47 46 47 47 49 49 49 49 50 50 50 50 51 51 51 52 52 53 54 55 55 56 57 58 59 59 59 58 58 60 59 58 59 59 62 63 63 63 63 63 64 64 63 63 63 63 63 62 62 61 61 59 59 59 59 59 59 58 58 59
24 24 26 26 27 26 27 26 27 27 28 29 29 30 29 30 30 31 31 31 32 32 33 34 36 36 38 39 38 41 42 43 44 44 45 45 45 46 46 48 48 49 50 51 50 50 51 51 51 52 52 53 53 53 54 55 56 57 58 59 59 60 60 59 59 59 61 60 60 61 63 64 64 66 66 65 64 64 64 64 65 65 63 63 62 61 59 60 59 59 60 60 59 59 60 60
24 25 26 26 26 26 26 26 27 28 28 27 30 30 30 30 31 31 32 31 31 32 33 34 35 36 38 39 40 42 42 43 44 46 46 45 45 46 47 48 48 50 51 51 50 52 53 54 53 53 53 53 53 53 54 55 57 58 59 59 63 61 61 61 61 62 62 62 63 64 64 66 66 67 68 69 70 69 67 67 68 66 65 65 65 63 64 61 60 61 61 61 60 59 61 61
24 25 26 25 25 25 25 26 27 28 28 27 29 30 31 31 31 31 31 32 32 32 34 35 36 36 39 40 41 41 42 44 46 46 46 44 44 46 47 49 50 51 51 51 52 53 54 55 54 53 54 55 54 55 55 56 57 57 59 63 64 63 63 63 63 63 64 65 66 66 66 68 69 69 69 71 71 71 70 70 70 71 69 68 68 65 63 63 63 63 61 62 64 63 62 61
24 24 25 25 24 25 25 26 26 27 27 28 29 30 30 32 32 31 31 31 31 31 33 36 36 37 39 41 41 42 43 44 45 47 46 46 44 45 48 50 50 51 52 52 52 52 52 53 53 54 53 54 55 56 57 56 57 57 60 63 64 64 63 64 65 64 66 67 67 67 68 70 70 70 71 72 72 72 70 71 71 71 71 69 67 66 65 64 64 63 63 65 64 64 63 62
24 24 25 25 25 25 25 25 26 26 27 28 29 29 32 32 33 33 33 32 32 33 35 36 37 38 41 42 43 44 45 45 46 47 47 47 46 47 49 50 51 53 53 53 52 53 52 53 54 53 54 54 55 55 56 57 57 58 60 62 64 63 66 66 65 66 67 68 68 69 71 71 70 72 73 73 72 73 72 72 71 70 70 69 69 69 69 66 64 64 64 63 62 63 62 61
24 25 24 25 25 26 26 26 27 27 27 28 29 30 31 32 33 34 34 34 34 34 36 38 39 40 42 42 43 45 46 46 47 48 48 48 49 49 50 51 53 55 54 54 54 53 53 53 54 54 56 54 56 55 56 56 58 59 60 62 63 64 66 67 67 68 69 69 70 71 72 72 73 74 76 76 75 75 73 73 71 70 69 69 68 69 69 69 68 65 65 64 63 63 62 63
25 24 24 24 26 25 26 27 28 27 27 28 30 30 32 34 34 34 35 35 36 36 36 39 41 41 42 42 43 44 46 48 49 49 50 51 51 50 51 52 53 54 54 54 55 56 52 54 55 55 56 56 56 57 57 58 59 59 61 62 62 65 67 69 68 68 70 71 72 74 75 76 77 77 77 78 78 76 73 72 74 71 70 70 72 70 68 68 70 68 67 66 65 64 64 63
25 25 25 25 25 25 26 27 27 27 29 29 31 31 32 34 34 35 35 35 36 35 38 41 41 42 42 44 44 45 47 48 50 50 50 51 52 50 52 53 53 53 54 54 55 55 54 55 56 56 56 56 58 58 58 58 59 60 61 61 62 64 68 70 71 71 73 74 75 75 76 78 78 78 78 79 77 77 76 73 75 74 72 74 73 72 71 71 70 69 67 66 66 65 64 64
25 26 26 26 25 25 26 26 27 29 30 31 31 32 32 33 34 35 37 36 36 37 38 40 41 42 43 44 45 46 47 49 50 50 51 52 53 53 53 53 53 54 54 54 54 55 56 56 55 56 56 56 57 57 59 58 59 60 61 63 64 65 68 71 71 74 75 75 75 75 77 77 77 79 79 79 78 78 77 75 78 77 76 76 75 74 72 73 72 70 68 67 66 66 66 64
26 26 27 27 27 27 26 28 29 30 30 30 31 32 33 34 35 37 37 38 38 38 40 41 42 42 44 45 45 46 49 50 50 51 53 54 55 54 54 54 54 54 55 55 55 55 56 57 56 56 56 55 57 57 58 59 60 61 63 63 65 65 69 70 74 75 76 76 77 78 78 80 80 81 80 82 79 81 79 78 79 78 79 78 77 77 76 74 73 72 69 68 67 67 67 68
27 27 27 27 28 28 28 28 29 30 30 31 31 32 34 36 36 37 37 39 39 40 40 41 41 41 44 45 46 47 49 50 51 52 54 55 55 55 55 55 55 54 55 54 55 56 57 58 58 57 55 56 56 57 56 57 59 59 60 63 65 67 69 73 74 76 76 78 77 78 77 79 81 82 82 83 81 81 81 80 80 79 78 81 79 79 77 76 73 74 69 68 67 67 67 69
27 28 28 28 28 29 29 29 30 30 30 30 31 32 34 36 36 36 38 39 40 40 40 41 41 42 43 45 46 46 48 51 52 53 54 54 55 55 55 55 55 56 55 55 55 55 56 57 56 56 56 56 56 57 57 57 58 59 61 64 65 66 68 71 73 75 77 77 79 79 78 80 81 80 82 82 82 82 82 81 81 81 80 79 79 80 78 77 77 75 71 68 67 67 67 69
27 28 29 29 29 29 30 29 30 30 30 31 31 32 35 36 36 37 38 39 40 40 40 41 41 42 44 45 45 46 48 50 52 53 55 56 55 55 55 54 54 55 55 55 53 55 55 56 56 56 55 55 56 57 57 57 58 60 61 64 65 67 70 73 73 76 76 76 78 79 80 80 80 81 83 83 83 83 85 83 81 81 81 80 79 79 80 78 75 75 72 70 68 67 69 68
27 27 28 30 31 31 30 30 30 30 31 31 32 33 35 36 36 37 38 39 40 40 41 41 42 43 44 45 47 48 50 50 51 53 54 54 55 54 54 55 55 55 55 55 53 54 55 55 55 55 55 55 57 56 57 57 59 59 62 64 65 69 71 72 73 76 76 76 77 77 78 79 82 83 84 84 84 84 83 83 81 81 81 80 79 80 79 79 78 75 72 71 70 68 69 69
27 28 29 30 31 31 30 31 31 31 31 32 33 34 34 36 38 38 39 39 40 40 41 42 43 43 45 46 47 48 49 51 52 52 54 54 54 56 55 54 55 55 55 55 54 54 55 55 55 55 56 57 56 56 57 57 58 61 63 66 68 67 71 73 74 74 75 75 76 77 79 81 81 83 84 84 84 85 84 82 82 81 80 80 80 79 79 78 78 76 74 71 72 70 70 69
27 28 30 31 31 31 31 31 31 31 33 34 33 34 35 38 38 38 39 40 40 41 42 43 43 44 45 47 46 47 49 51 51 52 54 55 55 55 56 54 55 56 54 55 54 54 53 55 55 56 58 56 56 58 58 58 59 60 64 68 69 69 73 73 74 74 75 76 77 77 80 82 82 82 83 84 84 84 83 82 82 81 80 80 80 79 79 80 78 78 76 72 73 72 72 70
27 28 29 31 31 31 32 32 32 33 34 34 33 34 36 37 38 39 39 40 41 41 42 43 43 44 45 46 47 47 49 50 51 52 54 56 56 55 54 54 55 55 54 53 54 54 53 55 55 56 58 57 56 57 58 57 58 60 64 66 69 69 71 73 74 74 75 76 77 78 80 82 82 84 86 85 85 84 83 82 82 81 81 80 80 79 78 77 78 78 76 74 73 74 73 70
28 29 30 31 32 32 34 34 35 34 34 35 35 36 36 37 39 38 39 39 41 41 42 43 44 45 46 46 46 48 49 50 51 53 53 55 54 54 54 54 54 55 55 55 55 53 55 55 55 56 58 57 57 58 58 57 58 58 61 66 68 70 71 74 73 74 75 77 78 79 80 83 83 84 85 84 84 83 82 82 81 80 80 78 79 78 79 79 76 77 78 76 75 74 72 70
29 28 29 30 31 32 34 35 36 35 36 36 36 36 36 37 40 40 40 40 41 41 42 44 44 45 46 46 46 47 48 50 50 51 52 54 54 53 53 54 54 55 54 55 55 55 55 55 56 56 57 57 58 58 57 57 58 57 61 66 69 70 71 74 74 75 77 77 78 79 82 83 86 86 87 85 84 84 82 82 81 80 80 78 77 77 78 77 76 76 76 75 77 73 72 70
29 29 29 30 30 32 33 36 37 37 37 36 36 36 37 37 41 40 40 40 40 41 43 45 45 45 45 47 47 46 48 50 49 51 52 53 53 53 53 54 54 54 55 55 55 55 55 56 56 56 57 58 59 58 58 57 58 59 62 68 69 69 72 74 74 75 77 78 79 79 82 83 84 86 85 86 84 84 82 81 81 81 79 78 77 77 78 77 76 76 76 76 75 75 74 70
28 29 30 30 30 31 34 35 36 39 37 36 36 37 37 38 39 40 41 41 41 41 42 44 44 45 45 46 47 47 47 48 49 50 52 52 53 53 53 52 54 54 54 55 55 55 55 56 56 56 58 59 59 59 58 58 59 60 64 67 68 69 72 73 74 75 76 77 78 79 80 83 84 85 85 86 85 83 82 81 81 80 79 78 77 77 77 77 76 76 76 76 75 74 74 72
29 29 29 30 31 32 32 34 35 36 38 36 37 36 37 37 39 40 40 41 41 42 42 42 43 45 45 46 46 47 46 49 50 50 51 52 53 54 53 54 54 55 55 55 56 56 55 56 57 57 58 60 59 59 58 59 61 62 66 68 69 71 72 73 74 75 76 76 77 79 79 80 82 82 85 85 84 84 82 81 80 81 79 78 77 78 77 78 77 77 78 78 77 75 74 72
29 29 29 30 31 31 32 33 35 36 36 38 38 38 37 39 40 40 39 40 41 42 42 42 43 43 45 46 47 48 49 51 52 51 53 52 53 54 54 55 55 55 55 55 55 56 56 57 57 57 58 57 59 59 59 60 61 63 67 68 70 71 72 73 73 74 76 75 76 79 79 81 81 83 83 84 83 83 81 80 80 79 80 78 79 78 79 78 78 80 77 79 79 76 76 75
29 29 30 31 31 31 32 32 33 35 36 36 38 38 37 39 40 40 39 39 41 42 43 43 43 44 45 46 48 48 50 52 52 52 52 53 53 54 56 55 56 56 55 56 55 55 56 57 57 57 59 58 59 59 59 60 61 63 66 69 70 70 72 73 73 74 73 75 75 77 79 78 80 82 81 83 83 82 82 80 77 79 80 79 79 78 79 79 78 79 78 79 77 77 77 77
30 30 31 31 31 31 32 33 33 35 36 37 36 38 38 40 42 41 41 40 40 42 43 43 44 44 45 46 48 48 50 51 52 54 54 53 55 56 57 57 57 56 55 56 56 56 57 57 57 57 58 58 59 59 59 61 61 63 66 68 69 70 71 73 73 74 73 74 75 76 77 77 79 79 80 82 82 82 80 79 79 80 81 79 79 79 78 79 78 79 80 77 78 79 77 78
32 32 31 32 32 32 32 32 33 33 35 34 35 36 41 40 41 41 41 40 40 41 44 44 45 44 45 47 48 49 51 51 51 52 53 54 55 57 57 56 57 56 56 55 56 56 56 56 57 58 57 58 58 58 58 59 62 63 65 67 69 70 71 72 73 74 73 73 75 77 78 78 79 77 80 81 79 80 80 80 83 81 81 82 81 81 81 78 79 77 77 76 76 78 77 78
34 34 32 34 32 32 32 32 33 33 36 38 36 37 41 41 40 41 42 41 41 42 44 44 45 45 47 48 49 50 51 53 52 54 53 55 55 54 56 56 55 56 56 55 55 56 57 56 57 57 57 58 58 58 58 59 60 61 63 66 67 68 71 72 73 74 74 74 76 76 77 77 77 78 78 79 79 79 81 81 81 82 82 82 83 82 80 79 78 77 77 77 76 77 77 78
35 35 35 35 34 32 32 32 33 35 36 38 39 38 40 40 42 42 40 42 42 41 44 45 46 46 48 49 50 50 51 54 52 52 53 53 55 54 55 55 55 56 54 55 55 56 55 55 57 57 57 58 58 58 59 59 59 61 64 66 67 67 69 72 73 73 75 75 75 76 76 77 77 77 79 79 77 79 79 81 81 82 82 83 83 82 80 78 78 77 77 76 75 75 77 78
34 36 37 37 35 34 33 33 33 33 35 38 39 41 41 42 42 43 40 41 41 41 42 45 46 47 50 51 50 51 53 54 54 53 53 54 56 56 56 55 56 56 54 55 55 56 54 56 58 58 58 58 58 58 60 59 61 61 63 66 68 67 69 70 73 73 75 75 75 77 75 76 76 76 78 77 77 78 79 80 80 80 80 81 81 82 79 78 78 78 76 77 75 76 76 76
37 37 38 38 37 37 37 35 37 35 35 36 40 41 42 43 44 44 44 43 42 42 41 43 45 48 51 50 51 49 51 49 53 55 55 55 55 56 54 54 54 54 54 53 54 54 54 55 56 58 57 56 57 57 58 59 60 61 62 64 65 69 69 70 70 73 73 75 75 76 75 75 75 76 76 77 78 78 78 80 80 80 80 81 81 80 79 78 78 77 77 77 75 76 75 76
37 37 39 39 38 38 38 39 39 38 37 39 40 41 43 43 45 44 44 43 42 42 41 43 44 48 49 49 49 50 53 53 53 53 54 55 54 53 54 52 52 53 52 53 52 54 55 55 57 56 56 56 58 58 58 58 59 60 62 65 65 65 68 69 71 72 72 74 74 76 76 76 75 75 74 77 78 77 78 79 79 79 81 80 80 80 79 78 77 77 77 77 76 76 84 76
