grids/precipitation/may/RSMS_05_1881_01.asc
NCOLS 654
NROWS 866
XLLCORNER 3280414.711633467
YLLCORNER 5237500.62890625
CELLSIZE 1000
NODATA_VALUE -999
[rows 689 to 741 of 866, columns 288 to 383 of 654]
68 67 69 72 74 76 77 77 77 77 77 76 75 79 84 94 95 95 95 93 92 90 91 92 93 91 91 81 87 93 80 77 78 83 81 78 76 73 73 73 72 73 73 74 74 73 75 78 78 79 78 76 76 75 75 73 74 75 81 84 85 85 87 88 90 90 89 85 90 87 92 93 85 89 93 95 99 88 95 95 91 85 75 76 83 84 80 81 75 74 74 77 73 72 70 69
65 67 70 72 74 74 77 78 78 77 77 76 76 78 85 98 94 93 92 95 94 90 90 92 90 90 91 89 87 90 86 84 76 77 77 76 77 73 73 73 74 73 73 74 74 75 78 79 79 79 79 77 74 73 73 73 78 77 82 82 84 86 85 87 88 86 89 85 83 85 87 86 84 88 92 93 96 94 94 87 85 86 72 80 77 71 77 79 79 72 78 76 73 71 70 69
68 69 70 71 74 76 77 77 77 77 77 76 77 79 84 96 98 94 92 91 93 95 94 90 88 90 92 94 94 92 93 93 90 79 77 75 74 74 73 73 74 77 74 75 74 76 79 80 80 79 82 76 73 73 72 73 73 79 82 89 87 87 88 84 85 85 87 92 88 87 87 88 87 90 88 88 91 88 86 77 72 84 78 70 65 65 77 80 74 71 73 76 73 72 69 66
68 69 69 70 72 74 76 78 77 77 76 77 77 78 89 95 95 95 94 91 92 94 92 90 89 93 94 93 92 92 93 89 87 87 80 81 75 77 75 74 75 76 74 75 75 76 80 79 80 80 82 75 73 73 81 79 76 82 85 88 87 87 88 87 87 83 86 87 86 90 90 92 87 86 89 84 82 78 72 82 81 79 83 79 65 67 65 71 66 72 71 72 72 74 66 64
66 66 67 70 71 73 75 76 77 77 79 82 83 80 86 89 92 95 93 92 89 90 89 87 91 93 92 91 91 90 92 90 88 90 91 85 83 76 81 78 76 81 77 75 76 78 80 82 80 81 83 78 73 76 76 76 78 76 83 90 85 87 89 89 86 84 81 80 86 86 90 89 90 90 88 83 82 78 80 77 83 84 82 78 76 75 69 58 66 65 72 68 65 68 69 66
67 68 70 70 72 73 74 78 79 86 92 90 95 91 83 86 86 95 94 91 89 89 88 88 91 93 92 89 94 90 89 87 89 87 92 88 85 85 80 78 81 80 82 77 77 78 79 80 79 81 77 76 78 83 80 77 79 76 81 87 83 89 89 89 86 87 87 87 81 86 85 86 85 84 80 81 80 77 75 72 76 81 76 82 75 64 63 65 63 60 67 66 66 64 63 62
67 69 70 71 75 79 75 83 87 89 91 86 94 93 83 94 95 96 93 93 88 86 89 91 90 89 88 89 93 95 90 90 89 88 90 89 87 86 87 79 75 80 77 77 76 79 79 81 79 79 78 77 77 76 72 71 78 80 82 86 82 88 86 87 89 88 84 82 81 79 78 81 79 81 79 81 79 77 74 79 79 74 75 69 68 73 68 71 67 64 67 68 68 64 64 62
69 76 85 79 83 78 82 80 88 87 88 97 84 94 82 99 98 95 93 91 88 89 89 88 89 89 87 90 90 89 89 87 87 87 87 91 91 89 85 81 81 80 76 87 76 76 78 90 79 79 79 78 79 74 83 71 77 80 81 81 83 86 87 87 90 90 89 86 85 84 80 80 79 80 75 75 73 79 82 78 77 77 79 74 70 82 83 78 72 71 73 75 69 69 66 63
70 80 79 84 83 85 86 91 90 93 95 93 83 82 83 90 95 95 92 91 89 88 86 88 88 90 87 85 88 86 86 86 88 91 91 90 90 90 89 84 83 83 79 81 77 78 78 90 81 81 79 81 83 89 86 81 80 74 79 79 86 85 87 89 89 87 90 92 89 90 87 87 85 81 81 75 73 71 69 71 66 72 69 68 77 85 88 83 76 72 73 71 73 71 68 64
81 87 85 85 86 88 90 92 95 92 92 95 82 99 95 95 94 96 93 91 92 87 88 88 87 87 89 84 86 88 92 87 85 89 88 90 88 87 84 82 89 89 86 86 82 84 84 87 87 89 88 85 85 93 91 86 78 74 76 77 82 85 90 87 85 89 92 90 87 85 87 90 90 84 77 77 79 75 78 77 73 67 68 66 78 78 79 82 80 77 73 74 73 70 67 65
81 83 87 87 86 90 90 93 94 96 92 89 82 96 93 93 93 91 91 90 91 86 87 87 87 86 85 86 85 86 87 90 85 87 87 89 84 85 84 83 86 87 89 88 83 86 87 83 90 91 90 89 75 89 87 83 82 80 76 78 86 86 83 84 91 90 93 93 92 87 80 85 92 89 84 81 80 80 78 75 74 70 68 67 71 75 74 74 81 79 72 71 68 69 68 64
86 84 84 90 88 90 92 94 94 92 94 95 82 89 90 92 92 92 92 91 88 86 88 86 83 84 82 84 82 85 89 89 87 87 86 87 88 84 85 85 87 86 86 87 88 87 84 84 86 90 88 85 85 87 85 86 83 79 77 77 85 88 81 89 90 89 93 90 82 88 82 79 85 86 82 75 73 74 73 70 69 68 67 67 69 74 67 73 78 78 70 66 65 64 63 60
82 82 83 85 90 92 93 94 93 94 89 90 82 85 90 91 91 93 91 88 88 88 86 87 83 86 87 87 85 87 84 84 89 87 88 88 89 87 86 83 82 81 84 85 86 88 89 85 81 85 87 83 82 85 85 87 85 84 78 79 80 83 83 90 85 86 90 82 78 88 79 73 76 76 77 72 72 71 70 68 67 68 68 71 68 68 68 69 68 69 71 69 68 64 62 61
81 82 83 86 90 91 91 90 92 93 92 89 83 80 87 87 87 89 91 89 88 89 90 86 88 88 87 88 86 83 83 85 84 88 88 85 85 85 83 83 85 83 82 85 83 86 84 81 83 79 85 84 79 86 88 89 84 81 78 83 78 80 81 88 83 87 88 87 88 76 74 75 74 74 74 73 72 70 70 69 68 68 68 69 70 73 80 73 74 76 74 70 67 66 64 62
83 81 85 87 90 88 88 91 92 91 91 93 87 86 84 79 78 88 87 89 90 92 90 90 88 94 90 90 95 92 87 81 81 88 85 87 85 85 86 87 83 85 85 85 85 86 81 82 84 76 79 84 78 86 87 87 88 83 79 78 82 79 82 89 83 82 86 82 75 75 74 75 75 74 74 74 74 73 71 69 69 70 70 72 73 76 74 76 73 76 71 69 68 65 64 62
82 81 84 87 90 87 85 88 90 92 89 89 88 86 87 83 78 88 89 86 90 92 90 90 93 95 92 94 89 87 93 88 80 82 88 86 83 85 87 87 86 86 86 85 86 87 83 83 81 77 78 84 77 85 84 84 87 89 88 84 82 81 82 79 79 79 78 75 75 75 75 75 75 76 75 74 74 73 71 70 69 70 73 71 74 74 77 78 77 74 73 68 67 66 64 63
83 81 83 87 90 86 86 87 88 90 89 89 88 88 85 81 78 84 82 86 87 89 90 89 94 93 89 86 91 86 86 83 80 89 88 86 86 87 87 87 87 90 90 89 90 90 87 85 82 80 76 74 78 77 79 82 88 87 88 84 79 79 81 81 79 79 78 77 76 76 76 75 76 77 76 75 74 73 71 70 71 73 75 76 73 77 77 79 76 71 71 67 67 65 65 62
81 79 83 83 86 84 84 83 86 84 83 85 88 87 85 85 81 79 86 84 86 87 87 88 92 93 92 91 86 85 84 84 85 89 87 87 90 88 91 92 93 93 93 92 94 89 90 88 88 80 75 77 82 85 76 79 81 86 88 79 78 78 79 79 78 78 78 77 77 76 78 77 77 77 77 77 75 74 74 73 77 73 78 76 80 78 73 74 74 73 73 68 67 65 65 63
81 81 80 81 84 86 83 80 81 79 78 77 86 86 84 83 81 77 79 82 86 84 88 90 91 92 90 92 95 92 87 83 88 88 85 90 87 91 91 90 94 92 92 92 85 89 88 87 89 84 82 88 83 86 80 81 78 80 78 78 78 79 80 79 78 78 78 77 76 76 77 78 78 78 78 76 76 75 74 75 79 81 75 79 80 78 80 74 73 72 70 68 66 67 64 65
80 81 80 80 82 83 82 81 81 77 77 77 78 79 81 80 77 83 86 88 90 89 88 90 88 91 94 92 89 93 92 85 87 87 86 86 88 88 87 87 93 88 88 92 80 86 85 87 91 89 80 86 85 89 86 79 78 77 78 78 78 78 79 78 79 79 77 76 77 77 78 78 79 78 78 77 77 75 76 75 80 81 81 81 82 81 79 73 70 70 70 67 67 67 66 65
78 79 77 79 80 81 81 81 80 76 76 75 75 74 77 75 76 76 82 85 86 88 88 88 89 87 91 91 92 91 90 91 84 88 84 85 86 88 87 97 94 88 90 97 83 88 85 83 93 87 82 88 81 81 81 79 78 78 79 78 78 79 78 79 79 78 79 78 77 78 78 79 78 79 79 77 77 79 77 78 82 79 83 83 80 86 84 75 73 71 70 68 67 67 66 65
76 77 75 76 74 73 77 76 77 76 77 80 82 83 80 79 75 77 80 82 84 86 88 84 87 89 90 92 89 87 86 87 88 85 85 86 91 88 90 93 90 91 91 98 96 88 85 85 93 87 84 90 92 82 80 80 80 78 81 79 79 79 80 81 80 79 79 79 79 79 79 78 78 79 79 78 76 80 77 75 79 83 83 82 84 86 77 74 73 70 68 67 67 66 66 65
75 76 76 74 75 76 78 76 76 77 77 82 77 76 76 82 80 78 85 86 85 84 84 85 86 83 85 86 88 89 88 86 86 87 86 93 87 90 87 94 89 89 93 99 92 90 87 87 88 89 86 86 86 83 82 82 82 81 80 80 81 80 81 81 81 82 82 81 81 80 80 79 79 79 77 76 78 82 80 77 80 74 76 81 82 87 76 71 71 70 68 66 66 65 66 66
77 75 75 76 76 74 75 76 76 78 79 78 78 74 80 81 79 75 78 84 86 84 87 83 84 85 87 86 88 87 86 85 87 88 87 90 89 88 88 92 91 90 93 99 96 89 89 89 90 89 88 86 86 86 83 82 82 83 83 81 82 82 83 82 83 84 82 81 81 82 80 80 81 80 79 77 78 77 82 81 83 80 78 85 84 78 77 72 70 70 70 66 65 67 66 66
75 75 75 76 74 71 75 74 74 75 77 77 77 77 79 78 78 74 81 74 76 79 78 82 83 88 87 86 87 88 86 88 87 88 88 90 90 89 90 94 92 92 92 97 92 90 90 90 90 91 90 88 86 86 85 83 82 83 83 83 82 83 85 86 84 83 84 82 82 82 80 81 82 81 81 78 76 83 81 77 80 84 80 80 84 83 75 72 71 72 71 67 67 67 66 67
74 73 73 74 72 74 74 72 74 72 74 76 73 77 77 76 73 73 77 73 74 80 80 81 83 86 87 86 86 87 90 88 90 89 88 90 91 87 89 90 90 91 92 92 92 91 92 91 90 90 90 89 88 86 85 85 84 83 84 84 86 87 87 87 87 84 83 82 83 81 81 82 82 83 82 77 83 82 81 82 84 86 86 79 81 81 78 74 74 72 72 70 69 69 72 70
72 70 71 73 72 72 71 72 72 71 71 71 73 73 72 73 70 72 71 77 77 79 77 81 80 81 85 88 88 87 87 88 89 94 90 90 91 89 90 92 92 93 92 92 92 93 92 92 91 90 90 89 89 88 85 86 86 86 84 85 90 89 87 86 88 84 82 83 83 83 82 83 83 87 84 78 81 75 79 82 86 83 88 84 83 79 77 76 76 74 72 71 72 73 73 72
71 69 69 70 70 70 71 72 72 71 71 71 69 68 70 71 70 73 74 80 81 81 82 82 81 82 85 87 87 88 90 88 90 93 90 92 90 90 92 92 92 92 92 93 93 94 92 91 91 90 89 89 89 89 88 92 92 88 87 89 92 91 89 89 89 84 84 84 83 84 81 81 86 89 83 81 83 84 82 82 88 88 93 90 87 84 80 77 77 77 75 72 73 74 74 72
73 72 71 68 66 69 71 72 73 72 71 68 69 68 69 70 73 72 72 78 80 80 81 80 83 83 88 89 88 88 89 90 88 91 90 90 90 91 92 92 94 94 94 95 94 94 94 92 92 92 90 89 89 89 89 94 92 87 90 93 92 91 90 90 89 86 84 85 84 83 83 83 87 90 87 80 80 85 86 87 82 83 89 92 83 82 79 78 77 77 76 75 74 77 80 76
70 71 70 69 69 67 67 67 71 71 70 69 67 66 70 71 72 73 73 77 73 75 76 82 79 84 87 88 88 87 89 88 91 87 88 90 90 92 93 92 94 95 95 95 96 94 93 93 92 92 90 89 91 90 90 94 92 88 93 90 94 92 92 91 91 91 85 87 85 83 83 85 89 91 91 86 85 82 83 84 86 91 94 82 83 81 81 80 79 79 80 78 77 77 78 80
68 68 69 70 70 68 72 73 70 68 69 69 70 69 68 71 72 73 75 77 73 74 81 79 80 81 84 89 89 90 86 88 88 87 89 90 92 93 94 94 95 95 96 96 95 95 94 94 93 92 91 92 91 90 90 95 92 89 90 95 95 94 93 93 94 94 87 86 86 84 85 87 88 93 91 89 90 86 87 89 89 96 95 87 84 82 82 82 83 84 83 82 82 80 78 76
67 68 67 70 71 72 72 71 71 71 70 70 70 69 70 72 72 73 75 77 78 77 81 82 85 81 84 89 89 89 85 88 87 87 90 90 92 92 94 94 95 95 97 96 96 95 94 93 93 92 91 92 91 91 96 93 89 93 93 97 97 96 94 94 95 92 87 86 86 87 87 87 93 92 93 93 90 92 95 89 92 91 95 86 81 82 83 89 88 89 88 85 84 82 80 76
67 68 69 71 70 68 68 70 71 70 71 71 70 69 69 71 72 73 72 75 74 77 80 84 83 84 83 87 86 86 85 85 86 88 90 92 92 93 92 94 95 96 95 96 97 96 94 94 93 92 91 92 91 93 98 92 92 96 96 94 90 96 96 97 95 89 88 87 86 87 87 87 89 92 93 95 94 90 89 95 96 97 88 84 83 86 87 87 88 86 86 84 84 84 82 78
63 66 68 68 69 67 68 68 70 71 69 70 70 69 69 71 72 73 73 70 76 80 84 83 84 84 82 83 85 85 85 87 87 89 91 90 92 92 94 96 96 96 96 96 96 96 96 94 93 93 92 92 94 95 95 92 91 94 95 98 96 96 96 96 94 96 89 89 88 89 89 87 95 92 92 94 97 92 88 93 92 92 98 89 87 84 89 89 86 87 86 83 83 81 79 78
66 67 69 69 65 66 67 68 69 71 70 67 70 69 68 66 67 71 70 75 77 79 79 81 82 84 82 82 83 83 85 88 87 89 90 90 92 93 94 96 96 96 96 96 96 96 96 95 94 93 92 91 97 94 97 91 92 93 98 97 93 96 99 97 100 97 90 90 90 89 88 88 87 92 94 96 97 96 96 95 91 87 90 90 90 87 89 87 87 86 85 85 84 81 80 78
65 66 64 66 66 66 67 68 67 68 70 66 66 66 68 68 73 73 73 76 77 77 76 79 80 80 82 82 84 85 86 87 87 89 89 92 92 92 93 95 97 96 96 96 96 96 96 95 95 94 93 92 95 96 91 98 96 93 97 99 97 97 100 99 94 92 92 90 90 91 89 87 88 89 90 92 93 93 88 86 85 89 93 93 90 90 89 87 87 87 86 85 83 83 83 82
63 63 62 64 65 66 65 66 68 68 66 66 65 68 68 68 73 73 73 75 75 76 75 77 78 79 81 82 84 85 86 87 87 89 90 92 94 91 93 96 96 96 96 94 96 96 96 96 102 101 100 98 97 95 93 100 97 91 94 93 97 99 99 100 101 96 93 92 91 91 91 90 90 90 97 93 96 90 96 95 95 90 96 99 99 98 96 95 90 93 92 87 83 86 85 89
62 63 63 63 64 65 66 66 66 64 68 67 67 68 68 68 71 72 73 73 74 77 75 76 76 78 81 81 82 85 86 87 87 88 90 91 92 91 92 93 94 93 94 94 95 95 97 102 101 100 100 100 95 93 96 95 92 98 100 97 100 99 97 101 97 95 95 93 92 92 92 92 92 93 93 95 101 97 93 98 94 90 93 98 94 97 95 95 96 94 90 88 86 87 92 90
64 62 59 62 62 61 63 62 64 67 68 68 67 68 66 67 69 71 72 70 71 72 75 75 76 78 80 81 82 84 85 85 87 87 89 90 91 92 99 92 91 92 93 95 96 100 106 102 100 99 99 95 94 97 97 96 96 97 101 100 99 101 101 102 97 99 97 94 93 93 94 93 94 94 99 103 99 97 97 94 94 99 104 102 101 97 98 97 96 94 92 90 91 92 92 94
62 63 63 63 62 62 63 64 64 67 68 65 67 65 66 66 67 69 69 69 71 73 73 74 75 77 79 80 82 82 84 85 87 87 89 89 99 98 101 101 92 97 96 99 103 98 105 101 100 96 95 95 101 99 97 93 97 101 102 101 99 97 95 96 100 104 96 95 95 94 95 95 95 95 96 105 102 104 96 98 98 101 103 99 100 99 98 97 99 96 95 92 92 94 95 92
66 62 63 66 65 64 62 66 66 65 65 63 64 64 66 65 66 68 68 70 71 72 73 74 75 76 78 79 81 82 84 86 87 88 90 97 98 99 100 96 99 90 101 104 103 103 103 103 101 98 94 97 102 102 96 96 96 101 102 99 96 97 99 100 100 102 94 95 96 94 95 95 95 96 102 102 102 102 101 103 104 106 102 101 101 101 100 100 99 97 98 97 99 101 101 100
65 65 66 66 65 64 64 66 65 66 65 65 65 65 66 66 66 68 68 69 71 73 72 73 75 75 77 78 81 82 83 85 86 88 95 97 98 99 98 99 97 94 102 100 99 103 102 102 98 95 99 102 101 100 96 101 100 101 103 99 97 101 99 101 106 98 95 96 96 94 94 95 95 96 99 108 108 107 104 104 105 106 105 101 103 103 103 102 105 101 101 103 105 110 101 97
65 66 65 66 66 66 64 64 64 68 66 67 67 66 66 66 66 67 68 69 70 72 72 73 74 75 75 77 79 81 83 89 85 86 90 99 100 99 97 95 95 95 98 101 104 104 104 102 95 94 99 103 103 97 99 103 102 102 102 102 98 96 100 100 106 98 94 95 94 95 93 97 98 99 100 112 107 110 104 107 106 107 104 109 106 109 108 108 107 103 106 105 109 110 104 103
64 66 66 66 66 66 66 65 69 68 70 67 68 66 65 66 66 67 68 69 70 72 72 73 74 74 74 76 79 84 88 89 87 88 90 98 100 100 99 98 99 97 97 100 103 103 105 101 97 94 100 101 103 99 101 103 103 103 103 104 103 101 100 106 106 101 97 95 96 95 92 98 99 100 102 106 106 105 102 103 106 108 111 109 105 105 111 111 105 108 105 101 109 108 104 103
64 65 66 66 66 66 66 67 70 70 71 70 69 66 66 66 66 67 68 69 70 72 72 74 75 75 75 81 83 88 90 90 87 87 87 91 98 100 100 97 98 97 103 101 103 103 103 98 99 95 106 104 103 103 97 102 102 104 108 106 104 105 101 102 101 102 98 96 96 94 89 94 99 101 104 103 103 105 105 106 106 110 112 106 110 107 107 106 106 110 113 110 113 111 107 108
63 64 65 66 67 68 69 69 70 71 72 73 71 66 67 66 66 66 67 68 70 72 73 75 77 78 79 83 87 87 88 88 89 87 88 89 90 100 101 101 102 101 97 94 102 103 100 100 99 94 100 105 104 103 99 97 102 107 103 109 105 104 108 102 102 104 96 99 99 96 94 100 102 105 106 110 109 109 112 111 112 106 110 109 108 110 105 105 109 110 109 119 114 109 108 107
62 64 64 67 69 69 69 71 70 70 69 67 68 68 67 65 63 63 67 68 69 73 74 77 78 79 80 83 87 87 89 90 88 85 91 88 88 94 100 97 102 102 101 99 101 103 103 99 99 95 99 104 104 104 99 102 101 99 104 103 111 109 107 111 109 103 98 100 103 102 102 103 106 107 110 107 113 111 113 114 113 110 110 112 110 107 104 107 111 110 106 109 111 113 109 110
63 60 66 67 68 68 69 71 70 64 67 68 68 68 66 64 63 64 67 71 73 74 75 77 78 79 79 83 85 89 87 90 86 86 88 91 88 89 98 102 102 102 103 100 99 103 103 104 98 96 98 104 105 102 102 104 102 104 102 103 109 107 104 102 103 103 99 103 105 103 103 103 106 106 107 108 110 112 114 113 113 111 110 107 107 104 108 111 112 112 106 110 111 110 111 103
61 66 67 66 68 66 69 66 65 64 67 68 68 67 67 66 66 65 69 69 73 74 76 77 78 79 79 83 87 88 90 89 85 86 91 92 87 89 92 100 101 102 103 100 101 102 104 103 99 96 103 105 104 106 105 104 104 107 104 106 111 108 105 106 107 108 103 106 105 105 105 105 105 107 109 109 110 117 118 116 113 110 108 105 103 106 108 113 116 110 105 106 113 109 106 105
64 66 67 66 66 68 65 64 65 66 67 68 68 68 68 66 68 69 70 71 74 75 75 78 79 80 79 83 87 90 90 89 85 87 93 91 88 89 93 100 100 102 102 103 102 103 103 103 97 96 101 101 105 106 104 100 103 106 104 106 108 108 106 106 108 107 106 107 108 109 107 107 108 109 109 110 109 118 117 111 109 109 107 104 102 107 106 109 111 112 110 104 110 113 111 111
59 59 62 62 67 65 63 64 65 66 68 67 68 68 68 67 69 70 71 71 75 77 77 79 79 80 79 82 86 88 88 90 84 88 93 90 87 88 90 95 97 97 100 101 103 103 100 100 97 96 97 100 106 105 100 95 99 97 101 102 107 104 110 112 109 104 110 110 110 108 108 108 108 110 111 112 120 118 116 111 112 109 106 100 101 104 107 111 109 108 111 106 107 112 114 116
61 58 59 62 62 62 63 65 65 65 68 68 68 68 68 69 70 71 73 73 76 78 79 79 79 81 81 81 84 88 90 88 84 88 91 91 86 88 92 92 95 94 100 101 103 104 100 101 99 95 98 97 97 98 99 97 97 97 98 100 106 111 107 108 107 105 110 109 111 110 110 109 110 110 112 112 112 114 117 113 113 110 104 98 104 106 111 113 112 112 109 107 112 115 113 112
61 60 61 62 63 64 65 65 65 66 68 68 69 69 69 69 71 73 73 74 77 78 79 78 80 81 81 81 83 89 90 87 84 92 91 86 86 87 91 94 98 97 99 101 102 103 104 102 95 99 102 103 105 101 101 101 100 97 101 106 107 105 110 105 103 108 112 111 111 111 112 113 113 114 114 114 114 115 119 114 113 111 105 103 104 109 113 113 112 109 110 113 115 119 112 111
