grids/precipitation/may/RSMS_05_1882_01.asc
NCOLS 654
NROWS 866
XLLCORNER 3280414.711633467
YLLCORNER 5237500.62890625
CELLSIZE 1000
NODATA_VALUE -999
[rows 624 to 675 of 866, columns 480 to 575 of 654]
52 52 52 51 51 55 52 53 53 55 56 60 63 -999 -999 -999 -999 -999 -999 -999 -999 -999 -999 -999 -999 -999 -999 -999 -999 -999 -999 -999 -999 -999 -999 -999 -999 -999 -999 -999 -999 -999 -999 -999 -999 -999 -999 -999 -999 -999 -999 -999 -999 -999 -999 -999 -999 -999 -999 -999 -999 -999 -999 -999 -999 -999 -999 -999 -999 -999 -999 -999 -999 -999 -999 -999 -999 -999 -999 -999 -999 -999 -999 -999 -999 -999 -999 -999 -999 -999 -999 -999 -999 -999 -999 -999
53 51 50 50 51 51 51 52 54 57 57 63 62 -999 -999 -999 -999 -999 -999 -999 -999 -999 -999 -999 -999 -999 -999 -999 -999 -999 -999 -999 -999 -999 -999 -999 -999 -999 -999 -999 -999 -999 -999 -999 -999 -999 -999 -999 -999 -999 -999 -999 -999 -999 -999 -999 -999 -999 -999 -999 -999 -999 -999 -999 -999 -999 -999 -999 -999 -999 -999 -999 -999 -999 -999 -999 -999 -999 -999 -999 -999 -999 -999 -999 -999 -999 -999 -999 -999 -999 -999 -999 -999 -999 -999 -999
50 49 50 49 50 53 52 51 51 55 55 57 59 61 -999 -999 -999 -999 -999 -999 -999 -999 -999 -999 -999 -999 -999 -999 -999 -999 -999 -999 -999 -999 -999 -999 -999 -999 -999 -999 -999 -999 -999 -999 -999 -999 -999 -999 -999 -999 -999 -999 -999 -999 -999 -999 -999 -999 -999 -999 -999 -999 -999 -999 -999 -999 -999 -999 -999 -999 -999 -999 -999 -999 -999 -999 -999 -999 -999 -999 -999 -999 -999 -999 -999 -999 -999 -999 -999 -999 -999 -999 -999 -999 -999 -999
48 48 48 48 48 52 56 51 51 54 52 52 52 58 -999 -999 -999 -999 -999 -999 -999 -999 -999 -999 -999 -999 -999 -999 -999 -999 -999 -999 -999 -999 -999 -999 -999 -999 -999 -999 -999 -999 -999 -999 -999 -999 -999 -999 -999 -999 -999 -999 -999 -999 -999 -999 -999 -999 -999 -999 -999 -999 -999 -999 -999 -999 -999 -999 -999 -999 -999 -999 -999 -999 -999 -999 -999 -999 -999 -999 -999 -999 -999 -999 -999 -999 -999 -999 -999 -999 -999 -999 -999 -999 -999 -999
47 47 48 48 48 50 52 52 52 56 56 52 55 54 61 -999 -999 -999 -999 -999 -999 -999 57 56 -999 -999 -999 -999 -999 -999 -999 -999 -999 -999 -999 -999 -999 -999 -999 -999 -999 -999 -999 -999 -999 -999 -999 -999 -999 -999 -999 -999 -999 -999 -999 -999 -999 -999 -999 -999 -999 -999 -999 -999 -999 -999 -999 -999 -999 -999 -999 -999 -999 -999 -999 -999 -999 -999 -999 -999 -999 -999 -999 -999 -999 -999 -999 -999 -999 -999 -999 -999 -999 -999 -999 -999
47 46 47 48 49 50 51 56 56 57 60 59 60 56 62 56 54 48 52 52 57 58 58 56 59 57 57 57 -999 -999 -999 -999 -999 -999 -999 -999 -999 -999 -999 -999 -999 -999 -999 -999 -999 -999 -999 -999 -999 -999 -999 -999 -999 -999 -999 -999 -999 -999 -999 -999 -999 -999 -999 -999 -999 -999 -999 -999 -999 -999 -999 -999 -999 -999 -999 -999 -999 -999 -999 -999 -999 -999 -999 -999 -999 -999 -999 -999 -999 -999 -999 -999 -999 -999 -999 -999
47 47 47 47 48 50 50 53 53 52 51 51 49 54 57 56 51 48 52 53 60 60 57 56 56 58 56 56 58 -999 -999 -999 -999 -999 -999 -999 -999 -999 -999 -999 -999 -999 -999 -999 -999 -999 -999 -999 -999 -999 -999 -999 -999 -999 -999 -999 -999 -999 -999 -999 -999 -999 -999 -999 -999 -999 -999 -999 -999 -999 -999 -999 -999 -999 -999 -999 -999 -999 -999 -999 -999 -999 -999 -999 -999 -999 -999 -999 -999 -999 -999 -999 -999 -999 -999 -999
51 49 48 48 49 51 49 50 55 53 46 45 45 48 56 56 52 50 52 54 54 57 56 56 57 56 57 58 60 58 -999 -999 -999 -999 -999 -999 -999 -999 -999 -999 -999 -999 -999 -999 -999 -999 -999 -999 -999 -999 -999 -999 -999 -999 -999 -999 -999 -999 -999 -999 -999 -999 -999 -999 -999 -999 -999 -999 -999 -999 -999 -999 -999 -999 -999 -999 -999 -999 -999 -999 -999 -999 -999 -999 -999 -999 -999 -999 -999 -999 -999 -999 -999 -999 -999 -999
51 51 51 49 50 54 51 49 52 54 47 44 44 48 53 54 50 50 55 55 56 54 54 55 56 55 56 58 60 60 -999 -999 -999 -999 -999 -999 -999 -999 -999 -999 -999 -999 -999 -999 -999 -999 -999 -999 -999 -999 -999 -999 -999 -999 -999 -999 -999 -999 -999 -999 -999 -999 -999 -999 -999 -999 -999 -999 -999 -999 -999 -999 -999 -999 -999 -999 -999 -999 -999 -999 -999 -999 -999 -999 -999 -999 -999 -999 -999 -999 -999 -999 -999 -999 -999 -999
55 51 51 49 52 54 51 49 51 59 49 43 43 44 48 50 50 54 59 56 55 56 55 53 55 55 58 60 63 62 -999 -999 -999 -999 -999 -999 -999 -999 -999 -999 -999 -999 -999 -999 -999 -999 -999 -999 -999 -999 -999 -999 -999 -999 -999 -999 -999 -999 -999 -999 -999 -999 -999 -999 -999 -999 -999 -999 -999 -999 -999 -999 -999 -999 -999 -999 -999 -999 -999 -999 -999 -999 -999 -999 -999 -999 -999 -999 -999 -999 -999 -999 -999 -999 -999 -999
50 50 51 49 54 55 49 49 51 55 48 43 43 44 45 48 51 53 57 55 54 54 55 53 56 56 57 57 60 62 66 -999 -999 -999 -999 -999 -999 -999 -999 -999 -999 -999 -999 -999 -999 -999 -999 -999 -999 -999 -999 -999 -999 -999 -999 -999 -999 -999 -999 -999 -999 -999 -999 -999 -999 -999 -999 -999 -999 -999 -999 -999 -999 -999 -999 -999 -999 -999 -999 -999 -999 -999 -999 -999 -999 -999 -999 -999 -999 -999 -999 -999 -999 -999 -999 -999
45 46 52 50 51 51 48 47 51 47 44 43 44 44 50 50 50 52 56 55 53 52 53 53 52 54 55 58 63 62 65 -999 -999 -999 -999 -999 -999 -999 -999 -999 -999 -999 -999 -999 -999 -999 -999 -999 -999 -999 -999 -999 -999 -999 -999 -999 -999 -999 -999 -999 -999 -999 -999 -999 -999 -999 -999 -999 -999 -999 -999 -999 -999 -999 -999 -999 -999 -999 -999 -999 -999 -999 -999 -999 -999 -999 -999 -999 -999 -999 -999 -999 -999 -999 -999 -999
43 45 45 47 49 46 45 45 48 46 45 45 43 45 47 49 50 50 56 57 54 53 52 54 51 52 56 58 66 64 66 -999 -999 -999 -999 -999 -999 -999 -999 -999 -999 -999 -999 -999 -999 -999 -999 -999 -999 -999 -999 -999 -999 -999 -999 -999 -999 -999 -999 -999 -999 -999 -999 -999 -999 -999 -999 -999 -999 -999 -999 -999 -999 -999 -999 -999 -999 -999 -999 -999 -999 -999 -999 -999 -999 -999 -999 -999 -999 -999 -999 -999 -999 -999 -999 -999
43 41 44 44 45 44 43 46 51 45 44 45 43 45 47 48 48 50 52 58 54 55 58 53 52 52 53 60 60 64 71 77 -999 -999 -999 -999 -999 -999 -999 -999 -999 -999 -999 -999 -999 -999 -999 -999 -999 -999 -999 -999 -999 -999 -999 -999 -999 -999 -999 -999 -999 -999 -999 -999 -999 -999 -999 -999 -999 -999 -999 -999 -999 -999 -999 -999 -999 -999 -999 -999 -999 -999 -999 -999 -999 -999 -999 -999 -999 -999 -999 -999 -999 -999 -999 -999
41 41 43 43 40 44 41 45 48 44 43 43 43 44 45 46 48 52 51 54 55 56 66 56 52 53 56 58 59 65 70 74 78 85 -999 -999 -999 -999 -999 -999 -999 -999 -999 -999 -999 -999 -999 -999 -999 -999 -999 -999 -999 -999 -999 -999 -999 -999 -999 -999 -999 -999 -999 -999 -999 -999 -999 -999 -999 -999 -999 -999 -999 -999 -999 -999 -999 -999 -999 -999 -999 -999 -999 -999 -999 -999 -999 -999 -999 -999 -999 -999 -999 -999 -999 -999
40 40 41 41 40 42 40 41 44 42 42 44 43 44 49 48 47 48 53 55 55 60 69 64 61 64 61 66 65 65 72 79 79 84 88 -999 -999 -999 -999 -999 -999 -999 -999 -999 -999 -999 -999 -999 -999 -999 -999 -999 -999 -999 -999 -999 -999 -999 -999 -999 -999 -999 -999 -999 -999 -999 -999 -999 -999 -999 -999 -999 -999 -999 -999 -999 -999 -999 -999 -999 -999 -999 -999 -999 -999 -999 -999 -999 -999 -999 -999 -999 -999 -999 -999 -999
40 40 40 40 40 39 40 43 44 42 41 43 43 43 47 49 50 48 52 54 57 61 56 64 68 77 76 71 74 66 76 82 88 86 93 101 104 104 -999 -999 -999 -999 -999 -999 -999 -999 -999 -999 -999 -999 -999 -999 -999 -999 -999 -999 -999 -999 -999 -999 -999 -999 -999 -999 -999 -999 -999 -999 -999 -999 -999 -999 -999 -999 -999 -999 -999 -999 -999 -999 -999 -999 -999 -999 -999 -999 -999 -999 -999 -999 -999 -999 -999 -999 -999 -999
40 38 40 40 39 41 40 41 43 42 41 43 44 46 46 47 50 54 50 54 55 56 52 52 55 62 75 78 76 72 77 84 88 90 92 93 102 108 -999 -999 -999 -999 -999 -999 -999 -999 -999 -999 -999 -999 -999 -999 -999 -999 -999 -999 -999 -999 -999 -999 -999 -999 -999 -999 -999 -999 -999 -999 -999 -999 -999 -999 -999 -999 -999 -999 -999 -999 -999 -999 -999 -999 -999 -999 -999 -999 -999 -999 -999 -999 -999 -999 -999 -999 -999 -999
38 38 38 39 39 39 43 40 42 42 41 42 44 46 47 49 51 55 55 56 57 59 58 54 57 61 65 73 74 77 77 81 84 84 86 91 96 102 111 118 -999 -999 -999 -999 -999 -999 -999 -999 -999 -999 -999 -999 -999 -999 -999 -999 -999 -999 -999 -999 -999 -999 -999 -999 -999 -999 -999 -999 -999 -999 -999 -999 -999 -999 -999 -999 -999 -999 -999 -999 -999 -999 -999 -999 -999 -999 -999 -999 -999 -999 -999 -999 -999 -999 -999 -999
37 38 38 39 38 39 39 39 39 40 41 43 43 48 48 50 51 57 60 56 58 57 56 59 61 62 64 66 71 77 73 77 80 82 86 96 100 104 113 120 117 -999 -999 -999 -999 -999 -999 -999 -999 -999 -999 -999 -999 -999 -999 -999 -999 -999 -999 -999 -999 -999 -999 -999 -999 -999 -999 -999 -999 -999 -999 -999 -999 -999 -999 -999 -999 -999 -999 -999 -999 -999 -999 -999 -999 -999 -999 -999 -999 -999 -999 -999 -999 -999 -999 -999
38 37 38 39 39 39 39 39 39 40 41 43 43 43 47 47 49 52 56 58 57 58 58 63 65 64 68 70 70 71 71 72 73 84 83 90 93 99 104 115 116 126 -999 -999 -999 -999 -999 -999 -999 -999 -999 -999 -999 -999 -999 -999 -999 -999 -999 -999 -999 -999 -999 -999 -999 -999 -999 -999 -999 -999 -999 -999 -999 -999 -999 -999 -999 -999 -999 -999 -999 -999 -999 -999 -999 -999 -999 -999 -999 -999 -999 -999 -999 -999 -999 -999
38 38 39 39 39 40 39 39 40 42 46 47 43 47 55 49 49 52 53 58 57 59 63 65 69 74 72 77 77 76 77 74 77 77 83 88 91 99 99 107 114 121 132 -999 -999 -999 -999 -999 -999 -999 -999 -999 -999 -999 -999 -999 -999 -999 -999 -999 -999 -999 -999 -999 -999 -999 -999 -999 -999 -999 -999 -999 -999 -999 -999 -999 -999 -999 -999 -999 -999 -999 -999 -999 -999 -999 -999 -999 -999 -999 -999 -999 -999 -999 -999 -999
38 39 39 41 39 40 41 40 41 44 46 45 45 49 53 51 50 51 54 56 60 61 64 69 72 83 81 86 90 80 85 78 82 86 94 92 92 98 97 103 108 114 123 137 -999 -999 -999 -999 -999 -999 -999 -999 -999 -999 -999 -999 -999 -999 -999 -999 -999 -999 -999 -999 -999 -999 -999 -999 -999 -999 -999 -999 -999 -999 -999 -999 -999 -999 -999 -999 -999 -999 -999 -999 -999 -999 -999 -999 -999 -999 -999 -999 -999 -999 -999 -999
40 40 39 39 40 40 41 41 41 43 45 47 45 47 49 54 49 50 54 57 58 59 63 68 73 82 92 98 95 90 88 84 86 92 95 99 97 96 99 105 112 117 123 126 -999 -999 -999 -999 -999 -999 -999 -999 -999 -999 -999 -999 -999 -999 -999 -999 -999 -999 -999 -999 -999 -999 -999 -999 -999 -999 -999 -999 -999 -999 -999 -999 -999 -999 -999 -999 -999 -999 -999 -999 -999 -999 -999 -999 -999 -999 -999 -999 -999 -999 -999 -999
40 39 41 41 40 41 42 42 43 43 45 50 49 51 46 50 49 50 54 55 58 62 62 66 69 74 77 83 89 103 94 97 96 106 102 107 101 99 108 103 105 109 117 126 -999 -999 -999 -999 -999 -999 -999 -999 -999 -999 -999 -999 -999 -999 -999 -999 -999 -999 -999 -999 -999 -999 -999 -999 -999 -999 -999 -999 -999 -999 -999 -999 -999 -999 -999 -999 -999 -999 -999 -999 -999 -999 -999 -999 -999 -999 -999 -999 -999 -999 -999 -999
41 40 40 41 41 41 43 44 45 44 45 48 49 47 47 52 52 51 53 56 59 66 65 65 67 68 71 70 81 91 89 93 105 110 117 116 108 102 105 103 104 115 116 127 -999 -999 -999 -999 -999 -999 -999 -999 -999 -999 -999 -999 -999 -999 -999 -999 -999 -999 -999 -999 -999 -999 -999 -999 -999 -999 -999 -999 -999 -999 -999 -999 -999 -999 -999 -999 -999 -999 -999 -999 -999 -999 -999 -999 -999 -999 -999 -999 -999 -999 -999 -999
44 41 41 43 47 43 44 45 47 46 47 49 49 49 48 51 59 56 59 58 66 69 75 71 71 67 69 70 75 78 81 86 94 100 105 112 121 102 108 105 106 114 128 124 118 -999 -999 -999 -999 -999 -999 -999 -999 -999 -999 -999 -999 -999 -999 -999 -999 -999 -999 -999 -999 -999 -999 -999 -999 -999 -999 -999 -999 -999 -999 -999 -999 -999 -999 -999 -999 -999 -999 -999 -999 -999 -999 -999 -999 -999 -999 -999 -999 -999 -999 -999
49 44 43 45 49 43 43 45 49 47 51 51 49 50 49 53 58 63 64 62 65 69 75 75 77 76 69 70 73 77 80 87 93 102 96 105 119 106 112 107 106 125 124 117 117 119 -999 -999 -999 -999 -999 -999 -999 -999 -999 -999 -999 -999 -999 -999 -999 -999 -999 -999 -999 -999 -999 -999 -999 -999 -999 -999 -999 -999 -999 -999 -999 -999 -999 -999 -999 -999 -999 -999 -999 -999 -999 -999 -999 -999 -999 -999 -999 -999 -999 -999
50 45 46 48 51 47 48 51 53 50 53 52 50 54 50 57 58 62 68 63 65 66 71 73 81 86 78 77 74 77 83 89 91 96 105 114 127 121 122 121 107 119 122 113 113 112 125 126 -999 -999 110 112 117 -999 -999 -999 -999 -999 -999 -999 -999 -999 -999 -999 -999 -999 -999 -999 -999 -999 -999 -999 -999 -999 -999 -999 -999 -999 -999 -999 -999 -999 -999 -999 -999 -999 -999 -999 -999 -999 -999 -999 -999 -999 -999 -999
54 49 46 53 49 48 48 53 59 52 55 52 54 52 55 58 58 65 67 69 70 73 67 73 82 83 78 83 84 82 85 90 91 100 102 102 112 124 116 124 118 112 118 118 112 110 130 124 113 114 118 118 116 120 -999 -999 -999 -999 -999 -999 -999 -999 -999 -999 -999 -999 -999 -999 -999 -999 -999 -999 -999 -999 -999 -999 -999 -999 -999 -999 -999 -999 -999 -999 -999 -999 -999 -999 -999 -999 -999 -999 -999 -999 -999 -999
51 48 49 50 51 50 49 54 58 56 56 55 56 55 57 56 63 65 72 68 68 66 68 73 83 84 79 86 96 98 96 94 98 101 101 97 103 116 115 122 117 119 109 117 120 111 117 113 110 112 116 122 124 125 124 -999 -999 -999 -999 -999 -999 -999 -999 -999 -999 -999 -999 -999 -999 -999 -999 -999 -999 -999 -999 -999 -999 -999 -999 -999 -999 -999 -999 -999 -999 -999 -999 -999 -999 -999 -999 -999 -999 -999 -999 -999
56 55 52 50 53 54 50 52 54 62 57 60 58 57 59 62 65 67 73 68 68 68 65 71 75 75 79 89 102 100 101 100 103 102 100 98 103 108 117 122 124 133 134 124 114 110 114 109 107 109 112 117 122 116 113 120 116 -999 -999 -999 -999 -999 -999 -999 -999 -999 -999 -999 -999 -999 -999 -999 -999 -999 -999 -999 -999 -999 -999 -999 -999 -999 -999 -999 -999 -999 -999 -999 -999 -999 -999 -999 -999 -999 -999 -999
57 56 56 51 54 56 52 56 55 64 61 61 58 59 65 64 66 67 68 70 71 67 67 69 77 74 81 91 100 98 98 102 102 104 99 100 104 114 112 114 120 134 136 133 125 120 108 114 105 108 105 108 112 101 114 121 114 -999 -999 -999 -999 -999 -999 -999 -999 -999 -999 -999 -999 -999 -999 -999 -999 -999 -999 -999 -999 -999 -999 -999 -999 -999 -999 -999 -999 -999 -999 -999 -999 -999 -999 -999 -999 -999 -999 -999
59 59 57 50 56 60 52 54 62 63 64 62 59 65 66 71 77 73 69 70 71 72 71 68 71 75 84 88 88 93 92 96 100 112 102 101 102 109 111 111 114 134 138 134 125 113 111 106 104 108 102 108 108 107 108 120 116 120 -999 -999 -999 -999 -999 -999 -999 -999 -999 -999 -999 -999 -999 -999 -999 -999 -999 -999 -999 -999 -999 -999 -999 -999 -999 -999 -999 -999 -999 -999 -999 -999 -999 -999 -999 -999 -999 -999
66 64 56 53 51 54 51 55 64 65 65 63 67 63 69 76 86 77 71 80 80 73 73 71 70 75 82 81 81 87 88 88 97 106 112 106 106 106 109 114 117 125 128 136 129 128 119 113 104 107 102 103 113 111 117 123 123 124 -999 -999 -999 -999 -999 -999 -999 -999 -999 -999 -999 -999 -999 -999 -999 -999 -999 -999 -999 -999 -999 -999 -999 -999 -999 -999 -999 -999 -999 -999 -999 -999 -999 -999 -999 -999 -999 -999
65 65 61 58 50 53 52 56 60 67 65 65 74 70 69 77 79 78 75 82 84 75 77 76 75 73 80 79 86 89 91 89 87 97 109 109 108 105 112 117 123 123 120 123 129 124 119 112 104 104 102 102 104 108 111 119 131 127 124 127 123 -999 -999 -999 -999 -999 -999 -999 -999 -999 -999 -999 -999 -999 -999 -999 -999 -999 -999 -999 -999 -999 -999 -999 -999 -999 -999 -999 -999 -999 -999 -999 -999 -999 -999 -999
66 64 60 55 53 52 53 57 59 69 66 63 74 76 69 71 83 82 80 84 79 79 82 76 77 75 83 87 91 90 95 93 86 91 96 101 101 107 121 120 109 112 111 116 124 127 115 113 105 112 107 109 111 110 111 120 122 121 126 121 118 -999 -999 -999 -999 -999 -999 -999 -999 -999 -999 -999 -999 -999 -999 -999 -999 -999 -999 -999 -999 -999 -999 -999 -999 -999 -999 -999 -999 -999 -999 -999 -999 -999 -999 -999
67 67 64 57 56 51 53 58 69 68 62 65 76 86 76 75 83 85 85 90 78 83 81 77 77 78 82 86 94 87 90 84 88 91 92 97 107 120 119 130 113 106 108 108 115 116 110 106 103 106 107 111 113 115 116 112 114 116 122 118 118 -999 -999 -999 -999 -999 -999 -999 -999 -999 -999 -999 -999 -999 -999 -999 -999 -999 -999 -999 -999 -999 -999 -999 -999 -999 -999 -999 -999 -999 -999 -999 -999 -999 -999 -999
66 69 69 59 57 57 53 66 74 74 66 66 72 87 89 80 81 96 96 90 82 87 79 79 87 85 85 86 92 94 87 85 89 94 94 101 103 107 106 120 117 108 106 107 112 112 117 106 100 104 102 101 104 107 107 107 112 118 112 118 119 -999 -999 -999 -999 -999 -999 -999 -999 -999 -999 -999 -999 -999 -999 -999 -999 -999 -999 -999 -999 -999 -999 -999 -999 -999 -999 -999 -999 -999 -999 -999 -999 -999 -999 -999
66 65 63 59 55 55 53 62 64 65 62 66 73 81 93 88 82 95 101 89 86 91 81 84 87 88 90 91 96 87 87 87 96 94 96 96 97 102 102 110 112 114 110 106 104 109 108 105 98 100 101 100 104 104 105 108 113 110 108 118 119 -999 -999 -999 -999 -999 -999 -999 -999 -999 -999 -999 -999 -999 -999 -999 -999 -999 -999 -999 -999 -999 -999 -999 -999 -999 -999 -999 -999 -999 -999 -999 -999 -999 -999 -999
67 67 59 62 55 54 54 59 64 62 62 68 70 78 85 100 87 92 110 101 90 94 86 84 94 87 101 103 95 89 89 89 90 96 103 100 96 98 100 102 109 118 110 106 103 101 100 95 96 97 99 104 101 103 102 106 109 107 107 106 114 118 -999 -999 -999 -999 -999 -999 -999 -999 -999 -999 -999 -999 -999 -999 -999 -999 -999 -999 -999 -999 -999 -999 -999 -999 -999 -999 -999 -999 -999 -999 -999 -999 -999 -999
67 65 61 59 58 53 55 60 64 62 66 70 80 77 84 96 90 98 107 105 100 93 89 86 93 91 98 103 95 91 91 90 91 95 103 107 104 101 99 101 104 108 106 106 101 100 93 93 101 97 102 103 102 100 101 102 106 110 111 109 109 107 116 -999 -999 -999 -999 -999 -999 -999 -999 -999 -999 -999 -999 -999 -999 -999 -999 -999 -999 -999 -999 -999 -999 -999 -999 -999 -999 -999 -999 -999 -999 -999 -999 -999
62 60 65 58 57 54 54 61 65 63 65 74 87 77 83 92 95 96 104 108 116 110 100 91 96 94 99 108 101 92 92 91 96 100 100 103 106 103 101 102 100 103 106 105 96 99 96 95 96 101 109 105 104 102 99 101 107 114 118 118 121 119 117 -999 -999 -999 -999 -999 -999 -999 -999 -999 -999 -999 -999 -999 -999 -999 -999 -999 -999 -999 -999 -999 -999 -999 -999 -999 -999 -999 -999 -999 -999 -999 -999 -999
59 59 62 56 54 54 62 58 65 64 66 76 83 78 74 81 96 97 97 106 104 111 122 118 108 111 108 105 112 99 94 96 105 104 108 107 111 107 101 99 95 101 101 100 95 97 96 100 104 103 106 110 106 108 102 101 107 116 119 117 124 125 120 -999 -999 -999 -999 -999 -999 -999 -999 105 106 -999 -999 100 -999 -999 -999 -999 -999 -999 -999 -999 -999 -999 -999 -999 -999 -999 -999 -999 -999 -999 -999 -999
62 56 58 65 61 56 56 63 63 65 65 69 76 80 73 78 94 89 91 104 105 100 112 127 120 114 110 105 109 102 95 98 98 101 110 114 113 112 106 99 98 97 94 94 96 96 99 102 109 110 105 110 109 112 100 102 106 110 110 111 121 117 111 115 118 117 118 -999 -999 -999 109 105 104 103 100 96 -999 -999 -999 -999 -999 -999 -999 -999 -999 -999 -999 -999 -999 -999 -999 -999 -999 -999 -999 -999
54 55 66 62 58 57 58 65 66 66 67 74 75 76 71 75 85 81 91 99 102 103 111 125 130 117 103 105 102 100 102 100 101 101 107 105 105 109 103 99 95 95 93 95 101 98 98 99 102 101 105 109 109 105 104 103 107 105 105 111 112 115 105 111 106 109 114 114 -999 -999 110 109 98 98 95 92 -999 -999 -999 -999 -999 -999 -999 -999 -999 -999 -999 -999 -999 -999 -999 -999 -999 -999 -999 -999
55 60 62 58 57 58 60 64 66 69 69 72 71 70 74 76 78 79 85 92 93 106 110 129 130 118 107 105 107 105 99 98 105 109 113 116 107 107 102 98 97 99 100 103 99 101 102 98 99 103 108 107 112 111 102 102 104 103 104 105 108 107 101 102 103 102 105 108 113 113 112 101 93 92 96 91 90 87 92 -999 -999 -999 -999 -999 -999 -999 -999 -999 -999 -999 -999 -999 -999 -999 -999 -999
54 62 61 61 59 61 59 60 69 66 75 71 70 72 82 84 78 81 87 89 107 115 116 130 132 124 113 110 114 110 105 100 103 115 113 122 110 105 100 101 98 100 105 111 105 106 100 98 99 102 106 109 111 117 110 103 104 103 101 101 102 104 99 99 100 103 103 107 112 113 108 108 97 90 87 88 90 88 91 -999 -999 -999 -999 -999 -999 -999 -999 -999 -999 -999 -999 -999 -999 -999 -999 -999
54 59 59 59 58 58 64 67 66 65 75 71 69 71 82 88 89 81 85 89 100 114 124 120 116 138 122 117 129 117 109 101 107 122 128 119 114 112 103 107 101 103 111 113 109 107 100 100 100 102 110 118 118 120 116 111 107 105 101 101 102 102 101 100 103 97 101 109 111 109 105 107 98 91 87 90 87 90 89 94 -999 -999 -999 -999 -999 -999 -999 -999 -999 -999 -999 -999 -999 -999 -999 -999
54 57 58 58 58 59 62 67 65 68 76 71 69 72 78 86 84 79 81 83 94 103 117 114 107 126 130 122 134 123 114 107 111 117 133 122 121 121 106 105 103 102 105 112 106 105 104 101 101 102 104 114 117 116 109 113 108 103 101 102 103 102 101 99 99 98 98 100 106 103 103 105 100 91 88 93 87 89 89 92 -999 -999 -999 -999 -999 -999 -999 -999 -999 -999 -999 -999 -999 -999 -999 -999
54 55 56 56 57 59 62 64 65 64 75 72 71 72 78 79 82 80 78 81 96 97 110 100 100 117 118 119 140 135 123 107 117 122 137 133 122 118 106 107 100 102 109 114 106 104 105 99 102 103 106 107 109 105 105 110 106 106 101 99 99 98 99 98 99 97 101 98 100 101 99 103 100 96 89 94 88 93 94 94 93 91 -999 -999 -999 -999 -999 -999 -999 -999 -999 -999 -999 -999 -999 -999
54 54 56 56 57 58 60 63 64 68 73 74 71 72 74 74 82 83 79 84 89 90 108 102 100 111 105 109 123 122 108 109 134 125 137 145 134 115 103 104 108 102 104 107 109 108 103 102 106 108 107 102 105 100 103 107 102 101 101 100 99 98 99 98 99 96 97 95 96 99 97 96 98 91 90 92 93 92 98 99 100 92 -999 -999 -999 -999 -999 -999 -999 -999 -999 -999 -999 -999 -999 -999
