grids/precipitation/may/RSMS_05_1881_01.asc
NCOLS 654
NROWS 866
XLLCORNER 3280414.711633467
YLLCORNER 5237500.62890625
CELLSIZE 1000
NODATA_VALUE -999
[rows 583 to 635 of 866, columns 384 to 479 of 654]
80 75 76 68 76 73 73 74 76 75 73 77 78 77 79 73 77 72 71 69 72 69 75 76 77 75 76 70 68 67 64 63 63 63 60 59 59 58 57 56 56 56 59 61 58 55 56 56 56 57 57 59 59 57 56 55 53 52 55 54 53 52 49 49 47 49 48 48 50 51 52 55 56 59 59 61 62 62 70 74 77 -999 -999 -999 -999 -999 -999 -999 -999 -999 -999 -999 -999 -999 -999 -999
79 80 78 71 75 74 70 73 76 77 75 75 77 71 73 78 77 72 69 69 69 70 75 75 75 76 75 73 75 72 68 63 63 62 59 59 59 59 58 56 56 56 57 58 60 59 56 55 56 58 58 57 57 57 57 54 52 51 50 54 52 53 51 51 47 49 48 50 53 53 53 55 57 59 62 63 62 64 71 76 78 -999 -999 -999 -999 -999 -999 -999 -999 -999 -999 -999 -999 -999 -999 -999
76 80 81 68 77 76 77 76 77 78 76 79 76 80 80 75 74 73 71 70 76 74 75 77 73 72 74 73 73 72 70 64 63 63 59 59 59 61 58 55 56 55 56 57 56 56 55 54 55 57 57 57 57 56 55 54 52 51 50 53 49 52 52 50 49 49 49 50 51 53 54 55 57 59 59 62 67 65 66 72 76 -999 -999 -999 -999 -999 -999 -999 -999 -999 -999 -999 -999 -999 -999 -999
83 80 72 76 76 79 77 77 81 79 84 80 78 76 75 77 76 73 72 72 75 76 77 75 72 73 70 73 73 73 69 66 65 63 62 59 59 60 56 54 55 55 56 57 56 55 57 55 54 53 58 57 56 54 53 54 51 51 50 50 50 53 51 50 48 51 50 52 51 52 53 55 57 58 59 58 57 62 65 68 73 -999 -999 -999 -999 -999 -999 -999 -999 -999 -999 -999 -999 -999 -999 -999
86 81 78 78 80 79 81 79 81 82 79 82 80 79 77 75 76 75 69 70 74 76 77 73 80 79 77 77 76 73 71 67 65 64 60 59 57 60 55 57 58 56 56 57 56 55 57 55 54 54 60 57 55 54 52 54 55 52 51 51 50 52 53 50 50 51 50 50 51 52 54 55 56 56 56 57 59 63 63 66 69 67 -999 -999 -999 -999 -999 -999 -999 -999 -999 -999 -999 -999 -999 -999
87 86 85 80 79 79 84 84 80 80 79 78 78 78 78 77 77 73 71 70 73 76 77 76 78 81 82 80 77 75 73 68 66 64 62 59 57 55 54 53 58 60 58 58 57 57 58 54 54 54 52 53 53 53 52 53 54 51 49 50 49 49 50 50 52 50 49 51 52 53 53 55 55 55 55 55 55 58 61 62 66 63 65 -999 -999 -999 -999 -999 -999 -999 -999 -999 -999 -999 -999 -999
85 86 86 83 84 83 86 85 83 81 80 78 78 79 77 77 77 74 72 71 75 78 78 80 84 85 86 82 75 77 73 71 67 67 66 61 58 57 58 56 55 56 60 61 58 58 58 55 54 54 52 51 52 51 52 51 51 51 51 51 50 50 50 50 50 51 50 51 50 53 54 55 55 56 56 55 58 56 59 62 62 62 62 -999 -999 -999 -999 -999 -999 -999 -999 -999 -999 -999 -999 -999
89 85 88 88 87 86 89 87 86 83 82 80 78 79 79 79 79 76 74 73 74 78 81 84 87 90 87 85 85 81 76 73 68 65 64 64 61 58 59 57 57 57 57 58 58 56 57 55 54 52 52 51 52 51 51 52 51 51 49 49 49 50 50 49 49 53 53 51 52 51 54 54 53 55 56 57 58 58 58 57 58 60 62 -999 -999 -999 -999 -999 -999 -999 -999 -999 -999 -999 -999 -999
92 92 91 90 92 92 90 88 86 83 82 80 79 78 79 79 80 77 76 76 78 80 82 89 93 95 93 86 86 83 78 73 70 66 64 63 63 59 58 59 57 60 57 57 58 58 55 54 55 53 51 50 50 51 52 53 51 49 49 49 48 48 48 47 47 47 50 54 51 51 53 54 53 53 54 58 56 59 56 56 58 62 62 62 62 62 62 -999 -999 -999 -999 -999 -999 -999 -999 -999
92 94 93 91 90 90 91 89 86 85 82 81 80 82 81 82 81 81 79 76 77 79 82 89 92 93 91 86 86 86 77 73 70 68 64 65 64 61 60 60 58 57 59 57 58 57 56 55 54 54 51 50 50 50 51 52 51 49 50 49 49 48 47 46 46 46 51 52 52 51 55 53 53 52 52 55 57 58 57 56 59 60 62 63 65 63 59 62 61 55 -999 -999 -999 -999 -999 -999
96 97 91 92 88 90 91 90 89 87 84 85 82 82 82 82 78 81 79 77 76 79 84 90 91 98 96 93 88 86 81 73 70 67 65 65 67 63 60 59 59 58 58 59 58 57 55 54 54 53 52 51 50 50 51 50 51 49 49 48 48 47 47 46 46 45 46 49 50 55 53 55 53 50 51 53 54 56 60 61 57 59 61 62 64 60 58 61 57 56 54 -999 -999 -999 -999 -999
92 94 96 93 87 94 91 94 91 88 87 84 83 82 81 82 80 79 76 75 75 80 84 86 90 94 98 90 88 85 78 73 70 68 64 63 65 65 64 61 61 60 60 59 60 58 57 55 53 51 51 51 50 50 50 50 50 49 49 50 50 47 47 46 46 45 47 48 54 53 54 53 52 50 52 52 53 55 61 62 59 56 58 60 60 60 59 64 58 56 54 -999 -999 -999 -999 -999
96 90 85 88 93 93 92 95 92 90 87 86 87 85 84 82 81 81 77 77 76 79 81 82 83 85 87 83 86 85 77 72 69 65 63 63 64 64 66 64 65 62 60 58 58 58 56 55 54 55 52 52 50 49 49 50 49 49 49 50 50 49 48 47 45 46 48 49 52 54 55 52 50 48 50 52 54 56 61 62 59 56 58 60 59 60 57 57 58 57 55 -999 -999 -999 -999 -999
90 93 94 93 94 91 92 94 95 88 85 87 86 84 84 82 78 83 79 76 74 72 79 80 81 84 84 81 81 81 74 71 67 65 64 63 63 63 62 64 66 64 60 58 58 58 58 55 55 55 53 53 50 50 50 50 49 51 50 52 50 51 49 46 45 47 48 50 53 56 54 50 48 50 52 53 54 56 58 62 57 56 57 59 58 59 58 57 57 57 56 -999 -999 -999 -999 -999
97 92 93 94 94 93 93 100 92 94 92 93 87 89 84 84 83 81 78 75 74 72 76 78 82 83 82 82 78 76 71 68 66 65 64 63 63 63 61 62 63 63 61 59 58 59 58 56 55 54 53 53 52 51 50 50 49 50 52 53 50 49 47 47 46 49 51 49 49 53 53 53 50 51 51 55 55 57 58 60 57 57 55 59 58 57 58 57 57 57 57 -999 -999 -999 -999 -999
97 94 96 96 99 95 96 94 94 96 96 97 88 88 86 88 86 83 81 76 75 72 73 75 79 80 82 81 78 74 71 70 67 64 64 63 63 63 63 61 61 61 61 61 59 58 58 57 55 55 55 56 54 52 51 50 50 48 52 49 49 48 47 47 46 48 50 48 49 52 53 51 52 52 52 54 55 56 59 60 59 62 56 58 56 58 57 58 58 59 58 -999 -999 -999 -999 -999
98 98 96 96 101 94 96 97 94 97 92 93 91 95 86 88 84 84 81 77 74 72 73 76 77 81 81 80 76 72 70 69 66 65 63 63 63 63 60 61 61 60 59 59 57 57 58 60 59 57 55 56 55 53 53 50 50 50 49 48 49 48 47 47 47 50 50 49 48 52 53 50 53 54 54 55 55 56 58 60 62 59 56 55 56 59 59 60 58 58 58 57 57 -999 -999 -999
98 99 98 95 104 97 96 96 94 98 98 95 93 92 89 89 88 85 78 74 73 72 74 76 81 80 82 79 78 75 71 66 66 66 64 63 63 63 61 62 61 61 59 57 57 58 57 59 57 56 55 56 56 54 52 50 50 50 50 49 49 50 48 47 49 48 49 48 49 50 52 53 56 56 55 55 56 57 58 59 60 59 55 55 56 57 59 61 58 58 58 57 57 -999 -999 -999
100 99 99 97 104 99 93 92 99 97 99 95 95 90 91 87 86 86 82 79 73 76 79 81 84 81 82 75 75 75 69 68 67 65 65 63 63 64 62 62 64 61 60 58 57 58 57 57 57 58 56 56 56 56 54 53 51 52 51 49 49 49 48 47 47 50 49 48 48 50 50 54 53 55 55 55 57 58 59 59 58 58 56 56 57 58 58 58 60 59 61 59 57 57 -999 -999
98 98 98 99 103 100 92 94 99 95 97 97 94 91 94 86 88 80 81 77 78 75 80 85 87 85 77 75 73 74 68 67 67 67 66 65 64 63 63 62 63 64 63 61 59 57 59 58 58 58 57 56 57 56 55 55 53 53 52 51 51 50 50 50 51 51 50 49 50 51 51 56 55 55 55 57 58 57 58 58 58 56 57 58 58 60 59 59 58 58 60 59 58 57 -999 -999
98 100 100 98 99 99 93 97 97 92 93 90 90 91 92 92 82 87 82 82 81 81 79 80 81 82 79 77 76 73 70 68 70 69 69 66 64 66 65 64 62 65 65 61 60 61 61 60 60 60 58 58 56 56 57 54 56 56 55 54 52 52 51 50 50 48 50 51 53 50 50 53 56 58 60 57 56 58 57 57 54 55 58 58 58 60 59 59 58 -999 -999 -999 -999 -999 -999 -999
105 104 101 92 92 92 95 95 97 91 83 92 95 96 96 87 90 88 90 88 84 82 81 82 87 88 83 80 74 73 71 70 72 72 71 65 63 68 68 66 65 66 64 61 61 63 63 64 65 65 63 59 61 58 57 59 59 60 57 58 55 53 52 52 54 56 56 52 54 53 56 56 59 57 56 53 53 56 57 55 57 54 58 60 60 61 61 61 60 -999 -999 -999 -999 -999 -999 -999
95 93 93 92 85 90 98 99 98 91 94 97 92 91 86 93 96 94 96 93 85 83 82 83 86 85 81 78 75 73 71 73 75 75 71 69 63 71 71 66 68 67 66 62 61 62 65 66 64 67 64 63 60 64 61 61 60 58 57 54 55 53 55 52 55 59 57 54 57 59 59 58 58 57 56 58 57 53 55 58 60 58 59 58 59 62 62 62 59 58 58 60 60 58 -999 -999
89 85 86 87 85 98 90 87 99 88 92 93 92 93 90 88 93 92 87 85 83 84 80 81 82 81 82 81 77 75 73 77 68 67 68 68 63 68 71 67 69 68 68 66 66 66 62 61 59 60 60 62 58 60 60 61 58 55 53 53 53 54 51 55 59 60 56 58 59 60 61 58 55 53 58 58 58 56 58 59 62 62 60 60 60 61 62 62 60 59 59 61 60 58 62 -999
82 84 83 92 87 88 92 97 96 93 84 97 95 90 88 88 81 92 88 91 86 86 78 80 79 83 83 80 78 78 73 73 74 67 66 64 60 63 64 66 69 73 72 69 68 65 64 62 61 60 62 62 59 63 57 57 55 55 52 52 51 51 51 57 58 58 54 58 60 59 58 55 56 55 55 58 58 56 56 59 62 63 65 63 61 61 62 66 62 64 63 63 61 60 62 -999
83 82 83 87 86 85 87 99 96 90 81 90 91 87 89 88 89 91 87 88 84 80 85 79 78 79 79 79 77 80 79 73 74 67 66 65 64 63 63 66 74 72 69 65 65 63 62 64 61 61 58 59 58 57 56 55 54 54 52 52 50 50 51 51 54 56 54 56 58 58 58 53 58 57 57 57 57 57 61 64 62 65 67 66 62 62 64 63 62 64 69 65 62 66 66 -999
86 82 83 84 89 85 90 88 87 92 83 86 91 90 85 81 87 89 83 85 87 90 78 85 77 80 76 74 77 80 81 73 70 68 68 67 64 65 64 65 70 68 64 66 62 66 63 62 60 60 59 57 57 57 56 54 54 53 53 51 51 50 51 50 51 53 55 56 60 60 58 54 58 57 55 54 58 58 62 65 64 68 67 67 64 62 65 62 61 64 68 63 62 65 64 66
87 87 84 86 85 87 98 100 90 83 91 80 91 91 80 90 90 87 90 96 88 81 80 80 80 80 76 75 74 80 75 71 73 72 70 68 68 65 66 65 66 66 64 65 63 63 63 61 61 60 61 60 59 61 57 56 55 53 51 50 51 51 52 52 52 57 55 57 58 60 61 57 53 53 57 57 57 60 63 66 68 66 69 67 66 64 63 62 62 66 66 66 64 65 67 66
90 86 86 82 84 82 83 94 99 86 87 80 87 78 84 94 86 89 88 89 87 83 80 81 75 78 74 72 70 72 76 74 74 77 71 70 68 67 66 67 69 66 65 66 66 63 63 62 62 63 62 63 65 68 61 57 55 54 53 52 53 53 54 56 51 56 56 56 59 61 59 56 53 56 58 58 56 59 64 66 65 65 66 66 63 64 61 61 62 66 64 62 64 66 70 67
89 92 85 83 83 84 87 87 100 101 83 81 93 86 82 79 92 93 90 91 84 81 77 74 74 74 73 73 72 69 72 72 71 73 71 71 67 66 64 65 68 65 63 67 69 66 63 64 63 64 65 70 71 74 67 58 55 57 56 54 55 57 58 55 53 54 56 60 54 56 53 54 55 58 58 56 57 60 63 65 62 62 63 63 62 63 60 60 62 66 66 63 66 66 68 64
91 92 87 84 82 84 87 82 85 85 82 82 87 94 92 85 85 97 93 93 87 82 78 81 77 74 76 72 72 72 70 70 71 71 75 68 68 66 65 64 67 63 66 69 65 64 67 65 68 67 70 74 74 77 74 63 59 61 60 59 59 55 55 57 55 53 55 55 56 59 61 61 59 57 57 58 57 58 61 64 61 62 62 59 61 62 62 63 64 58 65 64 66 66 63 61
88 85 85 82 81 81 81 80 80 80 82 79 78 81 81 82 92 88 96 90 81 80 83 80 76 75 74 70 70 70 70 70 72 70 69 70 66 65 65 63 67 63 66 68 63 68 69 71 67 64 67 72 74 72 71 66 66 61 64 64 60 60 59 56 57 54 54 56 60 61 61 63 62 62 60 59 65 63 62 62 58 62 60 62 63 62 62 64 62 66 66 68 66 65 62 60
85 84 85 82 83 81 79 82 83 82 82 79 78 81 82 88 87 87 83 86 76 74 78 76 73 72 73 69 72 70 69 70 71 70 70 67 64 64 64 63 63 62 62 64 65 71 72 65 66 63 69 66 65 75 75 71 62 59 62 61 69 60 57 58 56 54 55 58 62 62 61 66 64 66 63 64 62 64 62 58 57 57 61 62 63 63 62 61 60 61 69 70 69 66 62 60
84 85 86 85 85 83 84 84 84 90 84 82 85 85 84 98 98 91 95 83 79 74 77 75 78 78 76 73 74 81 72 70 69 67 66 68 69 66 66 64 61 61 61 63 62 67 72 65 64 66 65 64 67 73 70 70 66 59 61 59 65 65 62 59 59 54 54 55 60 61 63 64 66 65 62 62 61 62 62 58 58 61 62 62 62 63 62 60 59 61 66 74 68 66 66 61
88 88 87 85 87 88 84 85 84 90 93 90 92 99 83 85 98 94 95 86 81 78 79 81 76 75 77 74 70 68 68 68 69 67 68 68 68 69 64 63 60 60 61 63 62 65 70 63 63 65 63 65 75 70 67 69 66 59 60 63 64 62 65 62 60 55 55 56 59 62 64 61 66 63 61 59 62 60 60 59 61 60 60 60 61 62 65 61 59 59 62 65 70 70 66 63
90 91 90 89 88 85 83 87 83 84 89 96 96 97 85 93 80 81 88 87 77 81 80 80 72 70 74 73 75 75 69 68 67 68 67 65 63 63 66 69 60 60 62 64 63 66 66 66 65 61 59 71 73 65 68 65 61 59 57 57 57 60 63 64 64 58 57 55 56 58 60 61 61 62 61 58 62 64 61 61 58 61 62 63 64 64 63 61 58 62 62 65 69 73 69 66
95 97 98 94 90 88 88 88 85 85 100 91 91 97 91 88 82 87 77 81 78 73 74 77 73 73 71 78 76 73 72 68 67 67 65 67 63 62 63 60 61 61 61 65 69 62 62 64 64 60 59 58 60 60 64 72 68 62 58 56 57 58 61 60 62 61 55 55 55 59 60 59 60 60 58 62 62 62 62 61 60 59 62 66 67 62 62 60 58 60 62 64 66 72 70 66
93 97 105 99 96 92 102 95 96 89 81 92 96 94 93 89 85 84 87 78 77 72 73 71 71 74 72 77 72 75 75 72 68 70 67 64 64 63 62 61 58 58 60 60 61 63 61 62 62 64 60 57 57 57 58 59 59 64 57 56 56 57 61 60 59 57 56 55 58 58 58 61 57 56 61 62 60 63 60 62 58 60 64 67 65 60 61 62 60 59 59 62 63 67 69 67
90 93 92 94 91 89 88 94 99 86 83 80 90 92 87 88 88 87 87 78 81 76 71 75 75 72 79 76 75 76 69 71 67 67 68 65 61 59 58 58 57 59 58 58 59 59 58 59 60 60 62 60 59 59 57 56 58 56 56 57 56 57 58 58 58 60 55 56 60 60 64 61 58 58 62 62 61 60 57 61 62 63 66 67 64 62 66 62 59 58 59 60 62 66 68 68
89 90 89 88 88 88 87 90 101 96 91 82 84 89 88 90 86 87 82 79 74 76 70 74 77 75 81 77 76 78 75 69 69 64 63 63 59 61 60 59 57 59 59 58 57 58 60 58 58 57 58 59 57 56 57 60 61 57 56 56 58 57 57 57 58 58 62 62 64 57 60 58 56 57 60 60 58 56 62 62 65 67 69 66 63 67 66 61 59 59 59 60 63 64 66 64
89 89 89 87 86 88 86 97 96 93 89 80 87 89 87 85 86 86 80 80 74 76 75 74 73 81 76 79 79 74 73 70 70 70 66 64 61 60 60 59 58 57 57 57 56 57 59 59 57 58 57 57 57 56 56 57 62 60 60 62 59 59 57 56 57 56 58 63 58 59 55 57 56 56 57 56 57 60 62 66 66 65 65 62 63 62 63 60 58 58 58 59 62 62 62 61
89 88 87 87 87 88 86 86 96 87 92 89 89 90 86 86 86 87 84 80 79 78 81 77 76 76 79 76 80 77 74 70 72 66 69 64 62 61 60 59 59 56 59 59 57 55 56 58 57 57 57 56 57 56 54 56 57 59 57 58 58 60 58 56 56 55 58 60 55 58 57 61 61 57 55 58 57 59 59 62 65 62 62 62 65 62 60 58 58 58 58 59 59 61 59 59
89 88 88 88 87 87 87 99 96 88 87 87 89 87 84 84 86 85 85 82 80 79 76 82 80 80 77 73 77 71 72 68 67 64 67 66 64 60 62 60 57 59 56 58 59 60 55 57 59 58 58 57 56 56 56 55 55 55 55 57 57 60 58 59 56 56 55 55 61 64 58 59 61 63 58 55 56 57 58 61 63 66 62 66 69 66 65 62 59 57 57 58 58 59 58 58
90 90 86 86 84 85 87 84 86 82 89 88 84 78 86 86 86 85 86 82 80 79 77 77 75 77 76 72 70 70 68 69 66 66 67 62 62 63 63 59 59 59 60 60 60 57 57 58 59 58 58 56 56 56 56 55 54 55 57 56 57 57 58 57 58 59 60 58 57 58 61 61 58 61 64 57 60 57 59 61 62 61 63 66 62 63 62 63 62 59 57 56 57 56 56 56
90 91 90 86 85 84 83 84 86 83 82 81 88 89 87 85 84 84 85 86 80 78 80 79 74 80 76 71 70 71 68 73 72 67 60 68 63 63 63 58 58 59 61 59 59 60 57 57 57 60 62 57 57 57 60 56 55 55 57 57 56 57 57 56 55 55 59 59 57 57 59 66 62 58 62 66 64 62 58 60 62 61 65 64 65 61 61 63 65 60 57 56 54 55 54 54
88 90 90 87 85 85 84 84 84 80 83 88 84 79 77 84 84 85 84 84 85 80 76 75 75 74 73 76 71 71 66 68 68 72 64 66 67 66 69 64 65 62 62 58 59 55 56 58 58 59 62 60 57 59 60 60 60 57 58 56 57 57 56 56 56 56 57 57 59 62 59 65 66 62 62 65 66 62 61 60 63 62 59 62 65 65 62 62 62 66 58 55 54 55 55 53
90 89 87 86 89 87 86 85 82 80 79 80 80 84 89 87 85 83 82 82 80 80 77 75 78 74 73 71 71 64 66 70 68 68 67 63 63 71 66 65 64 63 62 60 59 56 56 57 63 63 64 61 62 61 61 60 64 61 60 58 57 57 56 55 56 58 56 57 60 58 61 64 63 66 63 62 65 66 61 60 60 61 60 62 65 60 58 61 58 59 57 56 54 53 53 53
90 90 89 89 83 81 81 84 81 80 79 77 80 79 77 81 84 82 82 85 82 81 87 81 75 76 74 72 71 72 71 67 67 68 68 64 65 69 66 67 62 61 60 56 56 59 61 59 60 65 65 64 64 62 58 61 61 60 57 60 59 55 56 56 56 56 56 56 56 57 60 60 66 66 65 63 62 66 63 64 59 61 59 62 64 60 58 55 55 56 55 53 53 53 53 52
89 88 86 87 83 87 84 84 85 84 82 76 74 79 82 85 83 84 81 83 83 86 81 81 75 76 75 82 72 72 75 70 65 69 70 65 64 68 67 62 61 60 60 53 58 62 64 64 61 64 64 64 63 63 58 58 58 59 59 61 56 56 57 58 56 56 56 58 56 58 58 60 62 66 66 65 62 66 65 66 62 61 62 61 60 60 58 61 61 55 58 55 53 55 54 55
88 88 86 83 81 85 83 87 85 85 80 75 74 85 82 79 83 83 84 82 80 81 80 80 80 78 78 77 72 72 70 64 69 64 69 69 64 68 62 62 61 60 58 55 55 60 60 66 61 65 64 63 61 59 59 57 56 55 58 54 55 58 58 59 59 58 58 57 59 58 58 58 60 62 69 67 67 66 66 65 61 61 60 57 58 56 55 57 56 61 58 58 55 57 55 58
88 87 88 87 87 88 86 92 85 83 80 79 77 74 77 81 84 83 82 81 80 85 85 81 81 83 78 72 72 67 66 64 64 69 59 69 63 65 59 62 56 59 55 54 56 61 60 60 65 65 64 61 62 65 62 59 59 56 57 55 56 59 58 58 58 59 60 60 59 58 59 58 60 62 61 63 62 65 65 65 66 62 58 58 59 58 53 54 56 58 56 56 58 57 58 58
88 86 85 83 86 86 86 97 95 94 83 83 78 75 78 86 84 74 83 82 82 87 82 82 83 81 79 73 71 71 71 75 70 65 64 64 68 56 57 55 52 53 56 53 55 57 65 65 59 59 63 59 61 62 65 62 57 58 57 54 55 55 55 55 55 58 58 61 61 61 61 60 59 59 58 58 58 62 62 62 64 62 60 59 58 55 52 51 52 50 53 53 58 55 53 54
85 87 89 86 85 87 88 87 94 88 83 81 79 76 75 76 85 75 85 84 83 82 83 83 87 86 79 71 76 71 71 70 70 70 70 73 62 55 59 52 50 51 49 54 56 59 62 61 62 59 59 58 61 63 63 61 56 55 53 54 54 54 54 54 55 57 56 60 62 62 60 58 58 58 58 56 56 57 59 58 62 62 62 61 59 57 53 47 47 49 50 47 55 56 52 52
