grids/precipitation/may/RSMS_05_1882_01.asc
NCOLS 654
NROWS 866
XLLCORNER 3280414.711633467
YLLCORNER 5237500.62890625
CELLSIZE 1000
NODATA_VALUE -999
[rows 468 to 519 of 866, columns 192 to 287 of 654]
45 42 43 37 37 37 37 37 39 38 35 34 32 36 37 38 40 40 41 44 44 44 43 46 46 44 44 46 45 45 46 48 46 46 45 43 44 45 47 47 47 45 46 47 50 50 49 48 47 49 49 51 49 51 52 54 55 56 57 53 54 54 55 55 55 53 52 51 53 56 55 55 56 52 54 51 52 53 51 54 58 61 58 58 58 56 56 58 58 59 62 55 55 52 51 49
47 47 40 39 40 38 38 37 39 39 36 34 36 39 37 38 39 40 41 42 42 42 43 46 45 44 45 46 45 45 47 46 46 45 45 45 44 46 48 47 46 47 48 48 50 51 50 47 48 49 50 51 49 50 52 55 55 56 55 53 54 57 57 57 56 55 54 53 52 56 55 54 53 53 52 51 54 53 51 55 55 58 58 59 58 58 55 57 58 62 63 55 55 52 55 53
43 44 44 41 42 40 38 39 40 39 37 36 38 39 38 40 41 40 41 42 42 42 43 44 44 43 44 45 44 46 47 46 46 45 47 47 46 49 47 45 47 48 50 50 52 52 50 49 50 52 51 52 52 49 52 52 52 57 61 56 58 58 57 56 55 54 51 51 51 55 57 56 54 51 51 51 57 53 51 54 58 58 58 57 57 57 57 57 58 61 59 55 55 55 56 55
45 42 41 40 40 39 38 40 39 39 39 36 40 41 42 41 40 40 40 41 42 41 42 42 42 42 42 45 45 45 46 46 46 46 48 50 48 49 48 47 48 49 50 50 52 51 49 50 49 49 50 51 52 51 51 52 51 53 56 58 57 55 55 55 55 53 55 51 54 56 56 55 55 50 50 54 57 56 52 51 57 58 55 54 55 55 55 55 56 58 57 55 55 56 55 56
42 43 42 40 37 37 38 39 40 38 38 36 39 41 41 40 40 40 40 41 42 42 42 42 42 42 44 44 44 44 46 46 46 46 48 48 49 50 50 47 49 49 50 51 49 50 47 50 49 50 49 51 52 52 52 52 51 53 55 57 58 58 55 55 54 55 55 54 51 54 54 51 50 50 51 52 56 58 54 50 55 53 55 54 55 54 55 55 56 57 60 57 56 57 55 56
42 42 40 40 40 38 39 38 40 38 36 36 37 40 42 40 40 40 42 42 42 42 42 42 42 42 44 44 44 44 45 46 45 46 46 48 49 51 51 47 47 47 50 50 49 48 47 49 49 50 51 52 52 52 52 52 52 52 55 58 62 58 57 57 54 54 54 54 54 50 51 49 50 52 54 53 54 53 52 51 51 57 56 55 55 58 55 58 58 60 61 55 55 56 58 51
42 44 43 43 40 37 38 38 39 38 36 36 39 41 41 40 40 41 42 42 42 44 44 42 43 44 44 44 44 46 46 46 47 48 48 49 50 50 50 50 47 48 49 49 47 49 47 49 48 49 50 51 53 53 51 51 53 53 58 62 65 63 60 58 57 58 53 53 53 51 50 49 53 58 57 53 54 52 51 56 53 56 58 56 55 58 56 58 58 62 62 61 57 57 56 51
44 42 45 40 40 38 39 39 40 40 37 37 39 43 40 40 40 41 42 42 42 42 42 43 44 43 44 45 46 46 47 48 48 49 49 50 51 50 50 51 47 47 48 48 49 48 47 47 49 49 49 52 53 54 54 52 55 55 57 56 58 58 55 55 54 55 57 54 53 50 50 53 56 59 55 55 54 49 53 58 56 52 57 56 56 56 57 58 57 62 60 58 55 56 54 56
45 42 41 41 38 40 38 38 41 38 37 38 40 43 41 41 40 40 41 42 42 42 42 42 43 43 44 47 47 48 48 46 48 47 50 50 50 51 51 50 50 48 47 50 47 46 47 47 48 49 49 51 51 55 53 53 55 55 55 55 54 53 53 52 53 54 51 51 51 50 54 58 57 57 54 52 51 52 58 56 58 55 56 55 59 56 56 57 55 57 56 58 56 54 52 55
43 42 41 40 40 42 41 38 39 39 37 40 40 42 42 41 41 42 42 42 42 42 42 43 43 43 46 47 48 49 50 48 46 49 50 50 50 49 50 50 50 50 47 48 47 45 47 47 48 49 52 52 52 52 52 54 55 55 55 56 58 56 55 52 51 51 51 52 50 51 53 56 55 55 54 52 50 53 58 58 55 58 55 56 57 58 58 59 58 55 54 54 56 54 52 54
44 45 45 44 43 42 40 39 38 38 40 41 42 42 41 40 40 42 43 42 42 42 42 43 44 46 47 50 50 51 50 50 48 50 51 48 49 51 50 50 50 50 48 47 47 47 47 47 49 49 50 53 52 52 53 54 54 54 54 55 55 53 52 50 53 55 56 53 50 51 55 55 54 55 53 51 55 58 58 56 57 55 55 55 55 58 58 58 56 54 54 54 53 54 52 54
43 44 43 44 42 41 40 40 39 38 38 38 40 41 41 40 41 44 44 44 46 44 43 44 44 46 50 52 54 53 51 49 48 48 49 50 49 49 50 50 51 50 49 49 48 48 47 47 48 49 49 49 49 50 52 54 52 53 52 52 51 51 51 55 55 55 53 50 49 54 55 55 55 53 52 51 57 57 55 56 55 55 55 54 57 56 56 58 57 54 57 57 54 53 53 53
41 42 44 42 42 42 40 39 39 42 42 39 40 40 39 40 42 44 46 44 47 47 46 47 45 46 51 55 54 53 52 50 48 49 48 50 50 50 50 51 53 50 50 50 50 49 49 49 49 51 51 51 51 52 53 54 53 52 52 54 51 52 54 56 55 53 53 52 50 51 54 54 55 55 51 55 53 53 55 55 54 55 55 55 57 59 56 55 56 60 56 54 53 56 54 52
42 41 43 44 41 40 40 39 39 40 42 41 42 40 39 40 41 42 46 46 47 47 50 49 47 48 49 53 53 53 53 50 50 48 48 50 50 51 51 52 51 50 50 50 50 49 50 49 50 52 55 54 50 53 54 55 52 54 52 53 53 52 56 56 55 53 53 51 50 54 53 52 54 56 52 55 52 55 55 55 54 55 58 57 57 58 58 55 57 58 56 54 55 57 54 57
44 43 40 42 42 42 40 40 40 41 42 41 40 39 40 40 42 44 45 48 46 48 49 50 51 49 50 50 51 53 53 51 51 50 49 50 51 52 52 53 52 51 51 52 51 50 52 50 53 55 55 54 52 53 54 53 53 52 53 53 53 54 55 55 55 54 51 52 50 51 53 53 54 56 55 56 51 50 55 55 55 55 55 58 58 56 59 58 57 58 58 58 59 56 54 52
44 43 42 43 42 41 40 40 41 41 40 40 40 41 42 42 45 46 46 46 49 49 49 50 49 48 50 51 50 48 52 52 50 50 50 51 50 51 53 53 52 52 53 51 52 51 53 53 51 52 55 55 57 55 55 54 54 54 52 53 55 55 56 55 54 53 52 51 49 50 52 52 52 55 56 54 52 54 51 55 55 55 53 55 54 55 59 58 58 57 58 61 60 54 51 52
42 42 41 43 42 41 40 40 41 41 42 41 41 44 47 46 46 48 48 48 48 49 50 50 50 50 51 51 52 50 48 48 50 49 48 48 51 51 53 53 52 53 53 52 53 53 54 52 51 52 54 56 59 59 55 55 54 54 54 53 55 55 57 55 55 51 50 50 51 49 51 53 52 52 52 53 52 54 52 54 54 53 54 55 54 55 55 57 59 58 58 60 56 54 53 54
42 43 43 41 42 42 40 40 40 41 44 42 44 44 47 46 46 47 48 49 48 49 50 51 50 50 52 50 52 53 49 49 48 49 50 50 49 53 53 53 53 53 52 53 54 55 55 55 53 52 54 55 56 57 58 55 54 53 52 54 56 56 57 56 52 51 51 52 52 49 52 53 52 54 53 54 54 54 52 49 51 52 52 54 53 54 55 55 62 62 60 58 56 55 54 54
42 43 44 41 42 42 40 41 41 43 43 44 44 46 44 43 44 45 48 49 49 50 50 50 52 51 52 50 51 50 48 50 49 50 51 51 52 51 54 54 53 53 54 54 55 55 55 55 53 53 55 55 55 56 56 55 55 53 54 53 54 55 53 52 51 52 52 52 49 48 52 53 52 52 55 54 54 52 52 49 49 51 52 52 52 54 59 56 60 59 59 58 57 57 60 54
44 45 45 43 42 40 40 40 41 42 44 42 45 42 42 42 43 44 46 48 48 50 51 51 53 53 52 51 52 50 49 52 52 52 53 53 53 52 53 56 56 56 56 55 55 56 55 55 55 55 55 55 55 55 55 56 55 55 55 55 55 54 52 52 50 49 51 49 51 49 50 51 52 52 54 54 53 53 52 50 50 49 49 52 52 55 59 57 59 62 60 58 55 56 58 54
45 43 43 43 43 43 42 40 42 42 41 40 40 40 43 44 44 44 45 48 48 49 50 53 52 52 51 51 51 49 52 53 53 53 53 54 55 53 54 56 55 56 57 56 55 55 56 55 56 56 56 55 55 55 52 53 55 55 55 56 55 55 55 51 50 49 49 49 52 52 49 51 51 50 51 52 53 53 52 50 50 48 50 52 52 52 59 59 59 62 59 58 56 57 56 55
43 45 43 43 42 40 40 39 41 40 40 40 41 43 46 45 46 48 48 47 48 49 50 51 52 52 52 52 50 50 52 51 53 53 53 55 56 53 55 57 55 56 58 55 55 57 55 57 57 57 55 55 55 54 52 52 54 55 53 54 59 55 53 52 49 48 49 51 51 49 47 50 50 51 50 50 51 50 50 50 49 48 48 50 52 55 59 57 59 57 57 57 56 58 57 57
42 44 43 41 40 39 40 40 39 41 40 42 42 46 46 46 48 49 48 49 48 49 51 50 52 53 52 53 52 52 53 52 56 55 56 57 56 54 55 53 57 57 58 55 58 55 55 58 57 56 56 55 55 54 53 52 53 55 52 54 55 52 53 50 49 49 53 52 50 48 48 52 51 52 50 52 51 50 49 47 48 49 50 50 52 54 57 56 55 56 61 58 59 56 58 62
43 43 41 41 39 39 38 41 40 40 41 42 43 46 46 46 47 48 49 48 48 48 50 50 51 50 52 53 53 52 53 54 56 58 56 58 59 57 56 57 56 59 59 58 57 57 56 57 59 58 58 56 55 54 54 51 52 52 51 54 51 52 53 49 51 56 55 49 47 48 50 52 53 52 52 52 52 51 50 48 47 47 50 51 50 52 53 55 53 58 58 64 63 58 58 62
43 42 40 41 39 38 38 40 40 41 42 44 44 46 46 46 48 48 49 50 48 49 48 49 50 49 50 52 53 53 53 56 56 56 57 57 59 59 57 59 58 57 59 59 57 59 58 59 60 59 57 55 55 55 53 53 52 54 50 50 49 52 52 49 52 53 52 48 48 47 50 53 52 53 53 52 52 50 50 48 50 50 49 54 52 51 51 52 54 58 58 60 59 62 62 66
41 40 40 39 38 38 39 40 42 42 40 44 44 44 45 46 48 48 50 50 49 49 49 48 50 51 51 52 53 53 55 56 56 57 58 59 60 60 59 59 58 60 60 60 59 59 59 59 61 61 56 57 55 55 53 53 54 55 51 49 50 52 52 49 54 55 50 50 50 47 46 49 50 51 51 52 50 50 48 48 50 53 51 53 53 52 53 53 53 54 56 55 56 59 61 64
40 41 38 38 37 38 39 40 40 42 42 42 42 44 45 46 47 48 50 50 50 49 50 48 50 51 51 51 52 53 55 57 57 59 57 57 58 60 61 60 61 62 59 61 60 58 60 61 61 61 58 57 58 57 57 56 55 55 53 52 50 50 50 50 50 53 53 53 50 47 46 47 50 47 47 51 51 49 47 47 49 51 54 53 53 53 52 55 56 55 58 58 58 58 59 62
39 38 38 37 37 37 38 38 39 40 41 42 43 43 47 47 48 48 48 50 48 48 50 50 50 49 50 52 53 53 55 55 55 57 59 58 60 59 61 63 63 63 62 61 63 61 62 62 60 60 60 58 57 56 56 56 58 56 54 53 52 49 49 50 50 50 51 51 50 50 48 44 43 47 49 51 50 49 47 47 47 49 53 52 50 53 55 52 56 57 59 59 62 58 58 63
39 38 38 37 37 38 38 39 40 41 44 44 45 43 46 46 46 48 48 47 47 47 48 49 48 47 50 54 52 53 55 57 56 57 56 59 61 62 60 65 66 65 66 62 62 64 62 61 59 61 59 60 58 58 56 57 57 56 55 51 52 52 49 50 51 49 48 49 47 46 44 47 43 44 47 50 50 49 48 47 47 50 50 50 51 52 55 54 56 57 61 62 63 60 59 62
39 38 37 37 38 38 38 40 40 42 44 44 44 44 45 46 48 46 46 47 47 48 50 49 48 50 50 54 54 53 54 56 57 57 59 58 60 62 63 63 66 70 68 66 64 64 62 62 61 60 60 58 58 58 57 58 59 55 53 54 52 51 49 49 49 47 47 47 47 46 45 45 46 43 45 48 50 48 49 47 47 49 49 50 51 53 54 55 55 55 58 66 64 66 60 66
38 38 38 38 38 38 39 39 40 42 43 44 44 45 45 46 45 45 46 47 47 47 47 48 48 50 50 52 55 55 55 55 56 56 57 61 59 61 63 64 65 69 69 68 66 65 64 64 62 62 62 58 58 57 58 57 59 58 55 55 53 49 50 49 47 47 46 45 46 45 47 44 43 42 46 45 45 47 47 48 48 48 50 50 51 53 53 57 58 57 58 60 66 65 62 62
39 38 38 39 39 38 38 39 40 42 44 44 45 44 45 45 45 45 45 47 47 47 47 47 49 49 50 54 55 55 54 55 57 59 60 60 60 61 62 66 65 69 70 69 69 67 67 65 65 63 61 60 58 58 58 59 55 55 54 52 52 48 49 50 45 45 46 45 45 45 45 45 42 41 44 43 45 48 49 48 48 49 50 53 54 53 53 54 55 59 62 66 68 65 62 62
39 39 39 39 39 38 39 40 41 42 43 44 44 45 46 46 45 45 45 47 46 46 47 50 49 50 52 54 56 55 54 55 55 55 59 62 64 64 66 66 68 69 69 71 70 68 67 69 66 63 63 58 57 59 59 58 58 54 52 50 49 49 50 47 44 46 46 47 45 46 45 43 43 42 43 44 45 47 48 49 49 49 50 53 53 54 56 59 58 59 65 66 64 63 63 63
40 40 42 40 40 39 39 40 42 41 44 44 43 44 45 44 44 45 45 47 47 47 49 49 49 51 52 55 53 55 55 55 55 59 61 62 63 66 68 66 66 69 70 73 72 69 70 69 66 66 65 62 59 61 59 57 56 54 52 53 52 50 47 44 42 47 48 48 47 46 45 45 43 43 43 43 45 46 48 48 49 49 51 52 53 53 56 57 61 60 66 71 67 67 68 65
42 41 41 41 41 41 40 40 40 42 43 44 43 44 43 44 44 44 45 46 47 48 49 49 49 50 51 52 52 55 55 56 57 59 60 62 66 66 68 70 69 71 73 74 73 72 71 69 69 69 66 63 62 61 59 59 57 55 55 55 49 47 46 44 45 47 47 50 48 46 47 45 44 43 43 42 43 45 48 49 49 50 51 52 53 55 56 58 61 68 67 73 75 73 70 70
44 42 42 42 42 42 41 41 42 42 42 43 45 43 43 42 43 44 45 47 47 48 49 49 51 52 53 54 54 54 55 58 60 62 62 62 66 67 66 69 70 71 73 76 74 72 72 70 72 73 69 66 62 60 58 57 58 56 53 52 50 49 47 48 47 49 50 49 47 47 46 45 45 43 42 42 43 45 47 49 50 51 52 54 54 55 58 59 63 69 70 72 73 73 73 66
45 44 44 44 43 43 44 42 43 43 43 43 43 45 42 42 42 42 46 47 48 49 49 51 50 51 54 55 55 55 57 57 57 60 62 64 66 66 66 66 67 69 73 75 74 73 73 72 71 69 67 62 62 62 59 58 58 57 56 51 52 50 49 50 48 49 50 50 49 51 48 45 45 45 44 43 43 46 48 50 50 50 52 53 56 56 58 59 65 67 70 73 75 72 70 69
45 45 44 45 44 45 46 45 43 43 43 43 43 42 41 40 42 44 45 47 48 49 49 49 49 52 52 53 55 55 55 57 61 61 62 64 63 62 64 63 66 69 73 75 76 73 73 73 71 68 66 63 63 62 59 59 59 56 55 55 54 51 49 50 48 53 50 52 50 47 48 46 45 45 45 44 45 46 48 50 50 53 52 53 56 56 59 61 62 67 70 73 75 72 71 73
47 46 47 45 46 47 47 47 45 44 44 43 44 42 44 42 44 45 46 47 48 49 49 49 50 54 55 56 57 55 58 58 60 62 62 59 61 62 65 66 67 69 70 75 74 73 73 70 70 68 68 65 63 62 60 59 57 57 56 57 55 51 52 52 51 52 53 50 49 50 50 48 48 48 48 45 47 47 49 51 53 53 53 53 54 56 62 62 66 66 69 68 70 74 77 77
50 49 48 47 48 48 48 47 47 44 44 45 45 45 45 46 45 46 48 48 49 49 49 48 50 52 55 58 59 59 59 60 60 61 58 61 60 62 63 66 66 69 71 73 71 73 74 71 67 65 64 62 61 60 59 59 59 56 58 56 54 52 54 53 53 52 54 52 52 53 50 50 51 50 48 46 47 49 50 51 53 53 54 55 55 58 60 62 65 65 67 68 72 79 78 79
49 50 48 47 49 50 50 47 47 46 45 45 45 45 45 47 46 46 47 48 48 49 48 49 51 53 56 60 61 60 60 62 62 59 58 58 60 62 64 65 65 68 69 69 70 69 73 74 68 64 62 61 60 60 61 59 58 59 58 55 55 53 55 55 55 54 55 56 53 54 53 50 53 51 49 48 49 48 50 51 52 54 52 53 53 56 57 62 64 66 69 69 72 75 75 78
52 51 51 49 49 50 47 47 47 45 45 45 45 45 46 47 47 48 48 48 48 48 48 50 51 53 57 59 60 62 63 60 61 56 57 59 60 62 64 64 66 67 66 68 69 69 73 72 67 66 63 61 60 61 62 59 59 59 59 56 56 55 56 57 55 57 54 55 52 54 54 53 50 50 50 49 50 50 50 50 51 51 52 52 53 56 61 66 69 71 70 71 75 79 80 75
54 54 50 48 49 48 47 46 47 46 45 46 46 46 47 47 48 48 48 48 49 50 50 51 51 55 55 58 59 60 58 58 55 54 58 60 62 62 62 65 66 64 67 66 66 71 70 69 66 64 62 62 62 62 62 61 60 59 59 57 56 57 57 57 55 55 55 55 53 55 55 53 52 51 50 50 50 50 52 52 52 52 53 56 57 59 63 68 70 74 74 68 69 72 70 74
58 56 50 47 50 48 47 46 46 45 44 46 47 47 48 49 49 48 48 48 49 48 50 51 53 54 55 56 56 56 59 58 55 58 59 60 58 62 62 64 64 64 62 66 69 69 67 66 68 66 66 63 62 62 60 62 62 61 59 59 59 56 55 54 54 55 55 53 53 54 56 56 54 53 52 50 55 52 51 55 54 54 54 58 61 62 64 65 68 65 70 67 68 68 68 72
58 57 53 50 50 47 47 45 44 45 46 48 48 49 49 50 48 48 48 49 48 48 50 50 52 52 54 54 54 57 54 54 58 55 54 58 58 60 62 63 62 64 68 68 66 67 66 66 65 65 63 64 62 62 61 62 62 61 61 59 59 59 59 59 59 57 54 54 54 54 55 56 57 56 53 52 53 56 53 53 57 56 54 56 56 59 59 61 62 66 68 65 66 66 68 71
59 59 54 50 49 48 45 46 45 46 48 48 50 49 50 49 48 48 48 49 48 48 50 51 52 53 54 54 53 54 53 56 56 57 55 58 60 60 62 61 62 65 65 66 66 66 65 65 65 63 62 62 63 62 61 62 62 62 62 61 60 61 61 60 58 58 57 56 53 54 55 55 56 57 57 55 54 55 56 53 53 56 56 59 56 62 62 67 69 70 73 66 69 69 72 71
58 59 55 52 49 47 46 45 44 47 47 49 50 51 50 49 49 48 49 50 49 49 50 53 52 52 52 53 53 52 53 55 58 57 59 56 60 61 60 62 63 63 63 64 66 65 63 64 64 64 62 62 61 61 60 62 62 60 59 59 61 62 62 59 58 55 55 56 56 55 55 55 55 55 58 56 58 58 56 56 56 59 58 59 62 62 62 62 63 66 70 71 70 67 75 75
57 56 54 51 50 48 47 47 46 47 47 50 52 51 50 50 49 49 50 49 49 49 50 51 51 51 51 51 51 53 56 58 56 56 57 58 58 59 60 63 63 63 63 63 64 63 62 62 62 62 61 59 59 59 61 62 61 62 61 62 65 64 61 58 57 56 55 55 55 55 55 56 56 55 59 59 60 60 56 58 59 58 59 63 66 65 67 66 68 66 67 70 72 74 81 83
58 54 53 50 49 49 48 47 46 48 50 52 51 51 51 50 49 49 49 49 49 50 50 50 52 51 50 51 51 52 53 56 56 58 55 56 58 58 59 62 64 62 63 63 62 63 61 61 60 62 60 59 59 58 61 62 61 61 62 62 62 63 61 59 59 57 55 55 55 56 56 55 55 56 61 59 61 60 61 59 60 59 64 67 72 70 69 66 72 72 69 74 77 79 76 84
59 53 52 50 50 49 49 48 48 47 50 51 50 52 51 50 50 50 50 50 49 50 51 51 53 51 52 49 51 52 55 58 58 56 56 58 58 58 59 61 61 62 62 63 62 62 60 60 60 61 61 61 59 58 59 62 61 59 62 62 61 62 64 60 58 57 56 55 56 58 57 58 58 58 58 59 60 62 62 60 62 61 67 71 73 71 72 75 74 75 74 80 80 77 76 74
57 54 52 52 51 50 50 49 48 48 49 49 50 51 51 50 51 51 51 51 51 52 52 53 52 52 52 51 55 56 56 57 58 57 58 58 57 57 58 60 60 63 64 63 59 61 59 56 58 59 60 59 59 59 59 60 61 60 62 62 59 62 61 59 59 58 57 58 58 58 60 59 59 61 62 61 62 65 65 62 66 66 66 70 69 71 75 78 80 79 77 72 73 74 73 80
55 55 51 52 52 52 51 50 51 48 49 49 50 50 50 50 51 51 51 52 52 52 53 55 54 51 51 54 54 56 57 56 56 56 57 56 58 58 60 60 60 61 61 61 57 59 57 56 56 57 58 58 58 56 59 60 60 60 58 60 58 62 62 63 61 58 58 61 62 60 62 61 62 62 63 64 66 66 65 64 69 71 68 70 70 72 75 77 79 76 76 74 72 73 72 73
