grids/precipitation/may/RSMS_05_1882_01.asc
NCOLS 654
NROWS 866
XLLCORNER 3280414.711633467
YLLCORNER 5237500.62890625
CELLSIZE 1000
NODATA_VALUE -999
[rows 780 to 831 of 866, columns 96 to 191 of 654]
-999 -999 -999 -999 -999 -999 -999 -999 -999 -999 -999 -999 -999 -999 -999 -999 -999 72 74 76 77 77 80 81 82 81 80 80 82 78 78 77 77 75 75 74 74 75 74 75 77 79 83 84 90 88 92 91 99 100 110 108 110 114 112 114 103 101 109 111 112 111 109 105 105 102 96 98 92 90 90 88 87 91 90 89 86 84 79 75 74 73 72 70 72 71 71 69 69 71 71 74 75 75 79 80
-999 -999 -999 -999 -999 -999 -999 -999 -999 -999 -999 -999 -999 -999 -999 -999 -999 69 71 75 77 77 79 81 81 81 80 82 79 79 77 76 77 75 74 74 75 74 74 75 78 78 83 85 90 97 93 99 93 99 106 110 114 113 115 114 116 101 115 112 110 109 108 106 105 107 103 99 99 96 95 89 88 87 89 87 84 83 80 75 74 71 70 70 70 71 69 68 68 69 72 75 76 76 77 81
-999 -999 -999 -999 -999 -999 -999 -999 -999 -999 -999 -999 -999 -999 -999 -999 -999 -999 70 73 76 77 78 79 79 80 82 79 78 77 77 77 77 74 75 74 75 74 75 76 84 81 84 86 89 104 102 102 104 107 101 107 109 109 114 119 120 110 107 113 109 108 111 108 107 103 99 96 94 95 96 95 86 92 90 87 85 82 80 76 75 71 71 69 71 71 68 67 68 68 71 74 75 75 77 81
-999 -999 -999 -999 -999 -999 -999 -999 -999 -999 -999 -999 -999 -999 -999 -999 -999 -999 -999 74 75 76 77 78 80 81 81 79 78 78 77 76 75 74 75 73 73 74 75 80 82 90 89 94 90 94 94 95 95 99 104 107 106 106 111 116 122 116 106 108 103 103 104 104 107 106 105 102 100 98 94 88 89 92 90 87 84 82 80 76 75 73 72 70 71 71 68 67 66 67 72 74 73 76 77 82
-999 -999 -999 -999 -999 -999 -999 -999 -999 -999 -999 -999 -999 -999 -999 -999 -999 -999 -999 -999 75 76 76 77 81 81 80 78 78 77 77 76 76 76 75 75 74 74 75 78 83 83 83 87 84 88 91 89 93 99 107 102 102 104 106 116 118 116 114 104 108 110 108 104 105 103 99 97 94 93 89 92 91 86 88 86 84 82 79 76 75 73 72 70 71 71 69 67 66 69 73 73 72 74 77 82
-999 -999 -999 -999 -999 -999 -999 -999 -999 -999 -999 -999 -999 -999 -999 -999 -999 -999 -999 -999 75 75 76 76 77 80 79 78 78 77 76 76 75 75 75 75 75 75 78 78 79 81 81 84 86 86 86 92 98 96 95 101 101 101 110 109 114 117 108 107 106 110 108 105 104 103 100 100 97 99 95 89 88 83 83 84 84 81 79 76 75 75 74 70 72 71 69 67 67 68 73 73 72 74 76 80
-999 -999 -999 -999 -999 -999 -999 -999 -999 -999 -999 -999 -999 -999 -999 -999 -999 -999 -999 -999 74 75 76 76 75 80 78 77 77 76 76 76 77 76 75 76 75 76 75 76 77 77 77 78 81 83 84 90 90 91 101 99 96 103 102 111 109 112 111 111 108 105 105 106 104 100 98 97 97 97 96 89 90 90 87 80 79 80 80 76 74 74 72 72 71 71 69 69 69 73 73 72 72 74 75 77
-999 -999 -999 -999 -999 -999 -999 -999 -999 -999 -999 -999 -999 -999 -999 -999 -999 -999 -999 -999 74 74 75 76 75 80 78 77 76 76 75 76 77 76 77 75 78 76 83 82 83 78 78 80 81 83 84 88 89 88 96 93 98 104 106 106 106 108 111 108 105 101 105 103 99 96 96 94 93 90 95 92 92 91 88 84 84 79 79 76 74 75 75 73 72 73 71 71 72 71 74 73 72 74 74 77
-999 -999 -999 -999 -999 -999 -999 -999 -999 -999 -999 -999 -999 -999 -999 -999 -999 -999 -999 -999 73 73 73 74 75 76 77 76 76 76 75 76 77 84 82 77 78 81 82 84 85 86 84 82 83 84 86 87 88 91 95 95 98 95 97 99 106 108 108 102 101 103 94 96 99 97 98 97 94 90 93 95 92 90 88 86 84 81 79 75 74 73 76 75 71 73 71 71 71 71 74 73 73 72 73 75
-999 -999 -999 -999 -999 -999 -999 -999 -999 -999 -999 -999 -999 -999 -999 -999 -999 -999 -999 -999 73 72 72 73 74 74 75 76 76 76 75 76 78 83 89 80 78 85 84 86 91 84 86 85 86 84 88 88 88 90 90 99 98 104 102 102 108 109 103 102 98 99 96 91 96 96 95 92 92 91 92 95 94 91 89 86 84 81 78 76 74 73 76 75 71 73 72 71 71 71 72 74 73 72 72 74
-999 -999 -999 -999 -999 -999 -999 -999 -999 -999 -999 -999 -999 -999 -999 -999 -999 -999 -999 71 71 70 71 71 73 73 74 75 75 76 77 80 81 86 84 82 82 86 85 89 89 93 86 92 88 88 93 99 93 98 104 98 106 100 109 109 109 109 105 100 95 90 96 88 92 89 94 94 90 93 92 92 90 88 88 86 83 80 79 76 75 74 85 76 75 72 71 71 71 72 73 73 73 73 74 73
-999 -999 -999 -999 -999 -999 -999 -999 -999 -999 -999 -999 -999 -999 -999 -999 -999 -999 70 69 69 69 69 71 70 72 73 74 73 78 75 80 87 83 83 84 90 85 89 87 94 91 99 101 93 91 94 99 98 96 96 109 107 107 108 107 105 110 105 100 94 89 94 87 86 90 89 91 88 88 88 87 84 85 86 83 80 78 75 76 75 74 77 78 76 73 71 71 71 71 72 72 72 72 73 73
-999 -999 -999 -999 -999 -999 -999 -999 -999 -999 -999 -999 -999 -999 -999 -999 -999 -999 69 68 68 68 68 70 71 72 72 73 74 77 80 84 83 83 83 88 90 93 89 88 98 101 109 101 93 93 94 107 106 104 103 99 109 106 105 106 103 104 102 100 94 89 85 84 91 89 86 87 87 86 87 86 84 83 81 80 80 78 77 75 74 74 76 76 75 75 72 72 71 71 73 72 72 72 76 72
-999 -999 -999 -999 -999 -999 -999 -999 -999 -999 -999 -999 -999 -999 -999 -999 -999 -999 67 67 69 68 69 69 70 70 71 73 73 76 79 82 81 83 86 96 98 101 94 98 107 104 110 101 96 102 104 104 110 116 109 98 97 104 103 102 103 100 102 98 94 94 85 86 89 83 87 83 84 84 84 83 83 81 80 79 77 78 76 76 76 76 76 76 75 75 73 72 72 71 73 71 72 72 77 76
-999 -999 -999 -999 -999 -999 -999 -999 -999 -999 -999 -999 -999 -999 -999 -999 -999 -999 67 68 68 68 68 68 70 71 71 72 73 76 77 79 83 87 90 89 96 98 103 104 107 107 113 105 106 112 113 112 106 117 117 115 109 100 93 99 99 96 97 96 93 87 88 86 83 84 81 79 83 85 83 82 80 78 77 75 75 76 76 76 79 79 80 80 79 77 76 75 75 73 73 72 72 73 74 75
-999 -999 -999 -999 -999 -999 -999 -999 -999 -999 -999 -999 -999 -999 -999 -999 -999 -999 67 67 67 67 66 68 70 70 71 73 75 76 80 83 85 89 96 92 95 99 106 112 115 112 108 104 114 123 120 121 116 105 115 117 108 107 100 99 94 93 92 89 89 87 93 87 86 80 81 83 82 86 81 79 76 75 75 74 75 75 73 78 80 81 80 81 81 78 77 77 76 74 73 74 74 75 75 76
-999 -999 -999 -999 -999 -999 -999 -999 -999 -999 -999 -999 -999 -999 -999 -999 -999 -999 68 67 67 66 65 66 69 70 72 74 77 79 82 86 89 90 92 99 100 109 109 113 121 125 116 116 107 114 116 123 117 109 117 117 112 108 110 102 92 95 94 88 89 94 98 97 91 84 83 86 85 83 79 76 75 73 73 74 74 75 76 76 79 80 80 81 80 79 77 77 76 75 76 76 75 84 78 84
-999 -999 -999 -999 -999 -999 -999 -999 -999 -999 -999 -999 -999 -999 -999 -999 -999 69 67 66 67 66 62 65 67 70 72 74 77 81 88 90 94 98 100 105 103 99 107 113 121 122 118 121 123 115 109 116 122 112 118 113 109 105 106 99 96 93 90 89 96 93 91 92 95 92 85 82 83 82 77 77 75 71 69 71 72 71 72 73 75 78 78 81 81 79 81 79 77 77 82 81 84 83 82 80
-999 -999 -999 -999 -999 -999 -999 -999 -999 -999 -999 -999 -999 -999 -999 -999 -999 70 68 67 67 66 65 67 69 70 73 75 79 85 96 101 104 104 104 96 97 105 108 119 126 122 125 128 133 129 118 109 122 120 121 114 109 105 106 101 98 90 96 94 89 90 86 87 87 87 87 79 83 80 77 75 75 70 66 71 73 73 72 73 74 76 77 79 78 82 77 80 80 82 77 79 84 83 84 82
-999 -999 -999 -999 -999 -999 -999 -999 -999 -999 -999 -999 -999 -999 -999 -999 -999 70 68 68 69 68 66 70 71 74 75 80 82 84 93 94 97 102 97 102 113 105 113 124 128 125 122 127 127 130 129 122 124 126 122 115 110 105 101 103 102 103 96 96 95 92 89 84 86 83 84 82 82 82 77 75 73 71 69 71 73 71 73 74 74 74 78 77 77 79 74 78 77 77 77 83 82 83 81 79
-999 -999 -999 -999 -999 -999 -999 -999 -999 -999 -999 -999 -999 -999 -999 -999 -999 71 70 70 70 70 70 72 75 75 78 85 91 93 93 90 96 94 101 108 119 109 122 124 122 124 120 123 126 126 127 126 115 113 126 121 116 113 112 110 102 100 100 98 95 90 85 85 84 83 79 78 79 76 77 76 75 74 73 71 72 70 73 73 74 72 77 77 77 77 74 78 76 76 79 76 82 78 80 78
-999 -999 -999 -999 -999 -999 -999 -999 -999 -999 -999 -999 -999 -999 -999 -999 -999 71 71 70 71 71 73 74 75 78 83 91 95 94 97 100 97 100 112 110 116 115 117 123 119 120 120 125 119 124 114 120 108 119 123 118 112 115 119 115 105 103 100 98 95 93 95 92 85 86 83 83 79 75 70 72 71 69 69 68 69 68 71 72 71 69 76 75 78 77 71 76 77 77 80 76 80 75 77 78
-999 -999 -999 -999 -999 -999 -999 -999 -999 -999 -999 -999 -999 -999 -999 -999 -999 71 72 72 74 76 76 77 79 83 87 89 98 106 100 102 106 99 104 112 122 129 128 116 116 124 119 111 118 121 113 112 119 125 124 117 119 111 120 115 108 106 100 102 98 99 96 94 93 89 88 83 81 75 72 68 67 62 70 67 68 70 66 71 74 72 71 71 75 73 71 79 78 77 77 75 76 80 78 81
-999 -999 -999 -999 -999 -999 -999 -999 -999 -999 -999 -999 -999 -999 -999 -999 70 71 72 74 75 79 79 81 84 87 95 94 94 104 111 107 104 102 119 115 125 134 133 126 118 115 126 115 109 106 105 115 126 129 127 123 117 107 115 119 108 103 98 102 103 96 95 98 97 94 90 84 83 78 74 70 68 70 68 68 68 69 69 75 75 75 76 71 71 70 69 75 77 75 77 79 82 82 77 81
-999 -999 -999 -999 -999 -999 -999 -999 -999 -999 -999 -999 -999 -999 -999 -999 69 71 73 76 79 80 80 85 89 95 100 97 105 106 104 110 113 107 119 137 141 134 129 113 118 122 123 113 107 118 117 121 120 116 119 131 119 115 116 118 115 108 98 96 100 94 95 95 96 95 91 88 86 80 76 70 68 69 71 73 72 74 76 76 77 78 78 78 77 75 70 77 81 76 79 81 79 84 78 80
-999 -999 -999 -999 -999 -999 -999 -999 -999 -999 -999 -999 -999 -999 -999 -999 71 73 75 76 80 82 86 90 88 95 100 108 106 108 116 112 108 116 125 130 135 133 132 123 119 110 115 112 108 119 119 125 115 121 115 126 124 112 113 121 114 112 104 96 94 93 93 96 96 93 88 81 84 81 76 72 69 66 68 73 74 74 76 77 77 78 78 77 77 77 72 74 72 72 76 82 82 81 79 80
-999 -999 -999 -999 -999 -999 -999 -999 -999 -999 -999 -999 -999 -999 -999 72 75 76 77 81 80 84 86 87 88 94 97 109 116 123 124 126 124 122 126 125 114 126 125 122 112 112 115 108 113 107 119 119 119 117 115 117 119 118 108 118 117 113 110 104 98 94 94 95 93 92 90 86 83 80 72 70 68 67 67 71 74 75 77 77 78 79 76 73 75 78 76 75 73 74 77 83 83 79 79 75
-999 -999 -999 -999 -999 -999 -999 -999 -999 -999 -999 -999 -999 -999 74 76 76 76 77 84 83 86 88 93 102 103 107 122 130 134 126 128 131 125 122 119 123 122 120 117 116 109 110 117 114 110 122 111 126 120 118 111 113 112 108 117 109 113 109 107 104 96 93 90 90 90 86 85 82 81 80 77 73 71 70 71 71 73 74 77 78 79 79 80 77 76 77 73 73 77 83 79 80 79 79 76
-999 -999 -999 -999 -999 -999 -999 -999 -999 -999 -999 -999 -999 -999 75 76 76 77 80 84 84 89 92 93 105 120 126 130 141 139 129 129 130 128 119 116 127 118 118 114 109 110 117 115 117 112 113 120 122 119 115 116 111 109 105 104 106 105 109 102 100 96 93 95 94 87 81 81 81 80 76 76 72 73 71 71 71 71 71 77 77 73 77 79 79 73 76 73 77 77 87 84 -999 -999 -999 75
-999 -999 -999 -999 -999 -999 -999 -999 -999 -999 -999 -999 -999 -999 76 77 77 78 84 89 88 90 97 98 104 114 125 122 127 132 128 122 126 126 119 118 127 124 114 114 109 115 112 120 126 119 109 111 119 118 121 116 115 113 104 101 100 107 110 103 102 98 90 94 93 85 80 77 80 81 77 76 72 74 72 76 75 73 69 71 72 75 78 77 79 76 77 77 75 77 86 86 -999 -999 -999 74
-999 -999 -999 -999 -999 -999 -999 -999 -999 -999 -999 -999 -999 -999 77 78 78 83 83 85 87 92 92 98 104 114 121 116 121 126 127 118 125 125 124 116 124 129 118 107 111 122 126 126 127 120 118 122 124 122 119 121 113 109 105 105 104 97 106 101 103 98 86 92 89 82 84 80 80 82 80 76 74 69 71 77 77 74 77 76 73 75 77 78 78 77 80 77 -999 -999 -999 -999 -999 -999 -999 75
-999 -999 -999 -999 -999 -999 -999 -999 -999 -999 -999 -999 -999 -999 78 77 79 80 84 87 89 88 92 98 108 106 115 112 123 119 119 114 122 122 121 114 124 126 118 111 110 113 112 114 124 126 128 126 124 120 126 117 113 110 107 109 106 100 100 99 99 96 89 90 88 85 85 84 82 80 79 77 75 71 71 75 77 77 77 77 77 77 77 77 76 -999 -999 -999 -999 -999 -999 -999 -999 -999 -999 76
-999 -999 -999 -999 -999 -999 -999 -999 -999 -999 -999 -999 -999 -999 78 78 83 80 84 84 86 90 92 95 104 106 113 113 121 125 117 113 121 117 118 110 122 127 120 110 111 118 116 124 124 123 127 125 121 119 124 119 113 111 109 103 101 100 101 92 91 90 83 88 88 84 87 84 82 80 77 76 76 71 71 74 77 77 79 77 77 74 76 71 -999 -999 -999 -999 -999 -999 -999 -999 -999 -999 -999 -999
-999 -999 -999 -999 -999 -999 -999 -999 -999 -999 -999 -999 -999 -999 -999 80 84 84 81 84 91 93 95 95 97 106 108 109 125 119 117 112 116 112 110 113 120 124 115 106 117 118 122 120 115 118 126 121 121 117 118 115 113 109 109 105 103 102 98 85 90 85 83 80 86 85 85 83 81 80 77 74 73 72 71 75 77 75 78 77 76 71 71 74 -999 -999 -999 -999 -999 -999 -999 -999 -999 -999 -999 -999
-999 -999 -999 -999 -999 -999 -999 -999 -999 -999 -999 -999 -999 -999 -999 79 84 84 84 84 89 90 96 92 98 99 102 114 121 121 117 110 112 110 111 119 121 127 112 102 115 114 112 111 120 120 125 117 113 117 114 113 110 105 109 107 103 102 97 86 91 85 85 82 84 86 81 85 81 79 77 74 73 75 72 77 76 76 77 75 76 69 73 -999 -999 -999 -999 -999 -999 -999 -999 -999 -999 -999 -999 -999
-999 -999 -999 -999 -999 -999 -999 -999 -999 -999 -999 -999 -999 -999 74 80 80 82 86 90 85 89 90 93 94 99 106 119 120 124 118 112 111 107 119 119 116 114 112 105 103 112 114 118 121 121 117 116 107 113 113 110 108 104 105 103 98 93 93 88 92 89 87 86 76 87 83 83 80 79 76 76 74 76 72 77 77 71 77 75 76 71 71 -999 -999 -999 -999 -999 -999 -999 -999 -999 -999 -999 -999 -999
-999 -999 -999 -999 -999 -999 -999 -999 -999 -999 -999 -999 -999 71 75 80 80 80 83 84 84 86 89 90 95 102 112 121 113 119 121 114 112 109 117 113 108 107 101 100 109 115 119 122 117 113 116 112 109 116 111 105 109 104 104 103 97 93 88 92 89 88 87 87 82 86 84 78 80 78 76 74 72 75 70 74 75 73 76 75 68 69 -999 -999 -999 -999 -999 -999 -999 -999 -999 -999 -999 -999 -999 -999
-999 -999 -999 -999 -999 -999 -999 -999 -999 -999 -999 -999 66 72 75 77 79 80 82 82 84 89 86 95 98 98 104 113 112 113 114 111 113 102 111 112 102 99 100 100 112 117 119 118 117 115 107 109 110 113 110 105 105 104 103 101 99 88 89 90 89 85 85 84 83 82 83 80 76 76 76 74 73 74 71 75 73 73 75 70 71 -999 -999 -999 -999 -999 -999 -999 -999 -999 -999 -999 -999 -999 -999 -999
-999 -999 -999 -999 -999 -999 -999 -999 -999 -999 -999 -999 64 71 73 74 78 82 80 80 82 87 88 95 91 101 104 101 102 108 107 111 107 104 107 108 97 99 111 110 110 112 116 114 113 111 107 106 109 112 111 109 104 105 100 99 97 87 92 89 83 83 84 81 79 75 80 81 79 77 76 76 75 73 70 77 75 71 70 69 -999 -999 -999 -999 -999 -999 -999 -999 -999 -999 -999 -999 -999 -999 -999 -999
-999 -999 -999 -999 -999 -999 -999 -999 -999 -999 -999 -999 63 71 71 73 78 79 79 80 82 83 88 92 95 100 103 107 98 99 102 101 99 98 98 105 99 103 109 111 106 104 116 112 108 108 109 108 112 111 110 106 101 103 96 99 97 85 90 85 83 80 82 80 83 80 74 79 77 74 77 77 73 72 74 76 76 74 68 71 -999 -999 -999 -999 -999 -999 -999 -999 -999 -999 -999 -999 -999 -999 -999 -999
-999 -999 -999 -999 -999 -999 -999 -999 -999 -999 -999 -999 64 69 73 74 78 79 79 79 81 81 85 86 93 96 98 102 98 98 98 98 100 96 97 99 93 96 100 103 104 110 111 108 105 109 111 112 110 107 107 107 103 99 98 94 95 86 85 82 78 79 83 85 84 83 80 73 76 79 81 74 70 76 76 74 74 68 72 74 -999 -999 -999 -999 -999 -999 -999 -999 -999 -999 -999 -999 -999 -999 -999 -999
-999 -999 -999 -999 -999 -999 -999 -999 -999 -999 -999 -999 65 71 73 74 75 75 76 78 80 80 81 84 90 93 92 95 97 98 93 103 103 94 101 95 93 96 95 98 100 105 107 100 107 112 112 109 109 107 107 106 103 102 100 95 93 90 87 81 80 76 79 84 80 85 81 74 76 81 82 79 70 77 75 75 68 70 73 73 -999 -999 -999 -999 -999 -999 -999 -999 -999 -999 -999 -999 -999 -999 -999 -999
-999 -999 -999 -999 -999 -999 -999 -999 -999 -999 -999 -999 -999 66 72 71 72 75 78 80 78 79 82 85 89 88 90 93 93 91 97 95 98 92 98 94 92 92 95 94 94 100 97 105 115 114 113 107 105 106 107 105 103 101 98 91 90 90 86 84 84 84 85 82 79 81 80 76 81 82 79 75 71 75 74 73 69 70 74 74 -999 -999 -999 -999 -999 -999 -999 -999 -999 81 81 -999 -999 73 -999 -999
-999 -999 -999 -999 -999 -999 -999 -999 -999 -999 -999 -999 -999 -999 69 71 72 73 74 79 77 78 80 86 87 85 84 89 89 91 92 93 93 92 93 90 92 94 93 92 92 95 97 99 111 111 111 110 108 106 106 104 101 99 97 90 93 90 87 83 86 85 79 84 85 79 77 77 81 81 80 77 71 74 74 70 72 75 74 74 72 -999 -999 -999 -999 -999 -999 -999 -999 79 77 74 73 71 73 -999
-999 -999 -999 -999 -999 -999 -999 -999 -999 -999 -999 -999 -999 -999 -999 71 72 72 72 78 76 77 82 83 82 82 83 84 85 87 89 89 90 90 90 91 93 93 94 93 90 91 96 107 103 110 112 108 106 103 105 102 100 97 95 90 91 90 85 86 85 80 85 81 82 81 79 78 81 76 78 75 72 72 71 71 70 70 73 72 73 73 74 79 84 -999 -999 -999 77 78 74 73 73 71 70 73
-999 -999 -999 -999 -999 -999 -999 -999 -999 -999 -999 -999 -999 -999 -999 -999 72 71 71 72 75 80 81 80 80 81 86 86 88 90 92 92 93 93 93 95 94 92 93 92 89 89 95 109 108 107 106 107 105 107 105 102 99 92 95 87 89 89 90 85 83 80 85 81 81 81 78 75 77 77 74 72 71 71 71 74 74 75 73 73 74 74 83 78 82 82 81 79 77 75 77 75 74 73 72 -999
-999 -999 -999 -999 -999 -999 -999 -999 -999 -999 -999 -999 -999 -999 -999 -999 71 71 71 75 80 82 79 80 84 82 85 86 88 89 90 91 93 93 95 94 93 92 92 93 91 89 94 109 109 108 106 103 101 104 105 102 96 93 91 89 87 90 85 83 81 83 82 81 75 80 79 75 74 76 74 72 71 71 73 72 75 72 74 74 74 74 83 84 82 79 80 -999 -999 79 77 75 74 72 -999 -999
-999 -999 -999 -999 -999 -999 -999 -999 -999 -999 -999 -999 -999 -999 -999 -999 -999 72 73 75 80 82 78 80 84 84 85 86 86 88 89 90 89 91 93 93 92 90 92 93 92 88 93 105 111 109 104 104 102 101 100 100 99 96 93 90 87 85 82 81 77 80 74 74 74 80 76 74 73 73 73 76 72 73 72 73 72 73 73 75 74 77 76 78 77 77 77 -999 -999 -999 76 75 74 71 -999 -999
-999 -999 -999 -999 -999 -999 -999 -999 -999 -999 -999 -999 -999 -999 -999 -999 -999 -999 74 75 78 82 78 80 83 86 88 87 87 88 90 89 89 89 89 91 93 91 88 91 93 88 90 99 110 108 105 103 101 100 99 95 95 93 91 88 86 82 81 80 77 74 74 -999 74 75 74 75 73 72 71 77 78 75 72 72 72 73 76 79 81 85 79 77 77 77 -999 -999 -999 -999 -999 77 71 71 -999 -999
-999 -999 -999 -999 -999 -999 -999 -999 -999 -999 -999 -999 -999 -999 -999 -999 -999 -999 74 76 76 81 78 81 83 87 84 85 84 86 88 89 84 86 88 88 89 89 88 89 93 89 92 101 108 107 105 103 101 100 98 95 93 92 86 85 85 81 79 76 75 75 75 -999 -999 75 -999 -999 -999 -999 73 71 79 76 77 79 81 84 86 84 84 84 83 83 -999 -999 -999 -999 -999 -999 -999 -999 73 -999 -999 -999
-999 -999 -999 -999 -999 -999 -999 -999 -999 -999 -999 -999 -999 -999 -999 -999 -999 -999 75 75 76 -999 -999 -999 82 85 89 84 84 85 87 87 84 87 86 84 85 86 87 86 89 89 91 99 106 106 105 100 94 98 97 96 91 91 89 84 83 79 77 -999 -999 -999 -999 -999 -999 -999 -999 -999 -999 -999 72 -999 -999 77 77 76 77 84 80 79 82 77 77 -999 -999 -999 -999 -999 -999 -999 -999 -999 -999 -999 -999 -999
-999 -999 -999 -999 -999 -999 -999 -999 -999 -999 -999 -999 -999 -999 -999 -999 -999 -999 -999 76 -999 -999 -999 -999 86 89 90 85 88 85 86 85 85 85 -999 -999 -999 -999 -999 -999 -999 88 90 98 102 105 102 101 93 97 95 92 90 88 87 85 81 -999 -999 -999 -999 -999 -999 -999 -999 -999 -999 -999 -999 -999 -999 -999 -999 75 81 82 81 77 76 80 78 75 74 -999 -999 -999 -999 -999 -999 -999 -999 -999 -999 -999 -999 -999
