grids/precipitation/mar/RSMS_03_1882_01.asc
NCOLS 654
NROWS 866
XLLCORNER 3280414.711633467
YLLCORNER 5237500.62890625
CELLSIZE 1000
NODATA_VALUE -999
[rows 530 to 582 of 866, columns 192 to 287 of 654]
40 38 37 33 32 31 30 30 30 29 29 29 29 28 29 28 27 29 30 30 32 32 31 31 32 31 31 33 33 33 34 35 36 37 39 38 38 39 42 46 47 48 50 51 51 52 53 52 48 45 50 53 50 46 46 45 48 46 52 51 52 53 55 54 57 57 55 54 52 56 52 53 55 51 49 52 53 54 50 50 50 53 56 55 54 53 60 54 54 57 56 56 57 62 54 53
38 37 35 33 32 32 30 29 29 29 29 29 29 28 27 29 29 29 29 30 32 31 31 30 30 30 31 31 32 34 37 38 36 36 37 38 40 45 42 46 45 47 48 51 50 53 53 52 50 45 49 54 51 47 47 49 52 54 50 53 55 56 58 59 57 55 57 53 53 52 53 55 54 50 48 50 53 50 48 51 55 58 60 58 55 55 53 53 53 53 55 57 51 54 53 49
41 37 33 33 32 31 30 29 29 29 29 29 29 30 30 29 30 29 29 31 32 30 30 30 30 30 30 32 35 37 36 38 41 37 38 38 38 38 43 44 46 46 50 49 53 53 51 50 51 45 48 53 51 48 48 50 50 54 54 58 57 58 58 59 57 57 58 55 51 52 50 52 53 51 49 52 51 51 48 54 57 60 60 55 54 56 52 52 53 52 55 51 52 51 53 53
40 37 35 32 32 30 29 29 29 30 29 29 29 29 30 31 29 27 29 30 30 29 30 30 30 30 32 33 35 35 35 39 38 38 39 39 40 44 44 45 42 46 51 51 53 53 51 48 49 45 46 49 48 49 50 48 48 51 57 58 59 59 57 60 57 55 53 52 53 49 48 51 53 46 48 46 46 48 50 52 55 59 59 56 54 51 50 51 50 53 54 50 49 50 53 50
37 36 34 33 32 30 29 29 30 30 29 29 29 30 31 30 29 30 29 29 29 29 30 31 31 31 33 33 34 34 37 37 36 38 38 39 40 41 41 40 43 44 46 53 52 53 52 48 45 45 46 46 48 52 50 54 52 49 54 56 60 55 53 54 55 57 54 50 52 53 48 48 46 47 48 48 51 50 54 53 55 57 55 55 53 50 51 50 49 50 52 52 48 50 50 50
37 36 35 34 33 33 30 30 30 30 29 29 30 32 31 30 30 29 29 29 29 29 30 31 32 32 33 33 33 36 36 36 36 38 38 37 38 38 37 42 44 46 48 52 54 54 51 46 44 48 46 49 52 54 51 54 53 55 53 53 56 52 55 56 57 57 59 54 50 52 48 46 49 49 53 52 53 51 53 52 53 53 53 53 51 51 50 49 50 51 51 53 50 45 50 49
37 38 35 33 34 33 32 32 31 30 29 30 32 32 30 31 30 30 29 30 31 30 31 32 32 32 32 33 35 36 35 36 40 36 37 38 37 36 39 42 42 43 46 50 51 50 49 44 44 45 45 48 52 52 55 54 55 54 56 55 56 51 55 59 59 57 57 56 52 50 47 50 50 50 54 53 51 50 50 53 53 53 50 48 47 50 48 51 51 52 50 49 50 46 47 46
37 37 36 35 34 33 33 32 31 31 30 30 31 32 30 30 30 30 29 32 30 31 32 32 32 32 32 33 36 35 35 35 38 37 38 36 38 38 42 44 46 46 48 50 48 47 49 44 48 47 48 50 46 50 49 52 54 58 60 56 56 54 55 58 60 60 57 55 52 52 51 45 48 52 53 53 52 53 53 49 54 54 51 50 48 49 49 49 50 51 50 50 49 46 44 45
37 37 36 35 34 33 33 34 33 32 31 30 32 31 31 30 30 30 30 31 31 31 32 32 32 32 31 32 34 35 35 35 37 37 37 37 38 40 44 46 48 47 48 48 45 48 45 46 46 47 53 50 48 54 56 52 54 56 58 54 56 54 52 55 58 59 59 59 58 53 47 48 50 50 50 55 54 55 54 53 53 53 50 46 48 49 47 48 49 48 49 48 49 48 47 45
38 38 36 34 35 35 33 33 34 32 31 31 32 31 31 30 30 32 31 32 32 31 32 31 32 30 31 32 34 32 33 36 36 36 36 38 38 39 44 46 47 50 50 46 44 50 49 44 46 50 50 56 52 50 50 57 58 58 58 57 55 54 51 55 60 60 61 62 58 55 50 45 49 53 53 54 56 55 55 55 53 55 51 43 48 47 46 48 48 47 48 46 46 45 45 45
37 37 36 35 33 34 33 33 33 32 32 31 31 31 30 30 32 32 33 31 30 30 31 31 31 30 32 34 33 32 34 35 35 35 36 38 38 38 41 44 46 46 44 44 46 49 48 44 44 48 50 53 58 56 55 52 59 60 57 57 58 53 52 52 55 59 60 60 57 54 53 46 47 48 53 56 54 53 53 53 53 53 50 45 48 45 45 46 47 45 45 44 43 43 43 42
36 36 35 34 33 34 33 33 33 32 32 32 31 31 30 31 32 32 33 32 31 30 30 30 30 31 32 32 32 34 34 34 36 37 36 36 37 38 40 44 44 44 44 47 50 52 48 44 49 46 50 53 57 61 61 59 56 61 62 58 54 54 56 55 53 59 60 55 60 53 49 48 48 53 50 56 55 50 53 50 49 48 45 47 44 45 44 45 45 44 43 42 42 41 40 43
36 35 34 33 33 33 32 33 33 32 33 32 32 32 31 32 33 32 32 31 31 30 30 31 31 31 31 31 32 32 33 35 36 35 35 36 37 38 42 42 43 44 44 45 47 53 46 45 48 53 53 52 58 62 63 62 61 61 61 61 58 55 58 57 55 57 60 57 55 55 55 52 46 51 50 53 55 48 49 52 50 50 49 46 46 45 45 45 44 45 44 43 40 40 40 44
36 35 33 32 32 32 33 34 32 34 33 32 32 32 33 34 32 32 31 30 30 30 30 30 31 30 31 31 31 32 33 33 34 34 35 36 37 38 42 44 43 44 44 47 48 51 46 46 50 55 57 60 60 61 63 62 63 63 63 59 57 57 59 60 60 60 57 56 53 54 53 50 50 46 52 55 53 52 45 48 48 49 46 43 44 43 42 42 42 43 43 40 40 39 41 42
35 34 33 33 33 33 34 34 34 34 35 33 32 32 32 33 32 30 30 30 30 30 30 30 30 30 30 30 31 30 32 33 34 35 36 36 37 39 42 43 43 43 44 48 49 47 50 50 48 51 53 54 58 62 64 63 63 60 64 62 62 59 60 61 62 60 55 54 53 52 54 53 53 47 48 50 53 51 49 42 48 48 43 42 42 42 42 39 42 41 40 40 38 40 43 43
34 33 32 32 32 32 34 35 36 34 34 32 31 30 30 31 30 30 30 30 30 30 30 30 30 30 30 30 30 30 31 34 36 35 36 37 38 39 40 43 44 44 46 51 54 47 51 52 48 51 51 54 54 54 58 62 65 63 63 62 61 61 61 57 62 60 61 58 55 52 50 49 50 50 48 48 54 53 50 47 45 42 40 39 42 41 38 39 40 39 39 37 39 42 41 42
32 32 32 31 31 32 34 32 32 31 31 30 30 29 29 29 29 29 30 29 30 30 30 30 30 30 30 30 30 30 32 35 37 38 37 37 38 39 41 44 44 47 49 55 51 52 54 52 51 52 58 52 56 63 58 61 67 67 67 63 65 66 63 65 63 61 59 58 53 53 55 53 53 48 47 55 54 48 43 45 45 41 39 37 40 38 39 39 41 37 37 42 38 40 39 35
32 32 32 31 31 31 32 31 30 30 29 29 29 29 29 29 29 30 30 30 30 30 30 30 30 30 30 30 30 30 32 35 37 38 38 37 38 39 40 43 46 46 49 50 49 55 57 56 57 54 59 60 59 57 64 65 68 69 68 66 65 65 63 63 62 61 58 58 59 56 57 57 55 50 47 54 55 53 47 45 45 42 39 39 41 39 37 39 39 37 39 37 38 39 37 34
32 32 32 31 31 31 32 31 30 30 29 29 29 29 29 29 29 29 30 30 30 30 30 30 30 30 30 30 30 31 34 37 37 40 39 38 38 40 41 46 46 47 47 49 48 48 51 55 53 57 57 62 62 63 63 67 66 67 71 67 64 62 62 63 63 63 60 56 61 61 58 58 52 50 47 52 55 53 50 44 44 42 42 41 39 35 36 35 35 36 37 35 40 34 34 34
32 31 30 30 30 31 31 30 30 29 29 29 29 29 29 29 29 29 29 30 30 30 30 30 30 30 30 30 31 32 33 36 38 39 39 38 40 40 44 46 49 46 48 50 47 48 50 52 51 51 55 58 63 62 65 66 67 67 65 66 63 59 64 63 66 63 62 60 62 58 56 56 53 55 49 53 55 51 50 45 39 41 40 41 37 37 42 36 35 34 34 35 35 34 34 37
31 30 30 30 29 29 29 29 29 29 29 29 29 29 29 29 29 30 31 31 31 31 31 31 31 30 30 30 32 32 33 36 38 39 38 39 41 42 45 47 45 47 47 46 47 47 49 49 50 55 56 60 63 63 65 65 63 64 63 62 60 65 68 67 67 66 62 66 63 63 58 55 53 53 49 49 54 49 47 41 45 47 41 39 41 42 45 40 36 36 37 34 34 34 35 39
29 29 29 29 29 29 29 29 29 29 29 29 30 30 31 29 29 29 31 32 32 31 31 31 31 31 31 31 32 32 34 35 38 38 38 38 43 44 47 44 47 47 47 47 47 46 48 48 51 56 59 60 63 62 61 65 63 62 65 62 58 63 61 69 70 69 70 68 64 61 58 58 52 53 47 50 53 53 50 42 44 48 46 42 41 49 43 39 38 39 41 38 38 40 38 40
29 29 29 29 30 30 30 30 30 29 29 30 30 31 30 30 29 29 31 31 31 31 30 31 31 31 31 31 31 31 33 33 34 36 38 39 43 42 42 46 47 48 47 47 46 46 48 49 55 52 59 62 62 62 61 62 61 62 62 63 58 61 66 65 69 66 67 67 65 61 59 54 53 51 50 47 53 53 50 44 41 49 47 47 44 44 41 41 41 40 41 40 42 41 41 41
29 29 29 29 30 31 31 30 30 29 29 29 29 30 30 30 30 30 30 31 31 31 31 31 31 31 30 30 31 32 33 33 34 35 37 40 44 50 45 48 48 48 45 47 47 46 49 53 53 58 59 62 62 62 61 59 62 60 62 59 56 57 61 66 69 67 66 67 64 61 62 58 58 56 52 46 53 53 42 44 46 48 47 45 43 42 45 41 42 43 40 41 41 41 41 41
29 29 29 30 30 31 31 30 30 30 30 30 30 30 30 31 31 31 31 30 31 31 31 30 31 30 30 30 30 31 33 33 35 37 38 43 49 45 47 46 45 48 46 45 45 46 48 53 57 58 60 61 63 61 63 63 58 63 58 60 55 61 58 61 66 64 66 64 66 61 57 59 57 56 50 46 44 48 47 44 47 47 47 44 42 44 47 41 41 39 39 39 40 40 40 40
30 30 30 30 30 30 30 30 30 30 30 31 30 30 30 31 31 31 31 31 31 31 31 30 30 30 30 30 30 31 33 33 35 37 40 44 44 47 47 41 43 43 46 44 44 46 47 48 53 53 62 61 62 63 63 62 63 62 62 56 60 57 58 58 61 64 66 59 64 62 57 59 55 55 48 47 43 45 43 47 48 46 45 43 42 44 45 41 39 39 38 41 40 41 40 38
30 30 30 30 30 30 30 29 29 29 30 30 30 30 30 31 31 31 31 31 31 31 30 30 30 30 30 30 30 31 32 33 35 36 38 42 46 42 43 40 40 41 42 42 47 48 51 55 52 55 60 64 60 63 64 64 60 60 63 61 58 58 54 56 56 62 66 62 59 58 54 55 51 52 46 44 43 49 50 48 47 46 45 43 43 45 44 41 41 38 41 40 40 40 40 37
30 29 29 29 30 30 29 29 29 30 29 30 30 30 30 31 31 31 31 31 31 31 30 30 30 29 30 30 30 31 32 33 35 36 41 44 42 40 42 44 42 41 45 47 46 49 50 56 57 60 59 63 58 64 64 66 63 60 61 63 61 58 58 54 55 58 62 66 63 62 64 60 62 55 48 55 49 42 44 48 47 46 44 43 43 45 43 42 41 39 41 41 39 38 38 38
29 30 30 29 29 29 29 29 30 30 30 30 29 30 30 30 31 31 30 31 31 31 31 31 30 29 30 30 31 31 32 32 34 35 38 39 43 39 38 43 44 42 44 46 46 46 48 51 52 61 63 60 64 64 67 66 63 64 59 61 58 56 57 56 55 56 66 64 67 69 69 66 62 53 47 56 54 49 41 46 45 46 44 41 42 45 42 40 41 41 39 39 38 38 39 38
29 29 29 29 29 29 30 30 29 29 30 29 29 29 30 30 30 30 31 31 31 31 31 30 30 30 30 30 31 31 32 32 32 33 36 37 41 38 42 42 40 40 44 47 47 46 48 48 57 55 63 66 64 69 65 66 65 63 57 63 60 61 61 62 59 54 62 59 66 67 64 62 57 51 50 55 54 51 49 40 42 43 43 41 41 41 42 42 40 40 40 38 40 40 38 38
28 28 29 29 29 29 29 30 30 30 30 29 29 29 29 30 30 30 30 31 31 31 31 31 30 30 30 31 31 31 32 32 32 33 38 38 38 38 40 38 39 39 43 44 45 44 46 52 52 53 58 64 69 67 63 62 65 65 61 62 62 64 61 62 68 65 55 61 63 60 63 57 51 58 56 52 51 51 43 44 42 41 40 40 43 44 42 40 40 41 39 37 40 40 39 36
28 28 28 28 28 28 28 29 30 30 29 29 29 29 29 29 29 30 30 31 31 31 31 30 31 30 30 31 31 31 31 32 32 32 38 37 40 38 38 39 38 38 40 43 45 44 46 49 48 50 55 58 60 63 66 63 60 60 60 60 61 65 65 69 70 69 62 55 59 55 58 53 55 57 54 52 51 47 42 47 46 46 45 42 41 41 41 41 38 40 40 41 40 40 37 36
27 27 27 26 27 27 28 29 29 28 29 29 29 29 29 29 29 30 30 30 30 30 31 31 31 31 31 31 31 31 32 32 32 32 37 35 36 37 37 38 38 38 40 40 42 44 45 46 51 54 57 60 64 63 66 62 65 61 64 66 69 69 73 75 74 68 66 55 58 53 53 56 58 58 55 49 49 49 42 45 45 43 43 46 40 41 38 41 41 42 42 42 39 40 39 36
24 25 26 25 26 27 27 27 27 27 28 29 28 28 29 29 29 29 30 30 30 30 30 31 31 31 31 32 31 32 32 33 32 32 33 35 35 35 36 37 37 38 40 43 43 44 48 50 55 55 61 58 57 60 65 63 63 62 62 66 73 74 75 75 75 74 67 62 56 55 61 55 59 57 54 51 49 51 48 44 42 42 44 46 45 39 42 44 44 44 42 41 40 39 39 35
23 24 25 25 25 26 27 27 26 27 28 28 28 28 29 29 28 29 29 29 30 30 30 31 31 31 31 31 31 31 32 33 33 32 33 33 33 33 35 37 38 44 45 43 45 43 46 50 57 55 59 62 59 63 65 66 66 62 69 70 70 74 75 72 74 74 66 64 56 56 56 58 55 57 55 52 50 49 50 46 43 42 42 46 45 41 41 41 44 43 41 40 40 37 38 35
23 23 23 23 24 25 26 26 26 26 27 27 27 28 29 29 28 29 29 30 30 30 30 30 30 30 30 31 31 31 32 32 33 32 33 33 33 33 35 38 42 40 46 45 46 48 48 48 48 52 54 58 59 63 64 62 68 69 70 73 73 77 76 76 72 73 69 65 58 55 57 60 58 55 54 53 50 48 49 50 45 43 41 44 43 41 43 43 43 43 41 39 39 39 35 35
22 21 22 22 23 24 24 25 25 26 26 27 27 28 29 29 29 29 29 29 29 29 30 30 30 29 30 30 31 32 32 33 33 33 33 33 34 34 34 38 41 44 45 46 47 44 48 50 53 52 55 57 60 63 62 65 64 70 67 73 72 78 78 77 77 71 73 70 65 57 56 61 59 54 54 53 51 48 49 50 51 49 42 43 46 42 39 43 44 40 39 40 39 35 38 40
21 21 21 21 22 22 23 23 23 24 25 27 27 27 28 29 29 29 28 28 28 29 29 30 29 30 30 31 32 32 33 34 34 34 34 34 34 34 35 38 39 40 44 45 45 46 50 50 56 50 50 55 60 62 64 63 69 70 66 74 75 75 82 82 81 78 78 75 70 62 56 62 61 57 54 53 53 50 50 50 50 46 42 43 45 45 41 45 42 42 41 36 41 42 42 41
20 20 20 21 21 21 22 22 23 24 25 26 26 26 27 28 29 28 28 28 28 29 29 30 29 30 31 31 32 32 33 34 34 33 33 34 34 33 36 38 40 42 45 49 48 46 51 52 55 54 52 57 61 60 62 66 68 68 70 72 71 72 81 77 84 82 77 73 72 63 56 61 60 60 56 53 53 52 52 51 51 47 45 42 44 47 40 39 40 40 41 38 40 40 43 40
20 20 20 20 21 21 21 22 22 23 24 25 26 26 27 28 28 29 28 28 28 28 28 29 30 29 30 31 32 32 33 34 33 33 33 34 33 34 37 40 39 43 44 47 51 48 50 52 56 56 59 58 61 63 65 66 66 69 67 70 73 75 72 74 82 81 77 68 63 59 66 61 60 60 57 54 55 53 53 53 53 46 48 44 42 46 42 44 39 40 41 44 43 43 42 40
20 19 20 20 21 20 21 21 22 23 24 24 25 27 27 27 28 29 29 28 29 29 28 28 29 29 30 31 31 32 33 34 34 34 34 33 34 34 34 36 38 40 46 46 51 52 51 54 53 54 55 60 60 61 63 66 65 65 71 72 83 75 72 70 77 79 71 66 62 66 67 63 63 59 56 55 54 53 53 53 53 51 47 44 43 41 46 44 44 42 42 43 43 45 42 39
19 19 20 20 21 21 21 20 21 21 23 24 25 25 27 27 28 28 29 28 29 28 29 28 28 29 30 31 31 32 34 34 34 34 33 33 33 34 33 34 36 40 40 46 46 55 56 56 54 57 57 60 60 61 63 65 66 71 73 79 80 75 74 68 70 78 77 73 62 64 65 63 63 60 57 56 56 54 53 53 52 53 49 45 44 42 42 42 41 45 44 42 44 42 41 40
19 19 19 20 20 20 20 20 20 21 23 24 25 25 26 27 28 29 29 29 29 29 29 28 28 28 30 31 32 32 34 34 34 34 34 33 33 33 33 35 34 39 42 45 51 51 57 58 50 57 57 58 58 61 65 66 68 73 78 75 74 81 80 71 67 70 76 71 68 61 66 61 63 61 59 56 56 56 55 52 55 53 51 48 47 43 41 42 45 41 40 42 44 42 42 39
19 19 19 19 19 19 20 20 21 21 22 25 25 25 26 27 27 28 29 29 29 29 29 29 29 30 32 34 34 35 34 34 34 36 35 33 33 33 32 35 36 36 38 44 49 52 55 56 51 52 57 58 59 60 66 68 69 73 81 77 73 74 81 80 69 74 67 73 70 63 66 62 60 61 59 56 53 55 53 54 51 50 50 49 46 42 40 40 39 44 45 43 44 40 41 42
19 18 18 18 18 18 19 20 21 21 23 23 24 25 26 27 27 29 29 29 29 29 29 29 31 32 32 34 34 35 34 34 34 37 36 37 34 33 32 34 35 36 39 43 44 46 52 54 53 51 55 59 60 62 67 69 74 79 75 80 82 81 75 78 81 80 73 65 72 67 62 61 61 58 58 54 55 53 52 53 52 50 49 48 43 42 40 40 45 46 47 45 45 42 39 42
18 17 18 17 17 18 19 20 21 22 23 23 23 24 25 26 27 27 28 29 29 29 29 31 32 35 34 34 34 33 34 34 36 37 38 37 37 33 32 33 35 38 39 43 44 47 50 53 52 55 58 58 59 57 63 69 77 74 75 80 82 82 84 82 78 79 77 74 65 70 59 59 63 59 59 56 56 56 53 53 51 49 50 46 43 41 40 38 39 44 44 44 41 42 41 41
18 17 18 17 17 18 19 20 20 22 22 23 23 24 25 26 26 27 29 29 30 29 29 32 33 35 36 34 34 34 36 38 37 35 37 38 38 38 33 33 38 37 38 43 45 46 50 52 49 52 57 58 59 59 63 69 77 71 72 79 81 81 83 83 81 75 77 73 73 64 65 61 60 60 60 58 57 56 54 51 50 50 50 49 44 42 42 40 39 41 46 43 42 42 41 40
18 18 17 17 17 18 20 20 21 22 24 23 24 25 25 27 27 28 28 29 30 29 28 31 32 34 38 38 36 37 38 37 38 35 38 41 40 40 37 34 33 38 38 40 44 47 51 47 48 51 54 58 53 62 64 71 78 73 72 76 80 80 82 82 78 80 76 72 74 67 64 61 60 60 59 58 56 55 55 54 51 51 52 49 49 45 47 42 39 42 44 42 39 41 41 41
18 18 17 17 18 19 20 22 23 24 24 24 25 27 27 27 28 29 29 29 29 30 28 31 32 37 39 39 38 38 35 38 37 37 35 40 41 40 37 35 35 36 37 43 48 48 49 48 46 47 47 48 57 61 66 71 76 77 79 69 78 78 81 80 79 77 77 78 73 70 65 66 64 63 61 56 54 53 53 54 53 54 52 48 48 45 45 44 37 42 45 43 42 40 40 39
19 18 18 19 20 19 21 22 25 25 25 27 27 27 27 28 27 30 29 30 30 30 29 32 33 36 39 39 39 40 37 34 36 39 35 41 41 41 41 36 37 42 40 41 46 47 48 42 51 53 54 51 55 60 64 66 70 75 77 78 76 79 75 81 81 79 80 78 77 73 66 65 66 68 61 60 60 58 54 53 55 53 52 52 48 45 44 46 40 37 43 42 41 40 39 39
19 19 19 20 21 21 22 24 26 27 27 27 26 27 28 28 28 29 30 30 31 31 31 31 32 34 39 39 39 40 39 38 34 34 39 37 41 42 41 36 37 38 42 46 44 42 49 42 50 52 60 56 61 58 62 66 70 74 74 78 78 72 71 80 81 80 81 80 80 77 68 65 70 65 62 60 61 60 56 55 54 54 51 52 49 46 48 43 43 38 39 39 41 39 40 40
19 20 20 21 21 22 24 26 25 27 29 28 27 27 28 29 28 29 30 29 31 33 32 32 33 34 34 38 40 41 39 35 34 40 38 41 38 39 40 37 38 36 37 39 42 40 39 42 45 50 57 58 62 62 62 65 65 67 76 72 77 78 69 77 80 80 79 80 76 71 75 66 69 68 63 62 61 59 56 55 54 51 52 51 50 51 48 47 44 39 38 40 41 40 41 40
20 20 21 22 24 23 25 27 28 29 30 29 30 29 29 29 29 31 31 30 32 33 33 32 33 38 36 39 38 36 37 36 35 39 39 39 39 38 37 37 39 38 38 38 39 38 37 43 46 53 57 54 59 58 62 60 61 66 72 74 77 76 75 67 74 78 76 75 74 71 73 69 64 66 62 62 58 57 57 55 55 52 53 50 51 47 48 45 43 41 38 42 42 40 42 42
