grids/precipitation/mar/RSMS_03_1881_01.asc
NCOLS 654
NROWS 866
XLLCORNER 3280414.711633467
YLLCORNER 5237500.62890625
CELLSIZE 1000
NODATA_VALUE -999
[rows 450 to 494 of 866, columns 96 to 191 of 654]
162 155 162 173 175 170 182 172 173 178 180 178 175 172 183 183 179 185 187 189 195 189 179 177 172 171 171 167 176 174 181 183 183 188 190 192 184 179 171 166 179 176 173 179 181 176 181 170 171 166 161 159 160 164 160 167 172 175 179 168 175 162 178 170 186 194 202 197 197 190 200 184 189 185 178 175 165 160 161 160 158 153 146 134 131 141 138 126 139 128 140 152 134 134 118 128
151 162 167 164 161 166 172 175 183 188 167 183 175 185 186 175 180 180 167 194 187 182 175 182 187 190 190 177 175 160 174 175 183 190 196 189 181 174 171 176 173 170 171 178 184 184 179 182 179 169 156 159 165 165 175 162 164 177 168 168 161 162 165 175 199 189 195 197 194 194 195 187 185 182 179 175 165 165 170 162 169 158 150 144 134 141 134 126 137 129 134 141 136 131 120 133
151 159 153 164 169 174 182 183 186 168 168 173 175 177 169 190 164 189 175 162 172 171 184 185 189 184 184 172 166 161 174 170 181 186 192 181 182 179 181 181 182 168 170 170 171 176 180 182 180 164 156 160 168 191 181 172 159 168 168 173 163 166 168 174 196 198 198 190 189 197 195 184 190 187 182 174 169 174 165 164 169 162 157 141 136 138 145 130 130 124 123 122 130 119 117 116
153 157 162 171 162 161 169 165 173 180 182 188 186 182 185 189 182 180 172 171 177 180 175 189 180 182 179 174 175 166 170 167 173 180 193 195 192 187 187 182 176 170 172 176 171 175 172 174 172 175 160 157 162 172 173 164 159 160 165 161 156 179 173 173 191 193 193 195 197 189 192 184 192 199 189 175 177 179 174 174 162 167 159 157 156 140 149 142 132 123 127 127 125 116 128 121
146 164 164 156 159 156 162 179 185 195 191 182 194 190 192 187 175 177 174 180 174 179 177 175 174 182 171 177 174 176 173 174 175 186 188 185 182 180 185 185 179 177 177 179 171 172 174 174 171 170 159 159 162 162 167 165 158 160 158 163 172 164 170 185 193 196 194 184 188 192 194 184 192 189 177 192 180 179 174 169 162 160 167 162 151 149 148 138 135 119 128 125 122 127 121 124
159 157 161 161 149 162 174 184 194 200 190 184 179 184 192 195 187 190 169 167 166 175 174 175 179 167 172 173 176 171 174 176 186 176 185 181 180 177 185 185 181 181 182 186 178 178 173 173 170 164 167 160 154 167 157 156 160 174 168 159 161 169 173 178 177 185 184 186 189 194 191 184 191 184 176 183 178 166 173 173 153 164 164 156 160 149 134 134 131 121 127 125 118 122 115 125
157 157 157 146 146 164 162 169 184 190 195 194 192 190 189 184 175 167 180 177 172 164 169 167 167 169 171 174 176 179 170 181 178 178 178 180 175 181 183 188 178 186 180 180 180 178 177 175 167 160 160 157 154 162 161 160 170 165 165 159 172 166 164 170 168 178 182 188 193 188 184 184 188 179 173 166 173 173 159 159 163 154 162 153 149 147 130 134 115 123 122 134 130 118 119 124
157 156 144 141 161 169 167 177 180 184 184 187 189 182 185 182 180 184 175 177 172 171 172 172 161 172 169 173 168 170 179 171 170 170 171 178 180 185 188 183 185 183 181 183 177 178 181 175 167 160 167 167 159 156 168 165 166 158 167 159 172 179 164 165 172 173 183 185 191 186 178 189 186 174 179 171 173 159 153 148 151 155 170 149 139 156 131 130 112 106 117 116 116 120 120 123
154 148 138 149 154 156 162 169 171 179 180 175 175 177 179 175 179 175 180 174 179 180 166 162 175 159 166 169 164 161 173 176 179 183 181 173 179 185 181 185 186 188 189 181 178 178 179 180 173 168 176 162 161 155 158 160 161 164 157 172 162 159 156 172 185 186 182 177 182 178 173 180 170 167 173 165 158 160 167 152 160 152 158 151 148 146 125 122 117 123 118 114 126 122 105 118
140 134 138 151 148 146 156 160 161 170 167 166 174 169 177 171 172 175 167 162 167 161 162 159 166 169 172 159 161 174 178 181 173 184 179 183 179 178 178 176 184 191 187 187 184 179 178 176 170 170 166 168 163 166 158 161 172 174 156 164 156 156 159 162 157 174 182 177 171 168 173 162 160 160 163 172 167 168 165 152 143 151 148 141 139 148 132 129 122 125 113 117 137 127 115 107
142 129 137 144 143 148 147 147 155 161 160 164 164 167 179 174 162 167 157 161 164 161 167 166 162 161 164 164 164 166 170 176 179 179 184 184 181 168 168 174 178 179 184 173 171 173 178 173 170 163 166 170 168 158 156 166 166 157 156 162 154 159 156 156 157 177 156 157 164 162 167 168 160 175 172 170 162 157 150 154 146 141 154 150 132 134 124 122 123 126 119 126 126 122 115 118
129 127 134 143 138 139 145 153 155 161 158 159 161 166 164 167 159 159 167 162 166 169 169 164 162 157 162 167 166 167 172 173 178 174 171 171 173 176 160 168 174 178 173 174 168 165 174 171 166 170 170 161 165 171 161 156 166 156 154 153 154 156 162 162 154 156 159 156 144 153 161 163 163 170 175 163 160 153 156 174 153 156 145 140 135 129 123 131 125 122 118 122 127 131 133 114
122 132 140 140 130 142 147 145 147 147 152 148 156 159 157 156 156 167 167 166 164 164 167 164 159 157 161 166 167 166 179 177 177 171 166 164 177 172 159 166 161 172 167 167 163 176 172 171 170 163 166 169 171 175 162 157 164 167 162 175 172 151 151 164 166 157 148 148 156 151 148 151 164 171 160 165 159 146 153 175 166 148 150 139 133 128 141 138 139 138 122 118 119 129 119 122
117 132 132 126 132 140 143 143 145 142 143 150 150 150 153 149 149 156 164 167 159 166 162 169 164 159 164 161 166 174 179 175 169 169 161 172 172 166 153 157 157 161 162 161 159 164 169 164 171 166 169 164 162 167 166 159 167 162 177 172 167 159 153 153 159 162 146 164 162 164 156 164 171 174 167 159 153 159 162 163 160 153 137 133 125 133 133 138 144 132 123 112 113 118 114 118
117 129 124 139 135 143 143 139 140 145 145 147 145 143 145 149 151 159 161 161 154 157 162 149 162 157 159 167 169 164 174 166 177 169 171 159 166 159 151 157 159 156 164 157 162 164 166 164 171 167 162 167 164 157 162 162 159 167 172 157 157 164 153 149 149 153 157 166 167 171 169 169 177 177 171 177 161 154 152 153 152 148 143 125 125 125 136 141 141 130 126 107 118 108 106 111
122 121 124 132 139 139 139 135 140 140 147 145 143 145 140 151 154 154 149 149 161 157 154 157 153 154 166 164 164 162 171 157 167 162 169 169 157 148 157 154 159 154 149 162 157 162 164 159 169 167 179 172 174 162 156 159 161 161 161 161 154 169 167 156 151 157 153 166 156 156 159 172 167 164 174 167 166 167 160 156 152 150 138 134 126 122 122 130 138 142 126 107 105 111 105 100
126 127 127 135 135 127 127 137 135 139 142 145 145 139 147 152 152 151 151 149 144 146 146 151 159 167 167 161 162 164 161 166 159 172 175 164 161 159 153 161 161 153 144 154 149 154 153 161 171 171 177 174 166 162 164 162 164 162 157 164 156 157 157 162 153 154 148 149 166 157 166 175 174 161 169 169 170 165 161 148 140 141 141 130 128 136 123 129 135 125 126 115 103 107 104 97
119 119 130 132 129 126 132 137 142 140 140 139 140 135 150 148 147 147 144 153 153 153 161 162 159 156 149 159 159 149 154 156 146 167 172 159 161 156 153 156 149 144 143 143 151 161 162 167 167 177 161 180 162 157 162 174 164 164 161 151 149 151 154 156 162 164 164 153 157 175 167 166 156 161 171 170 166 156 156 154 141 130 131 139 136 136 121 129 125 118 114 109 102 101 108 103
114 122 129 130 127 130 134 135 139 134 137 137 135 135 143 142 142 143 155 154 157 162 166 157 151 156 157 146 159 151 153 153 144 156 156 157 149 148 156 156 156 149 144 146 164 156 172 179 167 159 157 159 161 169 167 175 167 172 171 151 161 159 153 153 156 154 159 164 172 174 166 161 150 160 168 165 166 156 160 143 144 134 134 139 136 126 127 125 117 118 111 106 107 105 103 106
116 121 127 126 119 130 132 137 129 135 129 135 140 139 140 142 147 155 158 162 169 148 148 153 151 148 141 153 153 138 144 154 143 146 148 154 154 149 144 151 153 146 139 144 156 156 161 182 174 162 149 159 159 172 172 179 172 167 162 156 159 162 149 151 154 161 159 174 172 164 163 170 161 148 156 163 158 156 152 149 134 141 134 128 125 127 127 125 118 116 110 112 119 116 106 116
109 119 117 117 116 129 127 122 119 122 140 139 140 140 142 145 147 155 158 155 145 147 148 154 151 148 143 148 148 136 133 141 138 138 143 146 139 149 151 149 148 153 143 154 146 144 156 157 162 146 157 164 153 156 161 149 153 161 157 166 160 158 153 157 155 163 172 169 166 160 156 166 155 161 153 145 141 147 149 143 136 141 136 140 135 127 131 131 121 115 118 112 112 117 109 119
106 112 117 112 121 126 124 114 124 134 137 143 145 145 148 147 150 145 148 148 140 147 148 134 135 142 134 138 139 144 141 130 133 134 136 141 139 136 143 144 146 153 148 146 143 138 141 143 141 148 161 171 153 169 164 158 161 153 158 156 155 163 153 158 158 170 160 161 156 165 158 152 163 160 148 144 136 134 143 128 133 144 143 135 126 141 134 138 137 123 111 111 110 118 119 109
99 109 114 119 119 117 119 124 124 129 132 137 142 137 139 147 140 143 142 132 134 135 135 145 130 129 129 141 136 141 144 131 139 130 141 133 136 144 144 143 149 149 151 141 141 146 146 162 159 156 171 171 171 159 150 158 163 152 152 153 158 160 160 156 166 158 152 152 166 166 160 148 143 148 160 152 134 131 125 122 141 138 135 130 130 144 134 134 134 125 113 114 122 122 114 99
99 99 111 117 106 108 116 124 127 134 135 134 139 134 143 134 132 137 135 137 135 155 140 132 140 129 126 141 143 144 130 136 136 125 133 130 139 133 130 128 133 143 133 151 138 157 157 161 177 169 154 157 161 153 143 152 143 148 155 152 165 165 171 168 170 156 153 150 158 148 150 147 153 152 144 134 133 128 120 131 131 127 127 130 136 144 142 143 142 128 126 120 121 112 108 105
99 101 101 101 103 103 112 117 119 119 124 135 126 124 130 135 130 135 139 145 150 153 152 132 140 137 126 134 122 132 130 136 124 129 133 133 129 127 125 138 140 130 141 141 135 150 159 157 165 156 151 149 147 142 143 145 153 156 165 155 153 170 170 168 158 152 156 142 145 141 143 149 151 144 144 128 117 131 139 126 129 129 130 136 144 142 144 143 143 145 143 120 112 105 102 100
104 103 103 103 101 111 112 111 98 114 121 112 109 112 117 121 127 129 126 139 139 152 153 148 139 132 126 134 130 126 122 129 126 130 129 127 130 129 132 140 143 129 139 140 132 134 148 161 150 143 142 140 140 145 139 143 152 152 158 170 160 158 161 163 166 158 140 131 131 138 147 157 139 136 128 120 128 146 134 140 134 130 138 146 142 146 147 146 151 141 129 122 114 112 104 102
112 111 109 101 103 99 99 99 99 104 103 117 114 116 114 116 117 127 135 126 134 155 147 142 137 129 135 126 127 129 132 137 129 130 132 129 142 139 130 134 145 139 150 145 140 140 135 139 137 143 150 155 155 150 148 153 143 165 158 160 160 171 168 156 158 145 133 130 136 139 151 143 131 125 120 128 133 133 134 124 121 132 141 139 139 142 143 146 140 137 127 115 112 111 104 106
114 116 111 106 109 109 112 108 109 106 114 108 121 111 124 124 119 122 121 124 148 152 147 140 132 140 132 137 130 129 132 139 142 124 137 152 132 127 130 132 148 134 152 143 147 147 156 145 156 153 150 163 156 153 161 147 148 156 150 163 168 161 160 152 150 135 126 130 139 133 125 125 120 115 131 126 133 133 129 118 134 127 133 136 134 130 136 138 142 133 120 115 108 108 102 107
112 114 106 109 108 111 108 114 116 116 114 111 119 117 129 126 124 126 132 139 148 153 145 135 134 143 135 135 132 129 130 132 137 127 135 139 134 140 143 142 145 139 161 153 156 155 137 139 147 156 158 161 166 158 165 160 153 147 160 166 153 152 153 150 146 138 134 122 131 122 117 118 118 117 125 131 126 134 121 127 126 131 130 128 128 126 128 134 130 122 119 113 106 105 103 102
101 104 114 106 99 112 117 119 121 116 114 112 121 116 124 132 140 130 127 145 147 148 147 135 127 139 135 139 137 134 135 142 135 127 129 137 132 135 148 150 145 143 140 147 161 153 153 145 142 142 155 155 161 165 158 163 166 156 155 156 163 168 166 141 131 125 122 120 126 122 118 117 110 118 118 124 122 118 126 120 125 125 125 125 128 128 131 124 122 126 115 110 105 109 100 97
103 101 112 112 112 108 112 116 124 114 119 116 124 121 124 139 135 135 143 147 147 145 137 129 135 143 148 145 137 142 142 140 135 139 124 139 142 140 150 153 145 147 142 152 158 165 161 152 145 153 142 142 156 148 170 173 170 181 168 166 179 165 149 134 138 131 128 120 122 115 128 117 109 109 114 121 127 113 116 123 134 118 117 125 131 130 124 126 129 122 116 112 115 112 109 106
109 101 103 112 117 104 112 109 122 121 124 124 124 122 121 129 137 137 142 142 142 145 139 132 137 142 140 142 134 142 140 142 142 126 134 140 142 147 148 148 147 150 150 153 158 160 161 163 152 165 143 160 145 156 166 179 174 178 174 179 174 163 144 134 139 131 128 143 136 130 130 115 112 104 121 109 111 116 128 128 123 123 114 122 128 117 126 134 129 125 121 121 120 115 106 98
106 103 106 106 112 111 111 114 116 122 127 126 124 124 132 132 143 140 140 134 139 140 139 134 135 140 137 137 137 132 134 137 137 129 132 134 140 140 142 145 153 158 156 156 160 160 161 161 161 163 152 158 150 166 161 176 174 170 183 172 159 152 146 149 156 144 133 141 136 128 133 128 122 109 108 122 124 126 126 128 118 120 114 110 113 119 121 118 119 120 119 111 103 103 103 100
101 106 103 109 114 109 104 116 117 122 121 121 127 132 132 135 139 135 129 130 135 134 135 135 139 130 132 134 130 137 137 140 139 140 127 127 132 135 142 137 145 143 139 155 156 158 160 160 163 165 155 158 158 163 170 175 178 175 181 173 172 162 147 159 156 138 141 146 134 123 118 118 121 119 106 115 118 122 117 115 115 128 120 118 110 118 114 109 112 117 118 112 111 100 98 95
111 108 106 108 117 114 111 114 111 112 119 124 124 126 127 132 132 130 127 129 135 137 130 130 135 130 132 132 130 132 134 134 140 143 140 129 130 132 134 137 143 142 153 155 155 155 155 160 161 166 163 170 166 173 183 181 177 178 177 175 168 159 159 165 157 144 151 143 133 131 129 124 109 113 106 114 117 110 118 112 122 115 118 110 108 108 108 111 109 109 107 106 108 100 97 99
117 111 108 109 108 114 116 117 117 116 121 124 127 126 127 129 127 127 126 127 134 132 130 134 130 135 132 129 134 139 140 132 135 143 139 139 140 135 130 137 139 140 139 150 148 152 152 153 156 161 166 168 171 171 178 180 180 178 175 170 170 165 167 165 157 160 159 146 134 131 121 114 130 118 106 109 107 110 110 109 109 106 103 110 116 108 103 106 107 104 104 105 105 100 97 95
122 109 109 109 108 109 114 121 126 120 122 126 125 123 121 123 125 123 130 130 130 131 126 131 128 128 129 131 131 128 132 131 134 141 145 139 139 136 130 133 139 143 147 147 149 152 152 156 159 154 160 162 167 168 170 172 175 177 172 168 172 170 173 166 164 162 149 142 137 132 127 122 132 117 109 123 110 117 107 109 110 121 111 114 108 112 104 103 107 109 107 105 100 95 92 92
114 111 111 111 108 108 114 122 118 122 122 120 123 122 120 120 113 126 128 130 125 128 123 125 126 122 128 131 136 138 143 139 128 136 139 143 136 138 141 131 126 128 128 138 139 154 154 154 159 159 157 157 160 168 167 175 177 177 175 172 172 171 172 166 166 166 158 148 140 134 132 128 122 114 107 110 118 117 112 119 118 113 119 111 109 107 109 103 103 100 100 100 102 100 94 94
98 104 111 114 114 111 118 120 117 110 118 123 123 117 117 120 120 125 126 125 126 123 123 126 130 131 138 141 141 139 139 136 134 133 133 134 133 138 134 139 138 144 147 133 141 151 147 156 160 165 162 165 164 164 165 172 178 172 168 175 179 177 172 172 175 166 159 145 135 142 130 122 115 117 107 106 122 118 116 119 121 114 116 111 111 111 104 100 101 101 104 105 100 100 97 95
98 114 114 116 117 116 122 112 110 113 117 118 115 118 117 117 118 115 118 122 126 123 120 128 128 133 130 133 139 139 143 138 136 133 128 133 136 134 139 138 141 147 149 141 139 134 146 156 165 157 159 159 157 160 162 167 172 168 167 175 177 175 179 179 174 169 164 156 150 146 128 118 122 112 107 107 110 118 119 111 108 111 109 106 107 114 106 101 104 106 102 105 97 104 98 98
104 104 112 115 112 113 117 117 112 109 117 120 113 117 117 115 115 118 125 122 120 122 122 125 131 126 131 136 143 141 139 134 133 133 133 136 136 141 143 143 146 149 152 147 146 134 146 159 157 149 154 160 157 156 160 161 163 166 166 169 180 184 184 185 181 176 176 171 157 144 130 130 122 113 115 108 103 113 116 111 103 105 105 100 104 107 111 104 107 113 105 110 96 106 105 98
102 109 117 123 115 112 110 112 112 99 112 113 109 109 115 109 117 122 122 125 122 122 130 125 123 128 133 128 136 133 139 136 139 134 133 131 134 141 147 146 144 151 156 149 141 134 147 149 143 149 157 158 150 153 159 158 159 163 161 166 174 177 182 192 187 182 178 168 154 138 142 145 132 116 110 102 107 113 103 110 103 99 104 106 114 111 109 110 111 111 110 94 94 100 97 91
94 109 105 115 117 104 105 105 99 100 105 100 97 100 104 110 112 113 115 120 117 115 123 120 126 125 128 131 131 131 138 139 141 134 136 134 134 147 154 154 154 151 154 152 139 134 147 139 147 149 148 148 156 155 153 156 156 156 164 167 167 169 179 184 190 189 178 162 156 153 148 140 127 122 107 102 108 111 111 103 97 99 100 104 107 109 117 113 115 111 110 105 98 92 90 93
94 105 100 118 112 109 107 105 112 107 102 100 102 112 107 104 107 110 113 113 112 120 118 118 130 133 133 131 128 134 133 136 139 139 138 143 147 146 151 151 152 154 156 147 141 144 139 146 154 154 155 155 156 155 158 158 156 156 161 171 167 171 176 179 184 184 172 157 151 151 142 137 138 130 118 107 99 103 105 103 99 107 114 117 106 103 107 102 111 104 108 97 98 90 90 88
96 99 104 110 104 110 109 112 97 91 96 105 110 117 109 105 115 117 113 122 112 125 122 117 123 128 130 125 130 133 131 133 131 133 134 146 151 139 138 144 147 154 157 146 144 156 149 155 156 155 150 151 151 153 148 155 158 155 159 166 168 171 171 178 173 169 164 153 142 137 132 124 127 122 113 111 102 96 95 101 101 104 101 107 109 98 100 97 105 100 97 97 97 95 90 87
