grids/precipitation/mar/RSMS_03_1881_01.asc
NCOLS 654
NROWS 866
XLLCORNER 3280414.711633467
YLLCORNER 5237500.62890625
CELLSIZE 1000
NODATA_VALUE -999
[rows 585 to 629 of 866, columns 192 to 287 of 654]
50 50 53 57 60 67 71 73 71 73 77 77 77 78 79 80 83 86 82 86 89 86 91 98 90 86 88 85 94 99 99 92 97 101 97 99 95 89 85 86 89 93 94 97 95 89 76 85 96 115 109 117 105 119 115 116 115 124 113 115 115 138 133 118 129 130 125 123 120 114 112 104 111 110 106 105 99 102 100 97 95 98 90 86 88 89 84 87 90 84 85 80 76 76 76 78
52 53 56 59 64 69 72 74 79 77 81 81 83 81 81 83 81 84 81 87 91 93 91 92 85 84 86 85 96 99 96 91 92 98 101 97 86 89 84 82 86 88 92 95 94 90 84 91 102 114 98 111 111 110 106 111 113 115 109 110 115 127 112 111 122 126 121 118 114 105 101 98 106 104 100 101 95 100 97 100 96 94 92 93 89 83 81 80 85 87 89 85 83 80 75 76
54 56 57 61 66 71 74 78 76 77 81 80 82 82 85 92 90 83 82 84 89 88 90 88 87 87 86 89 97 96 94 88 90 94 93 88 91 94 86 83 82 78 92 94 95 88 87 91 108 117 106 94 105 109 96 106 104 107 114 108 119 108 116 113 107 113 112 113 106 110 108 106 102 101 96 97 98 98 104 100 98 100 97 86 85 81 79 80 82 82 84 88 86 83 73 75
56 57 59 63 68 73 77 78 76 79 83 85 86 89 85 97 93 89 83 85 87 97 92 92 90 89 84 92 99 97 93 88 90 90 90 89 102 92 85 83 81 80 91 91 90 88 87 94 111 113 101 86 90 92 112 100 104 121 131 119 105 109 128 123 106 109 109 115 106 104 98 96 94 94 97 100 106 107 107 101 100 99 97 85 87 87 77 76 81 82 82 83 85 76 73 78
57 57 64 66 72 80 82 80 79 86 86 84 96 85 91 98 94 89 86 86 91 97 100 89 91 97 90 92 95 92 95 95 92 89 85 90 97 94 93 85 81 79 80 82 90 92 91 95 113 94 101 87 115 118 120 116 103 118 130 123 127 116 127 126 107 105 114 112 109 114 106 97 97 99 95 97 102 98 98 100 97 99 96 89 89 84 84 79 82 82 85 80 83 83 76 73
60 61 68 72 79 86 88 82 88 87 87 95 96 107 105 104 100 98 92 95 100 104 102 97 92 88 89 88 88 92 95 99 98 95 92 99 104 104 94 90 84 79 93 91 94 94 89 103 99 91 107 86 100 120 121 120 106 122 122 119 120 116 119 117 107 111 118 102 100 100 104 104 102 91 100 105 104 106 101 97 100 96 98 94 87 86 82 85 88 87 84 87 85 80 80 75
65 76 73 79 87 89 86 92 91 97 99 91 100 103 103 102 102 99 96 100 106 112 106 103 93 100 94 89 92 92 90 95 99 105 107 105 104 95 90 84 83 80 97 99 95 88 93 112 99 86 86 84 115 118 115 110 97 115 114 113 112 114 114 106 94 96 112 110 101 107 98 93 96 96 97 104 99 100 106 100 99 99 97 97 96 92 87 90 89 89 85 87 85 80 80 78
72 78 83 87 92 97 91 93 92 96 106 113 109 114 113 110 104 105 102 104 108 115 110 102 102 102 101 90 100 97 92 94 98 107 107 107 106 97 95 92 87 85 82 101 89 86 93 110 83 87 99 111 117 114 109 110 107 108 108 107 109 110 106 107 102 100 102 110 112 108 108 103 103 99 97 99 99 104 98 97 94 99 95 96 95 91 90 89 89 91 85 85 82 77 80 78
84 103 90 95 102 96 94 94 98 106 118 125 120 109 115 111 106 108 110 113 111 116 107 103 99 98 97 94 103 104 103 96 102 110 109 106 107 94 106 106 97 98 87 82 82 95 103 93 86 90 112 101 102 106 105 109 106 105 104 106 107 106 104 104 103 96 94 105 109 107 105 106 102 102 98 96 102 97 99 95 92 95 93 95 96 96 95 91 86 89 89 84 80 80 81 79
82 99 88 96 97 92 99 103 104 111 120 121 122 118 118 116 118 112 114 117 115 115 111 106 105 108 100 101 95 98 99 103 108 110 111 111 101 102 100 97 98 100 104 84 83 83 88 82 87 108 98 96 106 109 105 104 102 105 104 102 102 101 99 96 92 83 87 90 95 101 101 101 104 101 99 97 100 97 96 95 89 96 96 94 97 97 95 89 87 87 89 85 83 80 79 83
83 91 90 96 94 97 98 115 118 117 120 123 121 112 113 114 112 111 120 125 134 126 115 110 110 109 107 105 108 105 107 103 110 112 109 102 96 107 109 92 92 88 88 87 84 83 83 84 84 89 85 86 107 107 103 102 98 98 101 100 100 99 96 94 82 91 91 82 94 96 92 93 88 102 93 96 96 96 87 87 92 94 94 94 90 93 91 89 88 88 88 86 83 83 81 79
81 92 92 99 110 107 114 126 121 113 118 132 120 114 108 115 118 113 120 124 131 127 121 118 109 105 107 96 107 113 102 104 104 113 104 101 92 99 108 107 104 106 108 103 84 91 84 88 90 103 108 92 98 105 102 99 96 95 97 101 101 96 93 85 89 91 88 80 88 80 84 89 84 93 94 95 95 87 88 93 91 91 93 88 93 90 89 87 85 90 86 84 86 81 81 79
84 89 96 99 96 99 118 127 121 120 114 121 120 110 113 118 123 113 118 123 128 128 127 129 118 114 105 100 100 110 109 106 107 113 112 110 109 92 97 103 111 109 105 85 101 104 108 112 109 116 102 109 86 99 100 97 94 95 101 100 98 97 91 91 90 91 82 89 96 90 82 96 94 96 88 97 88 90 90 95 91 91 91 85 90 89 87 84 90 86 86 86 84 84 80 80
82 88 93 92 97 113 127 135 137 119 111 125 118 114 117 120 117 112 115 117 133 126 129 132 118 113 105 99 102 105 109 114 117 114 111 110 111 99 93 92 106 99 109 85 111 113 116 118 114 112 103 103 105 85 96 97 93 94 99 101 98 97 93 90 81 81 90 95 96 96 93 96 88 85 93 95 84 92 91 96 96 92 89 82 84 82 85 82 86 84 83 86 82 82 80 79
81 90 88 97 110 117 125 124 126 115 113 116 109 110 119 127 114 117 117 126 128 131 127 130 120 114 106 100 102 104 112 116 117 113 115 102 102 105 103 96 90 88 98 90 115 115 116 110 118 116 104 106 103 101 86 86 95 102 101 102 99 96 95 93 89 89 94 93 92 94 89 94 91 83 84 81 92 92 95 95 94 92 87 81 82 81 87 83 85 85 84 84 84 82 82 77
82 83 95 106 106 117 113 125 111 111 109 110 109 110 122 125 118 117 124 130 129 128 123 125 117 121 108 100 104 113 110 104 114 115 111 113 112 99 100 95 106 111 88 98 98 97 113 115 116 116 107 103 100 99 94 100 97 83 89 99 100 97 96 98 95 90 94 98 93 96 97 99 97 82 82 84 89 92 99 94 92 90 86 82 81 82 89 86 80 83 84 85 84 84 80 77
83 85 92 101 106 113 113 111 109 110 108 109 107 112 128 126 129 133 125 124 130 129 123 126 121 117 107 105 106 102 110 111 118 115 111 110 113 111 108 113 112 99 89 101 114 118 117 115 115 114 106 104 100 90 98 106 103 102 86 97 96 96 96 96 98 96 100 101 96 95 98 97 92 82 80 85 95 94 95 94 92 87 85 81 81 85 87 85 81 83 84 82 82 79 79 75
82 82 90 90 97 101 112 106 108 108 107 106 107 117 124 126 132 127 131 123 136 129 123 124 124 121 109 107 108 113 109 110 119 114 100 96 113 109 108 97 112 98 99 92 99 113 110 113 116 109 106 99 94 104 105 100 103 103 93 96 98 96 96 98 98 98 97 97 94 96 93 96 94 90 80 84 87 92 94 92 90 85 84 84 87 89 89 85 83 83 81 83 80 80 79 77
84 83 91 100 107 104 120 111 120 108 105 105 110 131 132 126 132 130 132 133 129 134 128 128 125 121 115 103 113 115 113 117 119 116 105 106 93 106 111 99 94 99 104 99 107 100 104 107 116 112 105 103 99 108 104 99 102 103 100 85 98 97 96 98 95 96 98 90 90 91 96 90 93 90 82 77 85 90 89 89 90 85 87 90 87 87 87 85 85 80 83 81 81 81 79 77
84 86 99 104 118 119 122 120 114 110 108 109 113 136 130 126 130 125 135 134 127 129 131 121 130 121 114 107 111 112 120 120 117 118 114 112 100 92 95 113 101 110 94 119 121 98 118 103 100 110 103 103 107 105 105 102 100 102 100 91 96 95 97 95 95 96 95 92 93 92 86 90 86 91 85 77 82 85 92 89 89 90 87 90 87 90 87 85 83 81 83 81 79 78 78 75
85 85 89 107 107 121 114 119 116 110 112 111 123 130 125 121 131 130 147 140 134 127 128 123 123 129 118 110 120 122 125 116 110 117 113 111 99 99 103 98 90 91 96 121 115 105 119 117 95 104 100 109 109 106 102 105 105 100 100 95 91 91 87 91 90 91 93 92 85 89 83 90 81 90 84 75 80 82 89 89 89 89 91 91 89 89 85 84 81 83 81 83 81 81 79 78
85 85 85 99 108 118 115 116 116 112 112 112 122 135 132 123 130 132 152 145 139 134 133 140 129 116 120 120 116 130 126 119 105 113 114 104 104 99 90 95 99 102 103 120 118 95 116 117 97 108 103 98 106 106 105 105 101 97 95 93 92 85 85 94 97 95 93 89 93 89 91 93 85 84 80 86 76 82 87 87 81 79 81 87 84 87 82 84 82 80 84 82 83 80 81 81
87 87 85 109 119 119 113 113 111 116 118 117 126 150 137 134 134 136 145 147 148 145 144 141 134 129 122 112 117 126 120 118 100 112 112 113 104 109 97 99 117 99 103 118 116 93 115 116 107 99 106 109 97 103 104 101 98 94 93 92 95 91 91 93 92 93 96 95 89 89 92 95 94 92 86 91 90 79 85 88 80 90 81 79 81 81 85 90 90 86 87 87 86 84 81 81
89 88 87 98 109 110 114 113 119 116 118 128 127 150 145 137 137 138 153 149 148 149 147 138 138 134 121 121 118 121 119 106 108 110 101 113 115 102 100 104 117 111 100 118 118 98 116 113 109 100 108 109 106 105 104 100 100 100 99 98 96 95 86 87 94 96 93 89 85 90 89 94 94 85 87 91 90 79 78 90 87 88 92 87 87 88 86 88 90 90 87 86 87 89 84 81
87 89 89 105 114 110 113 110 116 122 128 133 138 147 143 142 136 155 157 150 151 155 145 134 138 128 122 121 132 126 122 106 104 107 111 114 99 97 105 119 119 114 101 118 118 102 95 107 112 111 100 107 109 108 101 98 98 98 99 100 93 90 86 93 94 92 91 93 87 92 95 93 90 92 94 93 91 83 78 78 78 95 91 90 88 90 88 88 90 91 91 87 87 87 85 85
87 88 91 108 117 113 111 122 119 130 134 134 134 149 148 147 146 156 152 152 149 151 143 132 134 130 128 127 133 127 120 116 114 110 119 114 115 102 109 113 121 120 118 115 118 115 110 104 110 109 109 106 109 106 104 102 101 101 100 100 93 92 89 94 94 97 94 90 95 96 98 93 92 99 95 90 94 94 80 86 94 91 94 94 94 91 90 90 91 90 90 87 87 87 84 84
87 89 92 99 123 116 107 119 124 133 136 145 148 149 158 153 147 164 151 152 145 151 142 132 140 132 129 143 136 129 119 122 112 120 114 112 109 109 122 122 125 122 120 115 121 116 113 96 104 107 112 110 107 106 105 104 102 101 101 96 102 96 94 94 95 94 90 94 98 98 97 99 97 97 95 94 96 92 82 80 89 96 97 96 95 92 94 92 90 90 90 87 86 87 84 84
88 90 93 102 108 114 109 130 139 141 147 153 157 159 158 159 143 159 152 150 149 151 138 141 141 137 137 144 132 134 136 122 130 107 120 122 118 127 122 126 125 121 116 118 119 121 117 101 104 113 112 109 109 106 108 105 102 104 103 97 99 97 93 91 97 98 97 97 99 98 97 97 99 94 101 97 97 97 97 83 84 89 98 89 96 96 96 87 92 94 93 86 89 86 86 87
89 91 93 102 114 120 128 131 141 145 149 163 161 167 163 168 150 150 152 157 141 153 146 147 139 132 142 151 132 127 132 123 132 120 117 116 115 131 125 127 126 123 123 122 118 105 116 107 97 110 109 105 106 109 108 108 105 107 105 100 102 100 96 95 97 99 101 99 98 98 99 99 99 103 104 101 99 98 91 89 81 88 98 86 91 93 87 92 94 94 91 87 89 86 86 89
90 92 94 107 110 116 121 120 128 143 156 165 162 176 153 171 156 136 151 164 154 159 156 158 149 138 146 153 134 140 126 120 124 112 120 121 134 128 128 131 128 124 120 121 116 117 117 107 110 97 105 103 105 107 108 108 109 107 105 100 100 101 103 100 99 97 99 98 99 100 99 100 96 100 97 97 97 100 91 86 86 87 97 87 93 93 95 96 96 92 91 90 89 86 91 89
91 92 94 102 117 127 129 133 128 130 137 157 161 164 154 161 151 135 142 159 160 160 165 165 149 144 155 147 138 138 130 115 111 120 131 117 134 135 134 133 132 128 124 121 119 119 116 106 109 101 103 102 106 107 112 105 108 101 98 99 102 102 103 101 100 97 98 97 97 96 97 99 92 93 92 91 93 98 95 95 90 85 88 97 99 100 96 94 91 95 93 91 86 92 91 92
92 94 95 102 124 119 134 136 130 141 154 161 156 171 158 165 153 132 149 161 159 159 166 154 147 142 153 142 134 138 137 115 127 127 127 126 137 137 136 132 133 127 125 123 122 119 116 110 107 106 101 102 102 103 106 108 102 103 103 99 105 102 103 101 101 99 98 97 99 99 94 100 99 101 102 96 98 93 88 100 90 85 92 99 101 99 97 93 96 94 93 91 89 89 91 89
94 94 96 107 114 117 129 136 136 145 158 155 167 165 156 150 145 141 161 160 142 159 171 159 155 146 153 146 137 143 124 125 123 129 143 138 138 138 136 134 131 131 128 125 122 119 118 109 107 106 104 102 106 108 107 102 103 102 101 100 99 102 103 101 98 95 94 95 99 98 92 100 99 96 102 97 93 88 88 102 100 85 95 93 101 94 97 88 96 90 95 90 89 86 91 87
93 95 95 109 126 126 134 155 153 161 163 157 165 148 165 156 135 165 164 153 140 159 161 150 138 144 160 153 132 134 123 124 133 123 135 141 141 141 136 136 134 133 132 122 123 119 116 116 112 104 106 105 106 109 106 101 100 104 102 101 100 97 100 98 94 91 90 93 97 97 91 93 99 98 92 92 87 100 93 100 99 91 88 95 99 91 89 88 98 88 94 95 83 81 79 82
93 93 96 110 135 145 144 152 140 160 167 148 157 149 155 135 145 157 162 154 135 163 168 154 137 150 161 146 139 135 130 116 133 142 123 130 142 138 139 139 136 133 131 128 123 122 118 118 113 106 104 103 105 105 106 102 100 100 104 97 98 97 95 96 92 92 91 98 99 96 97 93 92 92 91 87 86 98 99 99 103 100 96 92 90 90 88 90 88 96 97 96 81 84 86 87
93 93 99 106 142 130 142 146 150 164 178 156 150 162 138 140 164 168 164 158 133 152 169 160 151 146 150 134 121 137 129 128 124 140 145 144 133 142 139 139 139 136 132 126 126 119 119 113 115 109 107 102 105 105 101 106 100 100 99 101 100 97 96 95 92 92 98 98 99 98 90 95 89 84 90 92 94 97 93 99 100 96 103 96 96 101 89 85 96 96 94 93 81 81 90 90
95 96 99 106 116 117 129 140 144 162 173 152 142 160 158 137 145 156 153 153 148 161 166 155 151 152 129 129 145 154 151 141 145 125 137 148 144 143 140 137 136 131 134 128 117 123 118 115 115 113 106 100 103 105 104 103 102 100 101 101 97 95 96 93 92 99 96 95 99 99 93 88 90 90 92 87 92 94 95 101 100 99 94 94 104 106 100 90 86 84 83 81 81 87 82 88
96 97 99 105 152 149 151 149 151 180 148 165 153 146 170 162 162 139 162 152 149 170 170 145 136 134 126 139 144 155 153 143 147 141 140 142 143 142 140 134 133 128 131 131 120 117 118 118 115 110 109 106 106 106 104 103 101 100 100 101 98 97 93 94 98 99 96 98 99 96 93 87 88 89 86 83 87 92 100 95 99 95 102 95 96 103 99 93 92 92 88 93 92 90 84 91
97 97 101 106 121 141 165 177 180 176 185 176 174 136 151 178 177 157 142 171 169 161 159 148 131 144 134 138 138 140 147 141 144 140 141 143 143 138 137 131 129 125 128 125 122 122 119 116 113 115 110 108 106 106 104 106 104 99 103 97 97 95 97 99 100 98 102 98 98 94 91 87 84 83 82 84 87 91 94 103 97 100 96 99 96 97 99 96 97 92 90 94 95 94 86 83
100 101 103 104 117 152 169 177 153 151 170 170 157 137 160 170 174 166 153 151 153 159 137 146 137 150 162 127 142 148 137 135 141 134 140 141 137 137 129 129 128 126 126 123 120 117 116 116 113 110 107 105 109 105 102 104 103 106 99 97 95 99 99 102 99 100 99 99 97 98 91 87 84 81 77 82 86 89 99 104 100 101 100 99 97 102 101 91 97 86 94 92 97 96 83 87
101 102 103 106 107 135 139 172 144 135 165 145 142 144 145 142 161 171 173 154 155 143 153 162 142 167 171 142 138 147 144 140 137 138 133 136 134 132 129 122 123 126 123 123 119 117 113 116 110 110 110 106 102 100 103 107 101 103 101 97 102 100 101 101 97 97 100 102 95 98 91 85 84 81 81 84 87 92 95 102 103 99 101 101 95 91 95 95 96 93 95 97 96 93 91 93
100 104 105 106 107 115 128 141 132 120 139 137 157 137 145 154 163 157 163 149 154 159 166 159 138 153 168 135 132 150 142 140 134 134 124 131 125 130 125 119 122 122 125 122 119 111 116 114 112 109 112 112 109 111 102 106 103 106 99 106 106 105 102 99 101 100 102 98 101 101 94 90 92 87 87 90 93 95 99 102 103 106 105 99 100 94 96 96 91 92 90 93 94 95 92 95
102 103 104 105 105 116 123 107 96 105 110 117 144 124 158 157 147 155 143 129 157 168 164 149 142 157 161 129 142 121 122 132 131 129 110 119 130 127 122 122 122 122 122 117 114 114 114 110 108 110 109 109 109 107 109 102 103 100 107 106 109 106 102 100 100 99 100 100 101 101 95 94 95 93 96 97 104 105 105 106 110 110 108 105 99 98 94 99 92 98 89 95 98 96 88 96
103 103 105 106 103 100 95 115 103 101 102 114 158 126 124 127 144 136 123 139 162 166 161 155 151 158 154 147 134 139 113 119 128 125 114 124 124 121 121 119 121 119 117 116 114 110 113 113 108 110 108 110 107 107 109 103 102 108 106 109 107 107 103 102 100 99 101 96 101 99 96 97 98 96 100 101 106 107 106 111 106 110 110 106 101 101 97 98 93 96 93 98 99 95 95 96
102 104 105 103 103 117 128 136 138 136 144 102 146 124 139 125 122 117 131 139 154 162 160 158 153 153 154 149 146 142 129 111 111 109 123 124 124 121 121 119 116 112 107 108 108 110 114 111 107 108 110 110 110 107 109 105 106 103 109 107 107 106 104 99 97 102 101 95 100 96 101 103 100 104 104 105 107 107 110 104 107 113 110 107 100 102 96 96 96 94 95 101 98 91 89 96
