grids/precipitation/mar/RSMS_03_1883_01.asc
NCOLS 654
NROWS 866
XLLCORNER 3280414.711633467
YLLCORNER 5237500.62890625
CELLSIZE 1000
NODATA_VALUE -999
[rows 795 to 847 of 866, columns 192 to 287 of 654]
59 52 50 51 53 54 54 53 48 48 47 49 47 48 48 48 49 50 50 51 50 51 48 47 51 49 51 50 48 48 48 50 51 50 50 50 50 50 50 49 50 49 47 45 46 47 48 47 45 46 47 48 49 46 46 46 46 46 46 46 48 50 51 50 47 47 45 45 44 44 44 44 43 44 43 44 47 46 46 47 46 46 45 46 46 46 48 50 53 51 50 50 50 50 49 51
51 56 49 54 55 50 54 53 49 45 44 47 42 46 48 48 46 45 52 53 50 48 49 47 48 48 50 48 47 48 50 52 51 51 50 50 50 50 50 50 49 48 47 46 47 50 50 47 47 45 47 47 49 50 48 47 47 47 47 47 47 47 49 50 49 47 47 44 44 44 43 43 43 43 42 43 46 46 47 45 46 47 47 46 46 46 50 51 53 51 50 50 50 52 51 53
59 56 49 56 58 54 49 51 47 45 45 44 42 46 45 49 47 44 50 48 48 46 47 48 48 48 49 48 46 49 50 54 54 52 49 49 50 49 50 50 48 48 47 45 48 48 50 47 47 48 46 49 51 52 53 48 48 47 47 47 48 47 49 50 51 48 46 44 44 43 42 43 43 42 40 41 42 43 47 47 47 48 48 46 46 47 50 51 52 51 51 50 51 55 51 51
55 50 50 55 55 53 51 47 49 45 43 45 45 41 49 51 45 50 50 47 47 46 47 46 47 48 50 46 47 49 52 52 54 50 49 48 48 49 51 49 48 51 48 46 47 49 49 47 47 50 48 50 50 54 54 54 49 48 49 49 52 49 49 49 50 50 46 45 43 42 42 42 42 37 39 39 43 46 46 48 48 47 47 46 49 49 52 51 51 51 51 51 54 55 54 51
56 49 53 53 53 51 47 43 46 44 40 38 45 46 49 46 49 47 45 46 46 44 43 46 46 47 48 46 49 48 48 49 48 50 50 50 50 50 51 49 48 46 46 45 46 48 49 48 50 52 50 53 51 52 53 54 52 50 50 49 50 52 50 50 51 49 46 43 43 42 40 39 39 34 37 38 42 45 45 47 48 48 49 47 50 50 51 53 52 52 51 52 55 56 54 51
50 52 50 53 52 53 52 43 41 39 39 41 43 45 46 44 50 47 42 41 41 42 42 45 44 45 47 45 46 47 49 48 44 48 44 44 46 46 51 51 49 49 47 46 45 49 48 51 50 52 54 53 54 52 53 53 57 55 51 50 49 53 51 51 51 51 46 44 43 43 42 39 36 34 36 39 41 44 46 47 47 48 48 49 50 50 51 54 53 53 53 54 56 56 52 52
52 54 55 51 53 51 50 48 48 41 37 37 40 43 45 46 49 44 44 42 40 40 41 42 47 48 48 46 44 44 44 44 44 44 46 45 46 48 52 52 51 50 48 46 45 47 50 53 52 53 54 54 50 55 55 53 55 57 54 49 47 52 53 54 51 51 48 44 44 43 41 39 36 35 36 38 40 44 45 46 49 48 48 50 50 50 51 53 54 54 55 56 56 55 53 53
54 52 56 54 47 47 45 51 42 37 36 37 39 40 39 40 44 42 42 42 41 39 40 41 41 43 46 44 44 48 49 48 45 47 50 45 46 47 49 55 53 53 49 50 46 43 48 52 52 55 54 54 51 49 56 55 55 57 58 52 48 50 51 53 56 54 48 45 47 46 43 42 37 37 38 39 41 43 45 48 48 47 48 50 50 49 51 55 54 54 55 55 55 54 53 52
56 53 51 49 47 46 46 44 51 37 34 39 38 37 40 39 41 40 40 39 42 40 39 42 41 42 43 45 47 45 50 49 50 52 50 50 46 45 48 49 54 55 52 51 46 46 46 48 55 55 55 54 55 55 49 59 58 57 56 55 49 49 51 54 55 53 49 48 48 48 44 42 41 41 41 42 42 44 42 44 45 48 46 46 50 48 50 53 54 54 55 55 54 54 52 53
54 51 50 46 45 48 44 45 45 35 36 35 35 36 39 40 41 40 40 40 45 43 42 41 42 42 42 45 48 46 46 50 50 50 48 51 53 47 47 49 53 55 53 51 45 44 45 45 50 50 55 56 56 55 54 52 61 60 58 56 54 49 52 53 55 55 52 48 49 50 45 44 42 42 42 42 43 46 49 49 50 51 51 52 51 55 50 54 54 54 55 57 56 55 52 52
48 50 48 45 46 45 46 37 42 35 35 36 36 37 40 40 39 40 39 40 42 42 47 44 40 41 41 41 41 46 46 45 46 49 50 49 51 52 47 50 50 47 53 50 45 42 41 41 43 48 50 55 56 56 60 50 55 62 60 58 55 51 52 53 54 54 52 49 49 49 46 43 44 44 44 43 46 48 50 51 51 52 52 54 55 54 51 54 54 55 55 56 57 53 54 52
51 46 47 45 40 44 42 40 46 40 44 43 40 38 39 40 40 41 40 40 41 43 49 48 46 41 42 42 41 42 42 43 42 48 54 54 50 54 52 52 47 48 48 48 47 42 42 41 42 42 46 49 50 57 60 51 51 55 61 58 56 55 53 54 54 53 52 48 48 47 47 49 46 45 44 46 47 51 52 52 54 53 53 55 55 53 51 53 53 54 56 58 58 55 56 55
51 48 43 45 40 48 39 40 45 45 42 47 48 48 40 40 40 41 41 42 43 43 43 46 50 44 42 43 43 43 43 43 43 42 47 53 50 49 52 50 46 47 47 45 45 44 42 41 42 41 44 45 47 51 51 52 54 55 59 58 56 55 55 57 56 55 53 52 51 49 49 49 48 45 45 47 49 52 53 53 54 55 54 55 56 56 52 53 54 55 57 59 59 58 57 59
50 48 42 40 39 41 40 44 55 52 46 44 44 50 40 41 41 41 43 43 46 43 43 47 51 43 46 56 47 47 43 43 43 42 41 40 45 43 47 48 47 43 42 45 44 43 42 42 41 42 43 43 46 46 50 51 47 51 57 57 56 53 57 57 56 55 49 52 50 50 49 47 47 45 46 49 51 54 52 55 55 56 58 56 56 56 55 54 54 55 56 59 60 59 60 62
48 -999 -999 -999 41 41 43 45 50 51 48 47 47 48 42 40 42 43 43 46 44 42 43 48 48 44 50 52 52 53 53 48 42 42 41 41 40 46 45 44 45 44 42 42 44 45 46 44 42 42 43 44 45 50 48 50 48 49 53 55 52 57 55 54 55 54 54 51 51 49 49 47 45 52 49 52 53 52 54 55 55 58 60 57 56 56 57 55 54 55 59 60 61 60 60 62
56 -999 -999 -999 44 42 41 44 50 53 46 46 45 45 41 42 42 44 44 44 43 43 42 42 42 43 47 49 50 50 53 50 51 41 41 41 41 40 43 43 42 41 43 41 44 44 46 46 42 42 42 44 46 46 47 46 48 50 51 53 54 56 53 54 55 53 52 52 50 49 48 46 45 48 51 53 53 54 55 58 58 61 60 58 56 58 58 59 57 59 59 61 61 61 62 62
53 -999 -999 -999 42 42 41 42 43 46 43 44 44 51 43 43 43 42 43 44 44 46 41 42 42 44 44 43 45 47 48 50 52 48 43 41 41 40 40 39 42 43 42 42 42 42 42 43 42 42 42 46 48 51 51 50 52 53 52 52 53 55 53 52 52 52 52 52 51 48 46 46 46 50 51 53 55 54 55 58 59 62 59 59 59 59 59 59 59 60 60 62 62 60 62 61
-999 -999 -999 -999 40 43 47 45 42 42 43 44 47 44 44 42 42 42 43 43 43 43 41 42 41 42 44 43 42 43 43 44 45 47 48 45 42 41 39 39 38 39 41 42 42 42 43 44 43 42 43 43 47 49 51 51 54 57 58 55 54 52 52 53 52 52 52 51 49 49 46 45 46 51 53 54 55 55 56 59 61 61 59 59 59 59 60 61 59 59 62 71 61 61 62 62
-999 -999 -999 -999 -999 -999 45 43 44 48 50 48 44 44 44 43 42 42 43 42 42 41 41 41 41 42 43 42 42 44 43 43 47 48 49 48 48 47 39 39 38 38 38 40 42 41 42 42 43 43 43 44 45 49 50 51 55 59 63 57 57 54 52 52 52 51 52 49 49 49 46 47 51 51 51 54 55 56 58 61 61 59 60 60 60 59 62 60 60 60 64 64 63 63 63 64
-999 -999 -999 -999 -999 -999 43 42 43 43 44 44 44 44 44 43 43 43 43 43 40 40 41 41 42 42 43 43 44 44 45 45 44 44 45 45 45 44 40 45 39 38 38 39 40 42 42 42 43 44 45 44 45 47 49 51 55 61 61 64 57 52 50 51 51 52 52 49 49 47 48 48 48 51 54 55 57 57 58 59 60 59 57 59 60 61 63 61 59 65 65 64 63 66 63 65
-999 -999 -999 -999 -999 -999 45 44 44 44 43 44 44 43 43 43 43 44 44 46 42 41 41 42 42 42 43 43 42 43 43 45 44 43 45 44 45 44 45 42 40 39 39 40 41 42 44 44 44 44 44 44 43 44 46 51 51 53 57 56 53 51 49 49 51 52 51 50 50 49 49 48 50 52 55 55 58 55 55 60 61 59 57 60 61 61 63 61 61 64 67 67 66 65 68 69
-999 -999 -999 -999 -999 -999 -999 48 45 43 44 44 44 44 43 43 44 41 40 40 41 40 41 42 42 42 43 42 42 42 42 43 44 44 43 45 45 45 45 44 42 39 40 41 41 44 47 51 47 44 43 43 43 43 46 46 47 48 50 51 49 49 49 50 52 52 51 50 50 49 48 50 50 52 55 56 55 55 55 58 59 60 56 59 60 64 64 63 63 64 66 65 68 70 71 72
-999 -999 -999 -999 -999 -999 -999 47 49 51 50 50 -999 -999 -999 -999 44 44 43 42 42 42 42 42 43 42 43 42 42 42 42 42 42 43 42 44 44 46 44 44 42 39 40 41 41 42 46 48 50 47 44 44 43 45 46 46 46 46 47 47 48 48 50 50 51 52 52 50 49 49 50 50 51 52 52 55 52 53 55 56 51 59 56 59 61 62 63 61 63 62 65 67 70 70 72 72
-999 -999 -999 -999 -999 -999 -999 45 49 51 55 55 -999 -999 -999 -999 46 48 56 54 51 48 44 44 45 46 44 43 42 42 42 41 41 41 41 42 44 45 43 43 44 40 41 41 41 42 43 48 48 48 47 46 47 45 46 46 46 46 47 47 49 50 49 50 51 51 50 50 49 49 49 49 51 54 52 52 52 55 55 53 55 55 55 56 58 60 61 61 62 65 65 67 70 71 73 74
-999 -999 -999 -999 -999 -999 -999 42 44 45 45 46 46 -999 -999 -999 51 52 53 56 56 57 54 50 48 45 45 43 41 41 41 42 43 41 42 42 42 43 43 43 44 42 40 39 40 41 42 42 45 47 46 47 47 46 45 45 45 46 46 48 48 49 50 51 51 51 50 49 49 49 49 50 51 54 53 50 50 51 53 54 54 55 55 57 59 60 62 65 65 65 65 66 69 71 71 71
-999 -999 -999 -999 -999 -999 -999 -999 -999 -999 42 44 -999 -999 -999 -999 49 53 56 54 55 59 56 51 49 46 43 42 41 41 41 41 41 41 42 42 42 42 42 42 41 42 41 41 40 40 42 42 42 45 45 47 47 46 46 46 44 45 46 48 49 48 50 49 50 50 50 49 49 49 50 51 52 55 54 49 49 50 51 53 53 54 55 57 59 60 62 65 65 64 65 66 67 70 69 72
-999 -999 -999 -999 -999 -999 -999 -999 -999 -999 -999 -999 -999 -999 -999 -999 -999 -999 52 53 54 50 49 48 45 42 43 41 -999 -999 -999 -999 -999 41 42 42 42 42 42 42 42 41 41 40 41 41 41 42 42 42 43 44 45 44 46 44 44 44 45 46 48 48 50 49 49 49 49 49 49 49 49 51 53 52 53 48 49 50 53 53 54 55 55 57 57 60 62 64 63 65 67 68 69 68 73 75
-999 -999 -999 -999 -999 -999 -999 -999 -999 -999 -999 -999 -999 -999 -999 -999 -999 -999 44 46 46 48 43 43 42 42 -999 -999 -999 -999 -999 -999 -999 -999 -999 -999 42 42 43 42 41 40 40 41 41 41 42 42 42 42 43 43 43 44 44 43 44 43 44 46 48 49 50 48 49 50 50 49 49 49 49 50 51 52 51 47 46 50 51 53 54 55 56 56 57 60 62 63 65 66 70 70 70 72 71 73
-999 -999 -999 -999 -999 -999 -999 -999 -999 -999 -999 -999 -999 -999 -999 -999 -999 -999 42 43 45 41 41 41 -999 -999 -999 -999 -999 -999 -999 -999 -999 -999 -999 -999 -999 -999 -999 -999 41 40 40 40 41 42 42 41 41 41 42 43 43 43 43 42 43 43 44 46 46 48 48 49 48 48 49 49 49 49 49 50 51 52 50 48 48 50 51 53 54 54 55 56 58 60 61 64 65 67 68 70 71 72 74 75
-999 -999 -999 -999 -999 -999 -999 -999 -999 -999 -999 -999 -999 -999 -999 -999 -999 -999 -999 41 41 -999 -999 -999 -999 -999 -999 -999 -999 -999 -999 -999 -999 -999 -999 -999 -999 -999 -999 -999 -999 -999 -999 -999 -999 -999 41 41 41 41 41 43 43 43 43 43 43 43 45 46 46 47 47 48 48 49 48 48 49 49 51 51 52 51 50 49 48 49 51 54 55 55 54 59 60 60 63 64 66 67 68 72 72 73 75 77
-999 -999 -999 -999 -999 -999 -999 -999 -999 -999 -999 -999 -999 -999 -999 -999 -999 -999 -999 -999 -999 -999 -999 -999 -999 -999 -999 -999 -999 -999 -999 -999 -999 -999 -999 -999 -999 -999 -999 -999 -999 -999 -999 -999 -999 -999 -999 -999 -999 -999 -999 -999 -999 43 43 43 43 44 45 46 46 47 48 48 48 48 48 48 49 48 48 49 50 51 48 46 48 49 49 51 54 52 53 57 58 59 62 64 66 68 68 73 73 73 76 79
-999 -999 -999 -999 -999 -999 -999 -999 -999 -999 -999 -999 -999 -999 -999 -999 -999 -999 -999 -999 -999 -999 -999 -999 -999 -999 -999 -999 -999 -999 -999 -999 -999 -999 -999 -999 -999 -999 -999 -999 -999 -999 -999 -999 -999 -999 -999 -999 -999 -999 -999 -999 -999 -999 -999 43 43 44 45 46 47 47 48 48 48 48 47 46 47 48 48 48 47 47 47 46 50 50 48 51 52 54 55 57 57 59 61 64 65 67 69 73 75 77 80 78
-999 -999 -999 -999 -999 -999 -999 -999 -999 -999 -999 -999 -999 -999 -999 -999 -999 -999 -999 -999 -999 -999 -999 -999 -999 -999 -999 -999 -999 -999 -999 -999 -999 -999 -999 -999 -999 -999 -999 -999 -999 -999 -999 -999 -999 -999 -999 -999 -999 -999 -999 -999 -999 -999 -999 -999 -999 45 46 47 47 47 48 48 48 48 47 46 46 47 46 47 47 50 50 49 50 51 51 51 54 53 55 56 56 58 60 60 64 67 71 75 81 82 83 82
-999 -999 -999 -999 -999 -999 -999 -999 -999 -999 -999 -999 -999 -999 -999 -999 -999 -999 -999 -999 -999 -999 -999 -999 -999 -999 -999 -999 -999 -999 -999 -999 -999 -999 -999 -999 -999 -999 -999 -999 -999 -999 -999 -999 -999 -999 -999 -999 -999 -999 -999 -999 -999 -999 -999 -999 -999 -999 -999 47 47 47 48 48 48 47 46 46 46 46 47 47 49 48 49 48 49 50 50 50 52 51 54 55 56 57 59 62 63 67 72 80 86 88 88 86
-999 -999 -999 -999 -999 -999 -999 -999 -999 -999 -999 -999 -999 -999 -999 -999 -999 -999 -999 -999 -999 -999 -999 -999 -999 -999 -999 -999 -999 -999 -999 -999 -999 -999 -999 -999 -999 -999 -999 -999 -999 -999 -999 -999 -999 -999 -999 -999 -999 -999 -999 -999 -999 -999 -999 -999 -999 -999 -999 -999 -999 -999 -999 47 47 46 46 45 45 45 45 46 47 47 48 48 48 48 49 51 50 51 53 55 55 56 56 61 65 69 79 85 86 92 88 85
-999 -999 -999 -999 -999 -999 -999 -999 -999 -999 -999 -999 -999 -999 -999 -999 -999 -999 -999 -999 -999 -999 -999 -999 -999 -999 -999 -999 -999 -999 -999 -999 -999 -999 -999 -999 -999 -999 -999 -999 -999 -999 -999 -999 -999 -999 -999 -999 -999 -999 -999 -999 -999 -999 -999 -999 -999 -999 -999 -999 -999 -999 -999 -999 -999 45 45 45 44 44 45 45 45 47 46 47 48 47 49 49 48 49 52 54 53 53 -999 -999 62 75 77 82 86 88 86 86
-999 -999 -999 -999 -999 -999 -999 -999 -999 -999 -999 -999 -999 -999 -999 -999 -999 -999 -999 -999 -999 -999 -999 -999 -999 -999 -999 -999 -999 -999 -999 -999 -999 -999 -999 -999 -999 -999 -999 -999 -999 -999 -999 -999 -999 -999 -999 -999 -999 -999 -999 -999 -999 -999 -999 -999 -999 -999 -999 -999 -999 -999 -999 -999 -999 -999 45 44 44 44 44 44 44 46 46 45 46 46 46 46 46 49 51 52 50 -999 -999 -999 -999 -999 79 82 83 83 84 83
-999 -999 -999 -999 -999 -999 -999 -999 -999 -999 -999 -999 -999 -999 -999 -999 -999 -999 -999 -999 -999 -999 -999 -999 -999 -999 -999 -999 -999 -999 -999 -999 -999 -999 -999 -999 -999 -999 -999 -999 -999 -999 -999 -999 -999 -999 -999 -999 -999 -999 -999 -999 -999 -999 -999 -999 -999 -999 -999 -999 -999 -999 -999 -999 -999 -999 -999 44 44 44 44 43 44 44 44 44 45 45 46 46 46 47 49 50 -999 -999 -999 -999 -999 -999 81 82 80 81 80 81
-999 -999 -999 -999 -999 -999 -999 -999 -999 -999 -999 -999 -999 -999 -999 -999 -999 -999 -999 -999 -999 -999 -999 -999 -999 -999 -999 -999 -999 -999 -999 -999 -999 -999 -999 -999 -999 -999 -999 -999 -999 -999 -999 -999 -999 -999 -999 -999 -999 -999 -999 -999 -999 -999 -999 -999 -999 -999 -999 -999 -999 -999 -999 -999 -999 -999 -999 -999 43 43 43 43 44 43 44 43 43 44 44 45 44 45 47 47 -999 -999 -999 -999 -999 82 82 78 79 79 77 84
-999 -999 -999 -999 -999 -999 -999 -999 -999 -999 -999 -999 -999 -999 -999 -999 -999 -999 -999 -999 -999 -999 -999 -999 -999 -999 -999 -999 -999 -999 -999 -999 -999 -999 -999 -999 -999 -999 -999 -999 -999 -999 -999 -999 -999 -999 -999 -999 -999 -999 -999 -999 -999 -999 -999 -999 -999 -999 -999 -999 -999 -999 -999 -999 -999 -999 -999 -999 -999 43 43 44 43 44 44 43 43 43 44 44 43 44 45 45 -999 -999 -999 -999 -999 82 81 75 77 75 77 83
-999 -999 -999 -999 -999 -999 -999 -999 -999 -999 -999 -999 -999 -999 -999 -999 -999 -999 -999 -999 -999 -999 -999 -999 -999 -999 -999 -999 -999 -999 -999 -999 -999 -999 -999 -999 -999 -999 -999 -999 -999 -999 -999 -999 -999 -999 -999 -999 -999 -999 -999 -999 -999 -999 -999 -999 -999 -999 -999 -999 -999 -999 -999 -999 -999 -999 -999 -999 -999 -999 44 44 43 43 43 43 43 43 43 43 43 43 43 -999 -999 -999 -999 -999 -999 77 76 74 74 72 76 88
-999 -999 -999 -999 -999 -999 -999 -999 -999 -999 -999 -999 -999 -999 -999 -999 -999 -999 -999 -999 -999 -999 -999 -999 -999 -999 -999 -999 -999 -999 -999 -999 -999 -999 -999 -999 -999 -999 -999 -999 -999 -999 -999 -999 -999 -999 -999 -999 -999 -999 -999 -999 -999 -999 -999 -999 -999 -999 -999 -999 -999 -999 -999 -999 -999 -999 -999 -999 -999 -999 -999 44 43 43 43 43 42 43 43 43 43 44 43 -999 -999 -999 -999 -999 -999 -999 -999 -999 72 70 -999 -999
-999 -999 -999 -999 -999 -999 -999 -999 -999 -999 -999 -999 -999 -999 -999 -999 -999 -999 -999 -999 -999 -999 -999 -999 -999 -999 -999 -999 -999 -999 -999 -999 -999 -999 -999 -999 -999 -999 -999 -999 -999 -999 -999 -999 -999 -999 -999 -999 -999 -999 -999 -999 -999 -999 -999 -999 -999 -999 -999 -999 -999 -999 -999 -999 -999 -999 -999 -999 -999 -999 -999 -999 43 42 42 43 42 42 43 43 44 44 44 -999 -999 -999 -999 -999 -999 -999 -999 -999 -999 70 -999 -999
-999 -999 -999 -999 -999 -999 -999 -999 -999 -999 -999 -999 -999 -999 -999 -999 -999 -999 -999 -999 -999 -999 -999 -999 -999 -999 -999 -999 -999 -999 -999 -999 -999 -999 -999 -999 -999 -999 -999 -999 -999 -999 -999 -999 -999 -999 -999 -999 -999 -999 -999 -999 -999 -999 -999 -999 -999 -999 -999 -999 -999 -999 -999 -999 -999 -999 -999 -999 -999 -999 -999 -999 -999 42 42 42 42 42 -999 -999 -999 -999 -999 -999 -999 -999 -999 -999 -999 -999 -999 -999 -999 -999 -999 -999
-999 -999 -999 -999 -999 -999 -999 -999 -999 -999 -999 -999 -999 -999 -999 -999 -999 -999 -999 -999 -999 -999 -999 -999 -999 -999 -999 -999 -999 -999 -999 -999 -999 -999 -999 -999 -999 -999 -999 -999 -999 -999 -999 -999 -999 -999 -999 -999 -999 -999 -999 -999 -999 -999 -999 -999 -999 -999 -999 -999 -999 -999 -999 -999 -999 -999 -999 -999 -999 -999 -999 -999 -999 -999 42 41 42 43 -999 -999 -999 -999 -999 -999 -999 -999 -999 -999 -999 -999 -999 -999 -999 -999 -999 -999
-999 -999 -999 -999 -999 -999 -999 -999 -999 -999 -999 -999 -999 -999 -999 -999 -999 -999 -999 -999 -999 -999 -999 -999 -999 -999 -999 -999 -999 -999 -999 -999 -999 -999 -999 -999 -999 -999 -999 -999 -999 -999 -999 -999 -999 -999 -999 -999 -999 -999 -999 -999 -999 -999 -999 -999 -999 -999 -999 -999 -999 -999 -999 -999 -999 -999 -999 -999 -999 -999 -999 -999 -999 -999 -999 -999 -999 -999 -999 -999 -999 -999 -999 -999 -999 -999 -999 -999 -999 -999 -999 -999 -999 -999 -999 -999
-999 -999 -999 -999 -999 -999 -999 -999 -999 -999 -999 -999 -999 -999 -999 -999 -999 -999 -999 -999 -999 -999 -999 -999 -999 -999 -999 -999 -999 -999 -999 -999 -999 -999 -999 -999 -999 -999 -999 -999 -999 -999 -999 -999 -999 -999 -999 -999 -999 -999 -999 -999 -999 -999 -999 -999 -999 -999 -999 -999 -999 -999 -999 -999 -999 -999 -999 -999 -999 -999 -999 -999 -999 -999 -999 -999 -999 -999 -999 -999 -999 -999 -999 -999 -999 -999 -999 -999 -999 -999 -999 -999 -999 -999 -999 -999
-999 -999 -999 -999 -999 -999 -999 -999 -999 -999 -999 -999 -999 -999 -999 -999 -999 -999 -999 -999 -999 -999 -999 -999 -999 -999 -999 -999 -999 -999 -999 -999 -999 -999 -999 -999 -999 -999 -999 -999 -999 -999 -999 -999 -999 -999 -999 -999 -999 -999 -999 -999 -999 -999 -999 -999 -999 -999 -999 -999 -999 -999 -999 -999 -999 -999 -999 -999 -999 -999 -999 -999 -999 -999 -999 -999 -999 -999 -999 -999 -999 -999 -999 -999 -999 -999 -999 -999 -999 -999 -999 -999 -999 -999 -999 -999
-999 -999 -999 -999 -999 -999 -999 -999 -999 -999 -999 -999 -999 -999 -999 -999 -999 -999 -999 -999 -999 -999 -999 -999 -999 -999 -999 -999 -999 -999 -999 -999 -999 -999 -999 -999 -999 -999 -999 -999 -999 -999 -999 -999 -999 -999 -999 -999 -999 -999 -999 -999 -999 -999 -999 -999 -999 -999 -999 -999 -999 -999 -999 -999 -999 -999 -999 -999 -999 -999 -999 -999 -999 -999 -999 -999 -999 -999 -999 -999 -999 -999 -999 -999 -999 -999 -999 -999 -999 -999 -999 -999 -999 -999 -999 -999
-999 -999 -999 -999 -999 -999 -999 -999 -999 -999 -999 -999 -999 -999 -999 -999 -999 -999 -999 -999 -999 -999 -999 -999 -999 -999 -999 -999 -999 -999 -999 -999 -999 -999 -999 -999 -999 -999 -999 -999 -999 -999 -999 -999 -999 -999 -999 -999 -999 -999 -999 -999 -999 -999 -999 -999 -999 -999 -999 -999 -999 -999 -999 -999 -999 -999 -999 -999 -999 -999 -999 -999 -999 -999 -999 -999 -999 -999 -999 -999 -999 -999 -999 -999 -999 -999 -999 -999 -999 -999 -999 -999 -999 -999 -999 -999
-999 -999 -999 -999 -999 -999 -999 -999 -999 -999 -999 -999 -999 -999 -999 -999 -999 -999 -999 -999 -999 -999 -999 -999 -999 -999 -999 -999 -999 -999 -999 -999 -999 -999 -999 -999 -999 -999 -999 -999 -999 -999 -999 -999 -999 -999 -999 -999 -999 -999 -999 -999 -999 -999 -999 -999 -999 -999 -999 -999 -999 -999 -999 -999 -999 -999 -999 -999 -999 -999 -999 -999 -999 -999 -999 -999 -999 -999 -999 -999 -999 -999 -999 -999 -999 -999 -999 -999 -999 -999 -999 -999 -999 -999 -999 -999
-999 -999 -999 -999 -999 -999 -999 -999 -999 -999 -999 -999 -999 -999 -999 -999 -999 -999 -999 -999 -999 -999 -999 -999 -999 -999 -999 -999 -999 -999 -999 -999 -999 -999 -999 -999 -999 -999 -999 -999 -999 -999 -999 -999 -999 -999 -999 -999 -999 -999 -999 -999 -999 -999 -999 -999 -999 -999 -999 -999 -999 -999 -999 -999 -999 -999 -999 -999 -999 -999 -999 -999 -999 -999 -999 -999 -999 -999 -999 -999 -999 -999 -999 -999 -999 -999 -999 -999 -999 -999 -999 -999 -999 -999 -999 -999
-999 -999 -999 -999 -999 -999 -999 -999 -999 -999 -999 -999 -999 -999 -999 -999 -999 -999 -999 -999 -999 -999 -999 -999 -999 -999 -999 -999 -999 -999 -999 -999 -999 -999 -999 -999 -999 -999 -999 -999 -999 -999 -999 -999 -999 -999 -999 -999 -999 -999 -999 -999 -999 -999 -999 -999 -999 -999 -999 -999 -999 -999 -999 -999 -999 -999 -999 -999 -999 -999 -999 -999 -999 -999 -999 -999 -999 -999 -999 -999 -999 -999 -999 -999 -999 -999 -999 -999 -999 -999 -999 -999 -999 -999 -999 -999
