grids/precipitation/mar/RSMS_03_1883_01.asc
NCOLS 654
NROWS 866
XLLCORNER 3280414.711633467
YLLCORNER 5237500.62890625
CELLSIZE 1000
NODATA_VALUE -999
[rows 583 to 635 of 866, columns 288 to 383 of 654]
31 31 29 28 29 29 29 29 29 29 28 27 27 27 27 28 27 27 27 25 24 25 26 28 29 30 32 33 34 34 34 34 34 36 42 43 40 42 41 40 37 37 37 36 39 37 38 39 37 36 35 36 38 38 36 38 36 36 36 36 37 37 37 37 37 37 38 39 39 37 36 36 37 37 37 36 37 37 38 39 41 39 40 41 47 49 48 47 45 46 42 50 52 48 46 45
31 31 31 29 29 29 29 29 29 29 27 27 27 27 27 25 25 25 26 26 23 25 26 28 29 30 32 32 33 33 34 34 34 36 40 43 41 40 40 39 39 39 37 38 39 39 39 39 37 37 36 37 38 36 37 38 37 37 36 36 37 36 36 37 37 36 37 37 37 37 37 37 38 38 38 37 37 37 37 39 39 39 40 40 48 47 45 49 41 41 43 50 50 50 47 42
31 30 30 29 29 29 30 30 29 29 28 28 29 28 26 25 25 25 25 25 24 25 26 28 28 30 31 32 32 33 34 34 35 36 40 40 42 41 39 37 39 38 37 36 38 39 37 38 38 38 37 37 37 36 37 36 36 36 36 35 36 36 36 36 36 35 36 37 37 38 37 39 39 38 38 39 37 37 38 38 39 39 42 43 48 46 41 46 40 45 50 52 50 50 48 45
31 32 31 30 29 29 29 30 31 29 29 28 28 27 25 26 26 27 26 25 25 26 27 28 29 30 30 31 32 32 33 34 35 36 39 42 41 41 41 38 36 35 37 33 37 41 39 39 40 39 38 38 38 37 36 36 36 37 37 36 36 35 35 36 35 36 37 37 36 36 38 38 38 38 39 38 37 38 38 39 39 40 43 49 48 48 43 39 40 45 50 50 50 48 50 48
32 31 30 29 31 31 32 30 30 29 29 27 27 26 25 26 26 26 26 26 26 26 28 28 29 30 31 31 31 32 33 34 34 36 40 41 39 40 39 37 36 35 35 35 37 37 39 39 39 39 39 38 37 38 38 36 35 37 37 36 35 35 35 36 36 36 37 36 35 37 39 40 40 40 38 38 38 39 38 39 41 42 45 50 43 48 41 40 43 48 48 51 48 47 48 49
27 29 31 31 32 33 31 30 30 29 29 29 29 28 25 25 25 26 26 26 26 27 27 28 29 29 31 31 31 32 33 34 36 37 40 41 42 41 40 39 37 37 36 37 36 36 37 37 38 39 38 37 37 36 36 35 36 35 36 35 35 35 36 38 38 38 37 35 35 37 37 38 39 38 38 39 40 40 38 39 41 42 43 45 42 42 40 41 41 41 43 43 44 52 48 49
29 27 29 31 31 31 31 30 29 29 29 29 29 27 27 25 25 25 25 26 26 27 28 28 29 30 30 31 31 32 32 34 36 38 40 42 42 41 41 38 40 37 39 39 39 39 39 38 37 38 38 38 36 36 35 35 35 35 35 35 35 36 37 38 38 37 37 36 36 36 37 37 38 37 38 39 41 42 40 40 40 41 41 44 42 40 40 42 44 43 44 44 49 46 47 47
32 28 28 32 31 31 31 31 31 29 29 29 27 28 26 25 25 24 25 25 26 27 28 30 30 30 31 31 32 31 31 32 37 38 38 41 40 42 41 41 39 38 37 38 40 41 41 39 39 37 38 36 36 37 37 37 36 37 37 37 38 38 38 38 38 38 38 36 37 38 38 38 38 39 39 42 42 45 41 41 40 42 44 44 43 41 42 43 49 48 50 45 43 45 50 49
32 31 28 30 30 32 30 31 30 30 29 29 29 27 25 24 24 24 24 25 26 27 28 30 30 30 31 33 32 32 35 35 35 39 37 39 40 39 41 41 39 40 40 41 40 40 40 40 38 39 38 37 39 37 37 37 38 38 37 38 38 38 37 38 39 39 39 39 40 39 38 38 40 40 41 42 43 42 42 41 41 44 44 44 42 42 49 43 51 50 50 50 49 43 45 50
32 32 28 29 30 30 31 31 30 30 29 29 29 28 27 24 24 24 25 27 27 27 30 34 36 34 35 36 34 34 35 36 36 35 35 38 38 39 41 40 39 37 38 39 40 40 39 39 40 40 40 40 40 38 37 37 37 38 38 39 38 38 37 39 38 39 39 40 40 39 40 40 41 44 44 43 43 44 41 41 41 41 41 41 41 43 48 44 50 51 52 50 50 45 48 51
31 32 30 27 29 30 31 31 31 30 29 29 27 27 25 26 25 25 25 27 27 28 30 36 33 34 36 35 34 34 35 36 36 35 36 37 37 39 41 39 39 40 39 41 40 40 40 40 40 40 40 40 37 38 37 37 37 36 37 38 37 37 37 37 38 39 38 39 40 41 40 41 43 43 43 42 44 42 42 42 41 41 41 42 43 45 45 44 47 50 52 51 50 50 49 49
31 31 31 28 27 30 31 31 30 30 30 29 28 27 26 27 27 26 25 27 27 28 29 30 30 31 33 33 34 33 34 37 35 36 36 36 37 39 40 41 41 41 42 41 41 40 41 39 40 39 40 39 39 38 37 38 37 36 38 37 36 36 37 37 38 37 39 39 40 42 42 42 42 44 44 43 42 42 42 42 42 42 42 44 42 44 46 46 51 52 54 51 50 48 47 47
32 31 32 31 28 27 30 30 29 30 30 30 28 26 27 27 27 27 27 26 28 28 28 29 32 33 34 33 34 33 34 35 35 35 37 37 37 37 39 40 40 40 40 40 40 39 40 39 39 39 39 39 38 38 38 38 39 38 37 38 38 38 38 38 39 39 40 40 41 42 43 43 43 42 43 43 43 43 42 43 42 43 46 45 46 44 46 47 48 55 53 53 51 50 47 47
32 32 32 30 28 27 30 29 30 30 30 30 28 27 27 27 27 27 27 28 28 29 29 29 31 31 31 33 34 33 34 37 35 35 36 36 37 39 41 41 40 40 40 40 40 40 40 40 40 39 39 38 38 38 39 38 38 38 38 38 38 38 38 38 39 39 39 41 41 43 44 44 44 43 43 43 43 43 42 43 43 43 44 47 46 44 44 45 45 49 47 53 55 51 51 51
32 31 31 32 30 27 30 29 30 29 31 30 29 27 27 27 27 27 28 29 28 28 30 30 30 29 31 33 33 34 33 37 37 36 36 36 37 39 41 40 40 39 40 40 40 41 40 40 39 39 39 40 40 39 38 38 38 38 38 38 38 39 39 39 40 39 41 41 42 43 43 43 44 44 45 44 46 44 43 42 43 43 44 46 47 47 46 47 47 49 53 53 54 53 53 51
31 31 31 31 29 28 26 30 30 29 30 31 30 29 26 28 30 28 30 30 29 30 31 29 31 31 33 33 33 33 34 34 36 36 38 37 36 38 39 40 42 40 39 41 40 40 40 39 39 39 39 40 38 38 38 37 38 37 38 38 38 39 39 40 40 39 38 41 41 42 42 44 45 45 44 45 44 43 43 43 43 44 45 45 46 49 51 51 53 48 48 52 53 52 53 53
31 31 31 30 30 31 29 27 27 27 28 27 27 27 29 27 30 30 29 30 30 30 31 31 31 32 33 33 33 33 34 35 35 35 36 37 37 36 38 41 41 41 40 40 38 38 40 39 39 39 38 38 39 41 38 37 37 38 38 37 38 39 39 38 38 38 38 40 40 40 42 42 45 45 45 45 45 43 43 43 44 45 46 46 47 51 51 55 51 50 49 48 54 54 53 52
31 31 31 31 31 31 30 30 29 28 29 30 31 30 30 28 27 28 30 29 29 30 31 32 33 31 33 33 34 34 34 35 35 35 36 37 37 36 38 40 40 40 40 40 40 39 39 39 40 39 39 40 40 39 38 38 38 38 39 39 40 40 39 40 39 39 40 39 39 39 42 43 43 44 45 44 45 44 43 44 43 44 46 48 47 47 48 52 54 48 48 47 52 53 49 53
31 31 31 31 30 29 30 30 30 29 28 30 30 30 31 28 30 28 29 30 30 30 31 33 33 32 35 34 34 34 35 36 35 36 36 37 36 36 37 37 38 40 40 40 40 39 39 39 39 39 38 40 39 38 39 38 39 39 39 38 40 39 38 39 39 39 39 39 39 40 41 42 43 44 44 45 44 44 46 46 44 46 46 48 48 47 48 49 53 48 49 47 50 53 47 52
31 31 31 30 30 29 30 29 30 28 29 30 30 30 30 30 30 29 30 29 30 31 32 33 33 33 34 34 34 35 35 35 36 36 37 37 36 37 37 37 37 38 38 39 40 39 37 37 39 40 40 39 40 38 39 39 39 39 40 40 40 39 39 38 38 38 39 39 39 40 40 42 43 43 44 44 44 44 47 49 49 49 50 49 48 46 46 51 51 51 49 49 48 50 49 50
32 31 31 31 29 30 29 29 29 29 29 30 31 31 30 31 30 29 30 31 31 33 35 33 34 35 35 35 35 35 36 37 36 36 36 36 36 36 38 36 36 36 37 39 38 39 38 38 37 38 39 38 39 39 39 40 40 41 40 42 41 40 39 39 39 39 39 39 40 40 41 41 42 43 43 45 45 46 50 50 50 50 49 48 46 46 47 47 48 48 48 46 46 47 46 47
31 31 31 30 29 30 29 29 29 29 30 31 31 30 31 31 31 30 31 31 32 33 36 34 36 37 38 37 36 35 34 36 35 34 35 35 35 35 35 36 36 36 37 37 37 38 40 39 37 38 38 38 38 39 40 40 40 41 42 42 41 40 40 41 41 41 42 42 41 41 41 42 42 42 44 45 45 46 46 48 48 48 48 45 46 45 44 45 47 48 45 45 44 44 44 47
31 32 31 30 29 29 29 29 28 29 30 31 31 31 31 32 31 31 31 32 32 33 35 38 36 37 36 35 35 34 33 33 34 34 33 34 35 35 37 37 37 37 36 37 36 37 37 37 38 38 38 40 40 40 42 42 42 43 43 42 42 42 42 42 40 41 41 43 42 42 42 42 43 43 43 44 44 46 47 46 48 47 48 45 46 46 44 44 46 45 45 43 43 43 44 43
33 32 32 30 29 28 29 29 29 29 31 31 31 32 32 32 32 32 32 32 32 32 35 35 36 38 35 34 34 33 33 33 33 33 32 33 35 39 39 38 37 38 38 38 38 38 38 38 38 38 39 40 41 42 43 44 45 45 44 44 43 43 43 41 41 41 41 42 41 42 42 42 42 43 43 43 44 45 46 46 46 46 46 45 44 44 43 43 44 43 43 43 42 42 41 42
34 32 31 30 30 29 29 30 30 30 30 32 33 32 32 33 34 32 32 33 33 34 34 34 36 39 36 35 34 33 32 32 32 32 32 35 37 37 37 39 39 38 38 38 38 39 41 41 39 38 39 41 41 42 44 45 45 46 46 46 45 44 43 42 42 41 40 41 41 41 42 41 41 42 42 43 42 45 45 46 44 46 45 45 44 44 44 44 44 44 43 43 43 43 40 39
33 32 31 31 30 30 30 30 30 31 31 33 33 33 34 34 34 33 33 34 34 33 34 35 36 38 37 37 35 34 33 32 32 30 32 34 35 35 36 37 38 39 38 38 38 37 38 38 38 39 40 40 41 43 43 45 45 46 47 46 45 44 43 41 40 40 40 41 41 42 41 42 42 41 42 42 43 43 44 44 44 46 45 44 44 44 44 44 44 45 43 42 44 44 41 40
34 32 32 30 30 29 30 30 30 32 32 32 33 33 34 34 34 33 34 34 34 34 34 35 35 36 35 35 34 33 32 32 31 32 34 35 36 36 36 38 38 38 38 37 37 37 40 38 38 38 40 41 41 42 43 45 46 47 51 48 46 44 41 41 41 41 41 40 40 41 41 42 41 41 40 41 43 43 43 45 45 45 46 47 46 45 46 45 47 45 44 42 44 45 42 42
35 32 32 30 30 29 30 32 33 32 33 32 32 33 33 34 34 34 34 34 34 34 35 36 36 35 35 34 34 33 33 34 33 33 34 32 33 36 36 36 36 37 37 37 38 38 40 40 40 40 40 40 42 42 43 43 43 44 45 44 42 43 43 41 42 41 41 41 41 40 40 40 41 41 40 40 42 42 42 41 42 43 45 45 46 47 44 47 45 46 45 44 44 43 43 42
35 34 32 32 32 30 31 33 34 33 33 35 35 34 35 35 34 34 35 35 35 36 36 35 37 35 35 34 35 34 33 34 33 33 31 32 32 33 34 35 35 35 35 37 37 39 40 40 40 41 41 42 42 41 42 41 43 44 44 43 41 42 43 42 42 42 41 41 41 41 41 41 40 41 39 40 40 41 41 41 42 42 43 43 44 44 45 43 45 45 46 46 45 43 43 43
36 34 33 32 32 32 32 33 33 35 35 34 35 35 35 36 34 35 35 35 35 35 35 35 36 37 37 36 35 35 36 34 34 33 32 32 32 32 34 35 35 35 36 36 36 36 40 40 40 40 41 42 42 42 40 41 44 43 42 41 41 42 43 43 42 42 42 42 41 41 41 41 41 40 39 40 40 40 40 39 40 40 42 41 42 43 43 43 44 45 45 44 44 45 44 42
35 34 33 34 34 33 34 33 36 36 36 36 35 35 35 36 34 35 36 35 35 37 37 37 37 37 37 38 37 36 34 33 32 32 32 32 32 32 33 33 34 36 36 37 36 38 39 40 40 40 41 42 40 40 43 42 42 41 41 40 40 41 43 42 42 42 42 42 41 41 41 41 41 40 38 39 40 39 38 38 40 40 40 40 41 41 41 42 42 44 43 43 43 42 42 44
36 34 34 34 34 35 34 36 36 36 37 36 36 36 36 35 36 36 37 37 37 37 37 37 37 36 36 36 35 35 34 33 33 31 31 32 32 32 32 33 33 35 35 35 36 38 39 39 40 39 39 41 40 42 41 41 41 40 40 40 41 40 42 40 41 42 41 42 41 40 40 40 39 38 38 38 38 38 38 38 38 39 40 40 41 42 42 42 42 43 43 43 44 43 44 42
36 34 35 33 36 36 33 36 37 37 37 36 36 36 37 37 37 37 37 37 38 38 38 38 36 36 36 36 35 36 34 33 32 31 29 30 31 32 32 33 35 36 36 36 36 37 37 39 39 40 40 40 41 41 41 41 41 41 41 41 39 39 40 40 39 40 41 39 39 40 40 39 39 38 38 38 38 38 38 37 37 38 40 41 41 42 42 42 42 42 42 43 42 43 42 42
36 32 33 35 33 33 36 37 37 37 37 37 37 37 36 37 37 37 37 38 38 38 38 37 36 37 36 35 34 34 35 33 32 32 31 31 31 31 33 33 34 36 36 36 36 36 37 39 39 40 39 40 39 41 41 41 40 40 41 40 40 40 40 39 39 39 39 38 38 38 38 38 38 38 37 38 38 38 37 36 37 38 40 40 40 40 41 41 41 41 42 41 41 41 41 42
37 33 35 38 35 34 36 35 36 37 37 36 37 36 37 37 37 37 36 38 38 38 38 36 36 36 36 35 33 35 33 32 32 32 31 31 31 31 32 33 36 36 36 36 36 37 38 39 40 39 40 40 40 40 40 40 40 40 38 38 38 38 40 40 40 41 40 40 39 39 39 38 38 38 38 38 38 38 37 37 37 37 38 39 40 40 40 40 41 40 41 41 41 41 42 42
33 34 38 38 36 35 37 37 37 35 36 36 36 36 36 34 35 36 36 36 36 38 38 36 37 36 36 35 33 33 32 33 33 31 31 31 32 32 33 36 36 36 35 35 36 37 39 39 39 41 41 40 40 40 39 39 38 38 40 39 41 41 41 40 40 40 40 40 40 38 38 38 37 38 38 37 36 36 37 37 37 37 39 39 39 39 39 39 40 40 40 40 40 41 42 44
38 39 39 39 37 36 37 39 39 39 38 37 37 37 36 36 36 36 35 35 36 36 37 36 35 35 35 34 34 34 34 33 33 33 32 32 32 33 35 37 35 35 34 35 37 38 36 41 40 41 41 40 40 40 38 38 39 40 40 41 41 41 41 40 40 40 39 39 39 39 39 37 37 37 36 36 36 36 36 37 37 37 38 39 39 39 39 38 39 39 39 41 40 41 42 44
39 40 40 38 37 36 40 39 39 39 38 37 37 38 36 37 36 36 35 35 36 35 35 36 35 35 35 34 34 33 34 33 33 33 33 32 33 35 35 36 37 37 36 35 37 37 38 39 39 41 40 40 39 40 40 40 40 40 40 41 41 41 40 39 39 39 39 40 39 39 40 38 37 37 36 36 36 36 36 36 37 37 38 38 38 38 38 39 40 39 40 40 40 41 42 44
38 40 38 39 40 38 36 39 39 40 39 39 38 38 38 37 36 35 35 35 36 35 36 36 35 35 35 34 34 34 34 34 34 33 34 33 34 34 35 36 37 36 36 36 35 37 37 40 41 40 40 40 40 41 39 40 40 40 40 40 40 40 40 40 40 40 40 40 39 38 38 38 39 38 37 36 36 36 35 35 36 35 36 37 37 38 38 38 40 41 41 40 41 41 42 43
40 40 41 39 40 42 40 40 38 41 40 39 40 41 39 38 37 36 36 36 36 36 36 36 35 35 35 35 35 36 35 36 35 34 34 34 35 36 35 35 36 35 36 36 37 37 36 38 39 39 38 38 39 41 41 40 41 40 40 41 41 41 41 41 40 40 40 40 40 39 40 39 39 38 39 37 36 36 36 35 35 35 35 36 36 36 38 38 38 39 40 40 41 42 42 45
41 42 41 41 41 40 38 41 41 37 39 41 41 40 40 38 38 38 37 37 38 38 37 35 36 36 37 37 37 36 36 37 36 36 35 36 35 35 36 36 37 36 36 38 39 39 40 38 38 39 41 39 39 40 41 41 40 40 41 40 41 41 40 40 39 39 39 39 39 39 39 38 37 37 37 35 35 35 35 34 34 34 35 36 36 37 38 38 38 38 40 40 41 43 45 42
41 42 42 42 42 42 39 43 43 42 41 40 41 36 38 39 38 39 38 38 38 40 36 37 37 40 39 38 37 37 37 37 37 39 36 36 36 36 37 38 38 39 38 40 41 40 42 39 39 41 39 39 39 41 41 40 40 40 40 39 39 39 39 38 38 40 37 39 38 38 36 37 36 37 37 36 35 35 35 34 34 34 35 36 36 36 37 38 38 38 39 39 40 41 41 42
40 42 43 42 42 43 43 40 43 43 43 42 43 40 37 39 39 39 38 38 38 37 37 40 40 40 40 42 39 38 40 40 39 38 37 38 39 39 38 39 38 38 38 40 39 40 41 42 41 41 41 41 41 42 40 40 40 40 39 39 39 38 38 38 37 36 36 36 36 36 36 36 37 37 35 36 35 35 35 34 34 34 34 36 36 36 37 38 38 38 38 39 39 41 42 42
42 43 44 42 43 44 43 41 43 43 43 44 42 42 39 41 40 39 39 38 37 37 37 38 40 40 40 41 41 42 42 41 38 38 37 37 39 38 41 41 41 40 42 42 41 40 41 41 40 40 41 41 42 41 41 41 40 40 39 39 38 38 37 37 35 36 35 35 35 35 37 37 37 37 37 37 36 34 34 35 35 35 35 36 36 36 38 38 38 39 39 41 41 41 42 42
42 43 45 43 44 43 44 42 43 43 44 44 44 42 42 40 41 41 39 37 37 36 36 39 38 39 40 40 41 41 41 40 39 38 37 36 38 38 41 41 42 43 43 43 43 41 42 42 42 41 41 41 41 41 40 40 39 40 39 39 37 36 35 35 36 37 35 35 36 35 36 37 37 37 37 37 37 37 36 35 35 35 36 36 36 37 38 38 38 39 39 39 40 41 41 42
44 44 45 44 44 44 44 43 43 43 43 44 44 44 43 38 41 40 39 37 37 36 37 38 38 37 41 41 41 41 41 39 40 42 39 37 36 37 38 41 42 43 43 43 42 41 42 41 43 42 42 41 40 41 40 38 38 39 38 37 38 37 36 36 37 38 36 36 36 36 37 37 37 37 37 37 37 37 36 35 35 35 36 36 37 38 38 38 40 40 40 40 39 42 41 41
44 44 44 44 44 44 44 43 43 43 44 44 44 44 43 40 40 40 40 39 37 36 38 35 38 39 40 41 41 41 41 41 41 40 41 40 39 39 39 39 41 42 43 43 43 42 41 42 41 40 42 42 41 41 41 40 38 39 38 38 36 37 37 37 38 38 37 36 36 36 37 37 38 38 37 38 37 37 36 35 35 36 36 37 37 37 38 38 39 39 39 38 39 39 39 40
45 46 45 45 44 45 44 44 43 43 44 44 44 44 43 42 40 41 42 39 38 40 39 36 39 40 41 42 42 41 41 41 41 42 42 42 42 42 41 39 40 43 43 43 43 43 43 42 41 41 42 39 41 39 41 38 39 40 39 39 36 36 37 37 38 38 37 35 34 36 37 37 38 38 38 38 38 37 37 36 37 37 37 37 37 38 38 38 38 38 39 38 39 39 39 41
44 46 45 46 47 46 45 44 44 44 44 44 44 44 43 40 41 42 41 40 40 41 41 40 40 41 41 41 42 41 42 42 43 43 43 42 42 42 42 41 43 43 43 43 43 41 41 41 42 40 40 43 41 41 41 38 40 41 40 40 40 40 39 38 38 38 37 36 36 36 37 38 38 38 37 37 37 38 37 37 36 37 37 36 37 37 38 38 37 38 38 38 38 40 39 39
44 47 46 49 48 47 45 44 44 44 45 45 45 44 44 43 42 41 41 40 41 43 43 42 41 40 41 42 42 41 43 44 44 47 45 46 45 43 41 41 42 42 42 43 43 41 41 42 39 42 41 41 42 41 41 40 41 41 40 40 41 41 40 39 39 38 38 36 36 36 37 38 38 38 38 38 37 37 38 37 37 38 36 36 37 37 37 36 37 37 37 38 38 38 39 38
47 44 46 49 47 48 47 44 45 44 45 44 44 45 43 43 41 41 41 41 41 41 42 43 41 42 43 42 42 43 43 44 44 46 46 46 46 46 43 41 41 43 43 42 43 42 39 41 42 39 42 42 42 42 40 41 41 41 41 41 41 41 41 40 39 38 37 37 36 36 36 37 37 37 38 37 37 38 38 37 37 38 36 37 36 36 36 36 37 38 38 38 39 39 39 39
49 49 49 49 49 49 48 47 47 46 46 45 46 45 45 43 44 42 41 41 42 43 44 46 46 43 43 43 43 44 43 43 43 45 45 47 44 42 42 42 42 42 43 42 41 42 39 39 39 38 39 40 42 40 42 40 40 41 41 41 41 42 41 41 39 38 38 37 36 37 37 36 38 37 38 38 38 38 38 37 37 36 36 36 36 37 36 36 38 38 38 38 39 39 39 39
51 51 51 50 51 51 48 48 48 46 47 46 46 45 45 44 43 43 42 43 45 43 46 45 46 47 44 45 45 45 44 45 43 44 44 46 45 46 42 42 42 42 42 43 42 42 42 40 38 39 39 39 39 42 41 41 41 42 41 42 41 42 41 41 40 40 39 38 38 37 37 38 37 36 37 37 37 38 37 37 37 37 36 36 36 36 37 37 37 38 38 38 38 38 39 38
