grids/precipitation/mar/RSMS_03_1882_01.asc
NCOLS 654
NROWS 866
XLLCORNER 3280414.711633467
YLLCORNER 5237500.62890625
CELLSIZE 1000
NODATA_VALUE -999
[rows 424 to 476 of 866, columns 96 to 191 of 654]
99 99 94 98 100 99 100 99 106 105 104 102 96 101 98 98 99 94 90 89 86 78 78 84 82 79 80 77 78 76 76 80 76 71 71 75 70 66 67 69 64 59 64 67 65 67 61 65 71 72 73 70 68 71 75 70 74 71 67 64 66 70 67 60 65 60 65 61 57 63 63 59 62 59 62 66 67 70 64 71 65 64 65 67 71 67 65 67 73 74 72 73 69 70 70 77
103 105 99 103 99 92 99 104 105 108 108 103 100 104 95 100 97 97 94 91 86 89 86 83 84 83 82 76 76 75 73 74 76 77 67 69 70 74 74 73 70 65 59 58 57 58 60 64 66 70 59 59 61 65 71 70 72 66 68 65 68 65 63 65 64 60 64 63 56 56 55 59 62 59 58 67 62 72 63 71 72 67 68 73 75 74 66 67 74 77 72 74 70 70 73 71
106 108 107 106 106 102 107 105 106 106 109 106 102 105 99 100 104 100 95 97 88 82 88 83 82 82 78 76 73 73 78 78 74 75 71 72 79 73 76 75 78 72 70 67 61 72 59 57 57 55 56 55 59 60 64 70 69 68 69 65 63 64 63 62 61 60 60 62 56 54 54 55 55 63 58 63 65 71 65 73 72 67 74 76 66 63 70 67 75 73 76 76 74 70 71 70
112 113 113 110 102 109 108 106 110 107 107 109 107 106 102 99 98 101 99 90 86 83 85 79 82 79 79 75 75 78 82 79 73 78 70 74 78 80 74 73 74 78 71 68 62 60 66 66 65 68 57 60 68 71 66 69 62 65 63 59 63 65 65 64 61 62 61 59 57 56 54 54 52 57 60 68 66 71 68 69 73 74 75 70 70 64 72 69 72 79 75 73 73 73 72 66
112 114 113 113 107 112 112 109 109 109 109 108 110 105 101 97 97 99 97 91 91 89 90 87 79 83 78 78 74 81 80 76 75 77 71 78 80 74 74 73 74 68 63 59 56 60 61 63 72 64 60 56 68 63 61 66 62 63 58 60 67 66 70 63 63 61 62 60 56 56 55 53 57 60 65 68 71 73 76 74 79 75 76 71 68 67 65 75 72 75 80 77 75 72 66 70
113 116 116 116 109 112 114 112 108 112 108 110 108 107 102 98 100 101 97 95 92 90 85 84 85 81 80 78 77 77 79 77 80 71 79 77 77 71 67 63 63 61 61 61 60 67 70 65 63 70 59 57 57 63 59 61 58 57 59 65 67 68 65 67 62 65 63 62 58 56 61 52 53 61 62 63 65 68 73 75 72 68 71 67 73 71 67 69 76 77 82 78 71 66 75 68
117 120 118 117 114 113 110 111 114 112 106 106 104 101 104 100 101 99 99 98 91 87 84 82 80 83 82 83 82 83 83 77 77 75 77 79 74 73 70 71 70 71 71 62 64 65 69 70 62 65 59 54 54 57 58 58 57 61 62 62 64 62 62 67 62 67 65 62 59 56 58 58 58 57 57 60 66 63 72 67 67 74 72 73 67 69 76 75 82 79 77 80 73 65 67 66
114 116 119 118 113 114 114 115 115 109 107 106 108 106 102 103 102 100 97 96 91 90 85 82 81 80 79 87 89 88 79 81 83 79 79 75 75 70 70 68 73 67 65 63 62 68 70 65 65 65 57 54 56 57 56 57 60 64 62 64 61 60 62 65 67 67 63 60 62 58 58 59 65 60 63 65 63 63 66 66 76 68 66 72 71 75 76 86 81 77 73 75 76 69 66 62
109 115 114 113 117 115 113 108 113 109 108 106 105 106 102 101 103 102 99 95 93 84 88 84 80 87 86 86 89 90 87 78 78 83 81 81 76 77 71 74 68 65 62 66 64 66 69 66 62 57 57 52 56 56 60 61 57 63 57 60 61 58 59 63 66 66 63 64 62 61 60 62 63 65 67 62 64 64 63 67 71 68 67 67 74 68 75 81 81 77 75 68 70 76 75 71
113 116 114 115 114 117 112 109 109 109 105 106 107 103 101 100 99 97 96 93 92 90 90 86 85 84 87 89 93 89 89 83 81 81 84 77 75 74 68 68 71 71 68 65 69 66 61 60 61 57 55 55 53 56 59 57 57 59 55 57 59 63 66 66 67 68 65 64 65 63 65 67 66 64 65 62 62 63 66 69 70 63 65 71 67 74 77 77 72 73 73 73 68 74 74 72
109 114 115 111 114 117 113 106 109 106 107 106 106 103 102 98 98 97 94 90 87 85 85 84 86 89 81 87 86 87 88 82 83 79 81 79 86 81 79 79 77 71 66 70 63 60 60 58 56 56 53 58 58 55 55 55 53 55 57 59 58 60 67 68 66 72 70 69 72 71 67 68 67 64 65 65 72 66 65 65 68 70 72 69 75 74 71 73 75 70 70 71 68 68 74 71
102 106 108 111 106 111 112 106 103 105 108 105 104 106 101 97 101 98 95 90 91 92 88 85 85 88 85 84 83 86 88 84 85 87 84 83 80 80 77 77 73 73 71 68 63 59 57 55 54 55 52 57 55 55 52 52 61 60 60 60 61 64 67 66 65 71 68 68 68 64 71 70 64 65 63 65 63 67 68 67 66 65 68 73 75 71 68 77 75 70 71 66 69 76 70 69
105 105 104 108 103 106 108 105 102 105 105 105 103 101 98 101 97 99 96 90 93 96 95 87 83 86 86 85 88 90 90 85 86 84 80 81 78 78 73 73 74 70 70 60 60 56 54 54 53 52 60 58 55 56 53 53 55 60 62 62 69 66 67 63 70 70 69 66 61 62 62 64 70 68 68 68 68 71 72 75 70 75 77 77 68 67 74 73 73 69 71 73 73 67 66 68
99 100 101 106 102 106 107 108 105 106 101 100 100 100 98 98 99 96 96 94 91 91 95 91 87 88 85 89 89 87 92 90 83 79 79 78 74 74 75 75 74 74 64 63 56 55 51 51 53 60 59 55 56 56 56 58 53 53 54 65 61 62 65 59 66 60 63 64 66 65 66 68 66 69 70 76 75 67 73 72 78 77 75 75 75 71 71 70 70 75 78 77 72 66 63 64
97 95 101 102 97 102 104 102 104 106 104 102 103 101 102 101 96 95 96 96 96 92 90 86 90 88 88 89 88 88 89 89 84 79 75 77 76 74 73 74 82 71 67 63 55 51 54 57 58 56 56 55 58 59 55 58 56 60 56 58 60 59 61 57 58 58 70 62 65 72 69 66 75 66 68 68 70 68 68 69 78 74 74 68 72 67 69 74 75 77 80 78 73 72 69 61
96 96 100 98 94 103 102 104 106 107 102 104 104 104 100 101 100 105 101 101 99 95 90 89 89 93 92 90 89 90 88 84 81 84 79 76 77 75 77 74 73 70 66 61 56 54 56 59 58 58 55 58 60 59 58 58 58 64 54 55 58 62 58 67 64 69 72 72 65 71 76 71 72 76 66 68 68 66 74 74 74 69 71 67 67 68 75 70 76 76 76 72 73 67 61 59
91 94 95 95 99 99 101 104 104 99 100 102 105 102 102 102 102 103 102 100 96 97 95 92 90 92 91 88 89 90 90 87 86 82 80 76 75 78 74 72 70 64 63 58 57 59 63 60 59 57 58 63 63 63 62 57 63 58 58 64 62 60 62 63 60 67 72 75 71 78 75 77 76 76 76 72 74 70 76 74 70 67 73 67 65 71 70 69 74 70 74 72 67 68 66 60
91 91 97 99 100 100 100 101 103 96 99 99 99 98 98 101 101 98 101 102 94 96 93 95 94 90 86 84 86 85 85 86 83 81 77 79 73 75 73 71 67 64 66 60 59 60 60 65 63 62 63 61 60 58 61 60 65 60 59 58 58 59 61 58 62 62 63 74 77 73 72 70 73 73 71 72 77 77 74 71 68 66 69 62 69 70 66 71 70 66 68 70 68 64 58 55
95 94 95 94 96 93 96 99 93 95 95 97 98 98 92 96 95 100 99 96 95 92 93 94 96 93 86 86 87 83 84 88 85 80 81 74 74 71 73 67 67 67 67 60 63 63 62 68 64 64 61 63 61 62 66 63 70 64 61 61 60 58 63 60 62 61 61 69 70 76 70 70 70 70 72 73 68 71 73 70 68 65 64 65 63 65 69 68 62 65 62 67 63 57 57 58
97 98 95 93 89 96 92 96 96 95 95 94 91 95 96 97 93 95 94 91 89 94 95 95 94 89 90 84 85 82 82 81 83 81 81 80 80 75 70 68 67 67 62 61 66 67 67 68 65 65 64 63 64 70 68 68 64 60 60 60 62 62 63 60 62 67 66 69 68 68 69 71 69 71 69 69 69 72 69 66 68 66 61 62 61 66 67 65 57 60 57 59 55 57 57 56
95 91 92 95 91 90 95 94 95 94 93 91 93 92 93 92 93 94 92 90 92 91 96 91 93 94 91 79 80 81 80 79 85 86 79 81 78 75 73 73 68 68 64 61 67 66 67 68 70 68 68 67 68 68 63 61 61 68 64 61 67 60 64 67 68 70 67 68 67 65 73 73 71 69 72 68 65 71 63 63 65 61 65 64 65 66 63 64 62 58 57 59 55 57 55 55
95 94 92 89 88 92 92 94 94 92 85 90 88 92 87 90 92 91 91 92 92 93 90 88 85 90 85 83 85 78 81 81 84 83 83 80 79 79 75 71 70 67 67 67 67 65 69 69 66 69 71 68 71 65 62 66 67 64 64 64 70 63 64 63 69 69 64 64 66 63 73 71 72 67 70 69 65 67 62 65 61 61 62 62 66 61 62 61 58 55 58 58 55 54 49 52
87 90 89 88 89 89 90 88 88 84 90 90 87 88 86 93 95 89 90 97 90 87 87 91 85 88 84 77 80 86 85 79 74 73 79 76 75 76 73 73 70 66 71 68 68 69 69 67 70 70 70 66 66 64 68 73 64 67 65 67 66 66 70 65 66 71 69 68 68 66 66 66 66 69 65 65 62 62 63 62 56 60 60 61 63 58 54 56 56 56 58 55 52 52 51 47
84 82 83 85 84 86 87 84 87 80 92 91 93 90 92 94 83 88 91 89 87 87 86 84 85 85 78 82 84 80 77 72 74 79 77 76 75 71 70 71 71 66 68 68 66 67 65 67 71 70 67 66 65 66 66 68 64 69 70 67 73 66 69 66 68 68 72 72 72 68 68 68 68 72 70 70 62 61 58 58 57 61 59 62 58 56 52 51 54 51 56 54 56 49 46 47
84 85 80 83 84 84 82 84 83 85 88 90 90 82 83 91 92 85 91 87 87 88 84 80 82 84 78 81 75 74 69 74 76 79 77 74 71 69 68 71 68 69 65 68 71 71 70 68 70 70 69 68 63 64 71 69 70 65 67 71 70 71 71 65 66 72 75 73 73 72 73 73 73 72 71 64 62 62 60 57 57 58 55 58 54 53 53 49 49 50 53 51 51 49 47 45
79 81 78 83 84 81 83 83 83 83 87 89 88 81 88 88 88 87 83 83 89 82 81 81 82 83 78 76 86 73 75 74 73 74 77 72 72 74 71 66 69 68 68 71 70 70 65 70 68 69 66 62 63 73 70 69 67 67 69 65 65 69 70 72 70 76 79 77 75 74 74 72 72 73 72 66 64 62 62 59 59 57 52 53 50 51 49 53 51 48 52 50 52 47 45 43
80 76 79 85 86 82 88 83 84 86 87 86 84 82 88 87 84 87 87 86 89 85 81 79 77 76 76 73 77 75 77 77 76 77 77 77 74 71 67 66 71 69 68 69 70 68 70 66 66 64 62 61 62 64 62 65 67 68 69 65 67 62 69 66 72 76 79 77 77 74 78 72 73 72 69 68 64 61 62 61 60 58 56 51 50 54 52 47 52 48 53 57 50 50 44 47
74 79 82 80 77 81 83 85 89 91 81 89 84 88 88 82 84 84 78 89 84 82 78 81 83 85 85 78 77 70 74 73 76 78 79 76 72 70 67 69 68 67 67 70 72 72 69 71 70 66 61 62 64 64 68 63 64 69 65 65 62 62 64 68 78 74 76 77 75 75 76 73 72 71 70 67 63 63 65 62 65 60 57 55 51 54 50 47 51 48 50 53 50 48 44 49
73 77 73 79 81 84 88 89 90 82 81 83 84 85 79 88 76 87 80 73 78 77 82 82 84 82 81 76 73 70 74 71 75 77 79 73 73 72 72 71 72 66 67 67 67 69 71 71 71 64 61 62 66 74 71 67 62 66 65 67 63 64 65 68 77 77 77 74 73 77 76 72 74 73 70 67 65 67 63 63 65 62 60 54 52 52 55 48 48 46 46 45 48 44 43 42
73 76 77 82 78 77 81 79 84 86 87 90 89 86 87 87 84 83 79 77 80 81 78 84 80 81 78 76 77 72 73 70 72 74 79 79 77 75 75 73 69 67 68 69 67 69 68 68 67 69 62 61 63 67 67 64 62 62 64 62 60 70 67 68 75 75 75 76 77 73 75 72 75 77 72 67 68 68 67 67 62 64 61 60 60 53 56 53 49 45 47 47 46 43 47 44
69 78 78 74 76 74 78 86 89 93 90 86 92 89 90 87 81 81 80 81 78 81 79 78 77 80 75 78 76 77 74 74 73 77 78 76 73 73 75 74 71 70 70 71 68 68 69 69 68 67 63 63 64 63 65 64 61 62 61 64 67 64 66 73 76 77 76 72 73 75 75 72 74 72 68 74 69 68 67 65 61 60 63 61 57 57 55 51 50 44 47 46 45 46 44 45
75 74 76 75 70 77 83 87 92 95 90 86 83 85 89 90 86 87 77 75 75 79 77 78 78 73 76 75 77 75 75 75 79 73 76 75 74 72 75 74 73 73 72 75 72 72 68 70 68 65 66 63 61 66 62 61 63 68 66 62 63 66 67 70 70 73 72 73 74 76 75 71 74 71 68 69 67 63 66 66 58 62 62 59 60 56 50 49 48 44 47 45 42 44 41 45
74 74 74 69 69 77 76 80 87 90 92 90 89 88 87 84 80 77 81 80 78 74 75 73 73 74 75 76 77 78 73 77 75 75 75 74 72 75 75 75 72 75 72 72 72 72 71 70 67 64 63 62 61 64 63 63 67 65 65 62 67 65 64 67 66 70 72 73 75 73 72 71 72 69 67 63 66 66 60 60 62 59 61 58 56 55 48 49 42 45 44 48 47 42 42 44
74 73 67 66 75 79 79 83 85 86 85 87 87 83 85 83 83 84 79 80 78 76 77 76 71 76 73 75 73 74 77 72 72 72 71 75 74 76 78 75 74 73 74 73 71 72 73 70 67 64 67 67 63 61 66 65 65 62 65 62 67 70 64 65 68 68 72 73 75 73 68 73 72 67 69 65 66 60 58 56 57 58 64 56 52 58 49 47 41 38 42 42 42 43 43 43
71 68 64 69 71 72 75 78 79 83 84 80 80 81 82 80 81 79 81 78 80 80 74 71 77 70 73 73 71 69 74 76 76 77 77 72 75 76 74 76 76 77 77 74 73 73 73 73 70 68 70 65 64 62 63 64 64 64 62 67 64 62 62 67 73 72 72 68 70 69 67 70 66 65 67 63 60 61 64 57 60 57 60 56 55 54 46 45 42 45 42 40 45 43 37 41
65 62 64 69 68 67 72 74 74 78 77 76 78 76 80 77 78 79 75 72 74 72 72 70 73 74 75 69 70 75 76 77 73 78 76 77 76 74 73 72 76 78 76 77 76 73 72 71 69 69 67 68 66 66 63 64 68 69 62 65 62 62 62 63 61 68 71 69 67 65 67 63 62 62 63 66 64 64 62 57 53 56 55 52 51 55 49 47 44 45 41 41 48 44 40 37
65 59 63 66 65 68 68 68 71 74 74 74 74 75 81 78 73 75 71 72 73 72 74 73 71 71 71 71 71 72 73 75 76 76 78 78 77 71 70 72 73 74 76 71 70 71 72 70 69 66 67 69 68 64 62 66 66 62 62 64 61 63 62 61 61 69 61 61 64 63 65 65 62 68 66 65 62 60 56 57 54 52 57 55 49 49 46 44 45 45 42 44 43 42 39 40
59 59 62 65 63 64 66 71 71 73 72 72 73 75 74 75 72 72 74 72 74 75 74 72 71 69 71 72 72 72 74 74 75 74 72 72 73 75 67 70 72 73 72 72 69 68 72 69 67 69 69 65 67 69 65 62 66 62 61 60 61 62 63 63 60 61 62 61 56 60 63 63 63 66 67 62 61 58 59 65 57 58 53 52 50 47 45 48 45 44 42 43 44 45 45 39
56 60 65 65 59 64 67 66 67 67 69 67 71 71 71 70 69 74 74 74 73 73 73 72 70 69 71 72 72 72 76 76 76 72 70 69 75 72 67 69 67 71 69 69 67 72 70 69 69 66 67 68 69 71 65 63 66 66 64 70 68 60 60 64 65 61 58 58 61 59 58 59 64 67 61 63 60 55 58 65 62 55 55 51 48 47 51 50 50 49 43 41 41 44 40 41
53 60 60 57 60 64 65 64 65 64 64 67 67 67 68 66 66 69 73 74 71 74 71 74 72 70 72 70 72 75 76 75 72 72 68 72 72 70 64 66 66 68 67 67 66 67 69 66 69 67 68 66 65 67 67 64 67 65 70 68 66 63 60 60 62 63 57 64 63 64 61 64 67 68 64 61 58 60 60 61 59 56 50 48 45 48 48 49 52 47 43 39 39 41 39 39
53 58 56 63 61 65 64 62 63 65 65 66 65 64 65 66 67 71 72 72 69 70 71 66 71 69 70 72 73 71 74 71 76 72 73 67 70 67 63 66 67 66 68 65 67 68 68 66 69 67 65 67 66 63 65 65 64 67 68 62 62 65 60 58 58 60 61 65 65 67 66 66 69 69 66 67 61 58 57 56 56 55 52 45 45 45 50 50 50 46 44 37 41 37 35 37
56 54 55 60 63 62 62 61 63 63 66 65 64 65 63 67 69 69 66 66 72 70 68 69 67 68 73 71 71 70 74 67 71 69 72 71 66 62 66 65 67 65 63 67 65 67 67 65 68 67 72 69 70 65 63 64 65 65 65 64 61 67 66 61 59 61 60 65 61 61 62 67 65 63 67 63 63 62 60 58 56 55 50 49 46 44 44 46 50 50 44 37 36 38 35 33
55 57 57 61 61 57 57 61 61 62 64 65 65 62 66 68 68 67 67 66 63 64 64 66 70 73 73 70 70 71 70 71 68 74 75 70 68 67 64 68 68 64 61 64 62 64 62 66 70 69 71 70 67 65 66 65 66 65 63 65 62 62 62 64 60 60 58 58 65 61 65 68 67 62 65 64 63 62 60 55 52 51 51 47 47 50 44 46 48 44 43 39 35 36 34 32
52 53 58 58 57 56 59 61 64 63 63 62 63 61 67 66 65 65 63 67 67 67 71 71 70 68 66 69 69 65 66 67 62 71 74 68 69 67 64 66 63 61 60 59 63 67 66 68 68 72 65 73 65 63 65 70 66 66 65 60 59 60 61 62 64 65 64 60 61 68 65 64 60 62 65 64 62 59 58 57 51 47 48 51 50 50 44 46 44 41 40 37 34 34 36 34
50 53 57 58 56 58 60 61 62 60 61 61 61 61 63 63 63 63 68 68 69 71 73 69 66 68 69 63 69 65 66 65 62 67 67 67 64 63 66 66 66 63 61 61 68 65 70 73 68 65 64 64 65 68 67 71 67 69 69 60 64 63 60 60 62 61 62 64 67 68 65 62 58 62 64 62 62 59 59 52 53 49 49 51 50 46 46 44 42 41 38 36 36 35 34 34
50 53 55 55 53 58 58 61 58 61 58 61 63 62 62 63 65 68 70 71 74 65 65 67 66 65 62 66 66 60 62 66 61 62 63 66 66 64 61 63 64 61 59 60 65 65 67 74 71 66 61 64 64 69 69 72 69 67 65 62 63 64 59 60 61 64 62 68 67 64 63 66 62 57 60 61 59 59 56 54 49 51 49 47 45 46 46 44 42 41 38 38 40 38 35 38
48 52 51 51 50 57 56 54 53 55 63 62 62 62 63 64 65 68 70 68 64 65 65 68 66 65 63 64 64 59 58 61 59 59 61 62 60 64 64 63 62 64 60 64 61 60 65 65 66 60 64 67 62 63 65 60 61 65 63 66 64 63 60 62 62 65 68 66 65 63 60 64 59 61 58 54 53 55 55 53 50 51 50 50 49 45 47 47 43 40 41 38 37 39 36 39
46 48 51 49 53 55 55 50 55 59 60 63 64 64 66 65 66 64 66 66 62 65 66 59 60 63 58 60 60 62 61 56 58 58 58 60 60 58 60 61 61 64 62 61 59 57 58 59 58 61 66 70 62 69 66 64 65 62 64 62 62 65 61 63 63 68 63 63 61 65 61 59 62 61 56 54 51 51 53 47 48 53 52 49 45 50 48 49 47 43 38 37 36 39 39 35
43 47 49 52 52 51 52 55 55 57 58 60 63 60 61 65 62 63 63 58 59 60 60 64 58 57 56 61 59 61 62 57 60 56 60 57 58 62 62 60 63 63 63 58 58 61 61 67 66 65 70 70 70 65 61 64 66 61 60 61 63 64 64 62 66 63 60 60 65 65 62 56 55 56 60 57 51 49 46 44 51 50 49 46 46 51 47 46 46 43 38 38 40 40 37 32
43 43 48 51 46 47 50 55 56 59 60 59 61 59 63 59 58 60 60 60 60 68 62 58 62 57 55 61 62 62 56 59 59 54 58 55 60 57 55 54 56 60 56 63 57 65 65 67 73 70 63 64 66 62 58 61 58 60 63 60 66 66 68 67 68 62 60 59 62 57 58 56 58 58 54 51 50 47 44 48 48 46 46 46 48 50 50 50 49 44 42 40 40 37 35 33
42 43 43 43 44 45 49 51 52 52 55 59 55 55 58 60 58 60 61 64 66 68 67 58 62 60 55 58 53 58 56 59 54 56 58 57 55 55 53 59 59 55 59 59 57 63 66 65 69 65 63 61 60 58 59 59 62 63 67 62 61 68 68 67 62 60 61 56 56 55 55 57 58 55 54 48 43 49 51 46 46 46 46 48 50 50 50 50 49 50 48 40 37 34 33 33
44 43 43 44 43 48 49 48 43 50 53 49 48 49 52 53 56 57 55 61 61 67 68 66 61 58 55 58 57 55 53 56 55 57 55 55 56 55 57 60 62 55 59 59 56 57 62 67 63 60 58 58 58 60 56 58 61 61 64 68 64 63 64 64 65 62 55 51 51 54 57 60 53 52 48 45 47 54 49 50 47 46 49 51 50 51 51 51 51 48 43 41 37 37 34 32
47 46 46 43 44 43 43 43 43 45 45 51 50 50 50 51 52 56 60 55 59 68 65 63 60 57 60 55 55 56 58 60 56 57 57 55 61 60 56 57 62 60 63 61 59 59 56 58 57 60 62 64 64 62 61 62 58 67 64 64 64 68 67 61 62 57 52 50 53 54 59 55 50 48 45 47 49 49 49 44 43 47 50 49 49 50 50 50 48 46 42 38 37 36 34 34
