grids/precipitation/mar/RSMS_03_1882_01.asc
NCOLS 654
NROWS 866
XLLCORNER 3280414.711633467
YLLCORNER 5237500.62890625
CELLSIZE 1000
NODATA_VALUE -999
[rows 318 to 370 of 866, columns 96 to 191 of 654]
60 60 60 60 60 60 60 61 59 59 59 59 59 59 59 58 58 58 57 56 56 55 55 55 55 54 54 54 54 53 53 52 52 53 53 52 52 50 50 51 51 51 51 52 53 55 60 56 56 57 61 58 60 59 62 64 74 67 69 70 66 65 63 60 59 60 58 56 55 53 52 52 53 54 53 53 53 54 54 54 55 56 57 56 55 54 54 54 54 54 53 53 54 54 55 55
61 60 60 60 60 61 61 61 61 60 59 59 59 59 59 59 58 58 56 56 55 55 54 54 53 53 54 53 53 53 52 52 52 53 52 52 52 52 50 50 52 52 52 52 53 54 56 59 60 58 61 58 65 62 62 65 70 72 75 73 70 67 64 62 62 62 59 58 56 53 53 52 54 53 53 56 55 55 58 56 56 56 56 57 60 59 57 54 54 55 53 55 55 55 55 57
61 60 60 60 60 61 61 62 63 60 60 60 59 59 59 58 58 58 56 55 55 55 54 53 53 52 52 53 53 53 52 52 53 53 52 52 52 52 51 51 52 51 52 53 53 53 55 56 62 65 61 59 65 66 64 67 70 77 82 81 71 70 66 61 62 60 58 55 54 54 54 54 54 54 54 57 56 56 59 57 56 56 58 58 59 57 57 55 55 55 54 56 56 55 55 58
61 61 61 61 61 61 62 62 62 61 61 60 60 59 58 58 58 58 56 55 55 55 54 53 53 53 53 53 52 53 53 52 53 52 52 52 52 52 51 51 51 52 52 53 53 54 54 56 56 59 61 69 67 63 62 65 66 68 67 71 70 69 69 64 64 60 59 57 58 57 55 54 55 54 56 56 55 56 58 56 57 56 57 58 59 58 59 57 59 55 58 56 54 55 57 59
61 60 61 60 60 60 61 60 61 60 62 62 62 59 59 57 57 56 56 56 55 54 54 54 53 53 53 53 53 53 53 52 52 52 52 51 51 52 52 51 52 52 54 53 53 54 54 56 56 57 58 60 62 64 66 69 69 62 64 65 68 75 66 71 66 67 62 62 64 59 57 56 56 57 59 58 57 57 58 58 58 58 58 57 58 57 58 57 56 57 59 56 56 57 58 60
61 61 60 60 60 60 61 60 61 61 61 60 61 61 59 57 57 57 56 55 55 55 54 54 54 53 53 53 53 53 52 52 52 52 51 52 51 51 52 51 52 52 53 53 54 54 54 56 56 56 57 58 59 58 59 61 61 61 62 61 62 62 62 64 64 64 68 67 67 64 62 59 61 61 61 58 60 58 58 58 61 62 60 60 59 59 57 57 57 57 59 60 59 59 59 59
61 61 60 60 61 61 61 61 61 62 60 59 61 61 59 57 57 57 56 55 55 55 55 54 54 54 54 53 53 54 52 51 51 52 52 51 51 51 53 52 52 52 53 54 54 54 54 55 56 56 56 57 58 59 58 59 59 61 61 61 60 61 61 60 61 62 69 69 63 62 61 62 64 66 62 61 60 58 59 59 63 61 59 59 58 60 60 58 57 57 58 59 59 59 58 61
62 62 61 61 61 61 61 61 61 61 61 59 60 61 58 58 57 57 56 56 55 55 55 54 54 54 54 53 53 53 54 52 52 52 52 52 51 52 52 52 53 53 53 54 53 54 54 55 56 55 56 56 58 57 58 59 59 59 60 60 60 60 59 60 61 61 64 64 61 66 69 66 64 64 63 62 59 60 62 65 62 62 60 61 61 61 59 59 60 58 59 58 58 59 62 63
61 62 62 67 66 61 61 60 60 60 60 60 60 61 60 58 58 57 56 56 56 55 55 55 56 55 54 54 54 54 54 53 53 52 52 52 53 53 53 54 53 53 54 54 53 53 54 54 55 55 56 56 56 57 57 58 58 60 59 59 59 59 60 62 63 61 60 60 62 63 66 70 70 72 64 66 63 60 60 62 61 62 62 65 65 64 60 61 62 64 60 60 60 61 62 61
61 62 65 67 66 64 61 60 60 60 60 60 60 60 60 59 58 57 56 56 56 56 56 56 57 55 55 54 55 55 53 53 53 53 53 53 54 54 54 54 55 55 54 54 54 55 54 54 54 55 55 56 56 56 56 57 56 58 58 58 58 59 64 67 67 65 60 58 61 61 62 67 67 69 65 67 66 62 61 63 65 64 65 64 65 65 62 63 64 63 63 63 63 63 63 62
62 62 62 65 66 67 64 61 60 60 60 60 60 60 60 60 59 58 57 57 56 56 56 56 56 56 55 54 55 55 55 53 53 53 53 54 54 54 54 55 55 55 54 54 54 54 54 54 54 54 55 56 56 57 56 56 56 57 58 58 59 59 61 62 62 60 59 59 60 60 60 63 63 65 73 64 64 62 62 64 65 65 66 64 66 68 66 67 67 67 65 63 64 65 63 63
62 62 62 64 65 66 64 61 60 60 60 60 60 60 59 60 59 59 57 56 57 56 57 56 56 56 55 55 54 55 55 54 53 54 53 54 54 54 55 55 55 55 55 54 54 54 54 53 53 53 55 55 56 56 56 56 56 56 58 58 57 58 58 59 58 58 60 59 59 58 59 60 61 62 64 63 66 68 66 66 66 67 67 65 66 67 68 67 67 66 68 67 63 63 65 63
62 62 61 62 63 65 65 61 60 60 60 60 60 60 59 59 59 58 58 58 57 57 57 56 56 57 57 55 55 54 54 55 55 54 54 54 55 55 55 55 55 55 55 55 54 54 54 53 54 54 55 55 55 55 56 56 55 56 56 56 56 56 57 58 58 59 60 59 58 58 58 60 60 60 61 68 68 68 68 72 69 67 66 66 68 67 68 65 67 67 68 67 65 63 65 65
62 62 61 61 62 63 63 62 60 60 60 60 60 60 60 59 59 58 58 58 56 56 56 57 57 57 57 56 55 55 55 55 56 56 55 55 55 55 55 55 55 55 55 55 55 54 54 54 54 54 54 55 55 55 55 55 55 56 56 57 57 57 57 57 58 58 58 58 57 58 58 60 60 60 61 64 66 67 74 77 72 76 68 68 68 66 66 68 66 67 68 65 67 64 65 64
63 62 62 61 61 62 63 62 61 61 60 60 60 60 59 59 59 60 58 57 56 56 56 57 57 57 57 56 56 55 55 55 56 56 55 55 55 55 55 55 55 55 55 55 55 55 54 54 54 54 55 55 54 55 55 55 55 55 55 56 57 57 57 57 58 58 58 57 57 57 57 59 60 60 60 62 62 63 67 71 79 75 71 70 69 68 65 67 67 66 68 65 66 65 64 63
64 63 62 62 62 62 62 61 63 62 61 60 60 60 59 58 58 58 57 57 57 56 56 57 57 57 57 56 55 56 56 56 56 56 56 55 55 55 55 55 55 55 55 55 55 55 54 55 54 54 54 54 54 54 55 55 55 55 55 55 57 57 56 57 57 56 56 56 57 57 58 58 59 60 60 60 61 63 65 67 70 75 78 74 72 69 67 67 65 65 67 67 63 64 63 60
65 63 63 63 63 62 62 64 63 62 62 60 60 59 59 58 59 58 60 58 57 56 56 57 57 57 57 56 55 55 56 55 55 56 56 56 55 55 55 55 55 55 55 55 55 55 54 54 54 53 54 54 55 55 55 55 55 55 55 56 56 57 57 56 55 55 55 55 57 57 57 57 58 58 59 59 61 62 64 66 67 73 76 76 75 71 68 67 67 66 67 66 65 63 60 59
66 65 64 63 63 64 63 64 65 64 62 63 61 60 59 58 59 58 59 61 59 58 58 58 58 58 57 57 57 56 56 55 55 56 56 56 56 56 55 54 54 54 54 54 54 54 54 54 54 54 53 53 54 54 54 54 54 55 55 56 56 56 56 56 55 56 56 56 56 56 56 56 57 58 58 59 59 61 62 64 66 67 78 77 71 72 70 68 67 67 70 68 66 65 61 58
66 66 65 64 64 65 67 67 64 64 63 63 62 60 59 58 59 59 59 59 61 59 58 59 58 58 58 57 57 57 56 56 55 55 56 55 56 56 55 54 54 54 54 54 54 54 54 54 54 54 53 53 54 54 54 54 54 54 55 56 56 56 56 55 55 54 56 56 56 56 56 56 56 57 59 59 59 59 61 62 64 65 69 71 79 71 70 72 70 68 69 67 67 65 62 59
66 67 65 65 65 67 67 67 64 63 63 62 61 61 60 60 59 59 60 59 60 60 61 59 59 58 58 57 57 57 57 56 56 56 56 56 55 56 54 54 54 54 54 54 54 54 53 54 54 54 54 53 53 53 53 54 54 54 55 56 55 55 55 54 54 54 54 54 55 56 56 56 56 57 57 57 59 59 60 62 62 65 65 68 72 73 73 74 72 77 69 69 67 65 62 59
66 66 65 66 65 68 70 69 64 65 64 63 62 61 61 60 61 60 60 60 60 61 61 61 62 59 58 58 57 57 57 57 56 55 55 56 56 55 54 54 54 54 54 54 54 54 54 53 53 53 53 53 53 54 53 53 54 54 54 54 54 54 54 54 54 55 55 55 55 55 56 57 57 57 57 57 57 59 60 60 61 62 63 65 65 69 77 77 77 77 72 68 66 65 63 62
66 65 65 65 65 67 68 69 69 67 63 63 63 62 61 62 62 60 60 61 61 61 60 60 60 60 59 58 58 58 57 57 57 57 56 56 56 56 55 53 54 54 54 54 54 54 53 53 53 53 53 53 52 52 54 53 53 54 54 54 54 54 54 55 55 55 55 55 56 56 56 56 57 57 58 58 58 59 59 59 60 60 62 64 64 67 68 70 70 69 68 70 67 66 65 64
65 64 65 65 65 65 67 70 70 67 65 63 63 62 61 62 62 62 60 60 61 61 60 60 60 60 59 58 58 58 57 57 57 57 55 56 56 56 55 53 54 54 54 55 54 54 54 53 53 54 53 52 53 53 53 52 53 53 54 54 54 54 55 55 55 55 55 55 55 56 56 57 56 57 57 58 58 58 57 59 59 60 61 63 64 64 65 66 66 67 72 70 70 69 66 66
64 66 65 64 64 65 66 69 70 68 66 66 64 64 62 62 62 62 62 60 61 60 61 60 60 60 60 59 59 58 57 57 57 57 56 56 56 56 55 55 54 54 54 55 54 55 54 53 53 53 52 53 53 53 53 52 53 52 52 54 54 54 55 55 55 55 55 55 55 55 55 56 56 57 57 57 58 58 57 58 59 59 61 63 64 64 64 64 64 67 70 74 74 76 71 71
65 65 67 65 64 65 66 68 69 70 70 69 67 64 63 63 62 62 62 61 60 60 60 61 62 62 61 60 59 59 57 57 58 57 56 56 56 56 55 55 55 54 54 54 54 54 55 55 54 53 52 52 52 52 52 51 53 53 53 53 54 54 55 55 55 55 54 54 55 55 55 55 55 56 56 57 57 58 58 58 58 60 60 61 63 62 62 64 64 66 67 70 71 76 76 77
68 68 67 67 66 65 67 67 69 70 71 70 67 67 64 64 63 62 62 61 61 61 62 61 62 62 61 61 61 60 58 57 58 57 56 56 56 56 56 57 56 57 54 54 54 54 54 54 54 54 52 51 51 52 52 51 51 52 53 54 54 54 54 54 54 54 54 55 55 55 55 55 55 55 56 58 58 58 58 58 60 60 60 60 60 61 62 63 64 65 67 67 68 69 74 80
68 69 68 67 67 67 70 69 67 68 67 68 69 69 69 65 63 63 62 61 61 61 62 62 61 62 61 61 61 61 59 58 58 57 56 56 56 57 56 56 56 57 56 55 55 55 55 54 54 55 52 51 51 51 51 51 51 51 52 53 53 54 54 54 54 54 54 55 55 55 54 55 55 55 56 57 58 58 58 59 59 60 60 60 60 60 62 64 64 64 65 66 67 68 70 72
66 68 66 66 67 67 68 68 70 66 67 65 65 66 73 65 63 63 62 62 61 61 62 62 62 61 61 61 61 61 59 58 57 57 56 56 56 56 56 56 57 57 58 55 55 55 55 55 54 54 52 52 52 51 51 51 51 51 53 54 54 54 54 54 54 54 55 55 55 55 55 55 55 55 56 57 57 57 58 59 60 59 60 59 60 60 62 62 63 64 64 65 66 67 69 71
64 65 68 68 67 68 66 65 66 65 66 64 63 64 66 66 63 63 62 62 62 61 62 61 62 61 60 61 60 60 58 58 58 56 56 56 56 56 56 56 57 57 57 56 56 55 55 55 54 55 52 52 53 51 51 52 51 52 53 53 54 54 55 54 54 54 55 55 55 55 55 55 55 56 56 57 57 57 59 58 59 59 59 59 60 60 61 62 63 63 64 66 67 66 67 70
65 65 68 69 69 66 66 63 63 65 64 64 63 63 64 64 63 63 62 61 61 61 60 61 60 60 61 60 60 60 58 58 58 58 56 56 56 56 56 56 57 57 57 56 56 56 55 55 54 54 53 53 53 53 52 52 53 53 53 54 54 55 55 55 55 55 55 55 55 55 55 54 55 56 56 58 58 58 58 59 59 59 59 60 60 60 61 62 63 64 65 65 66 66 68 69
64 66 65 67 67 65 64 65 63 63 63 63 63 63 63 63 63 61 62 61 61 61 62 60 60 60 60 60 60 60 60 58 58 58 57 56 56 56 56 56 57 57 56 56 56 56 55 55 55 55 53 53 53 53 53 53 53 53 53 55 55 55 55 55 55 55 55 55 55 55 55 56 56 56 56 58 58 58 59 59 59 59 58 60 60 60 61 63 63 63 64 65 65 66 67 69
64 63 63 64 64 64 64 63 63 62 61 61 61 60 60 60 60 61 62 62 61 61 61 61 60 60 60 59 59 60 60 58 58 57 57 56 56 56 56 56 56 57 56 56 56 56 55 55 55 55 54 54 53 53 53 53 53 53 53 55 55 55 55 55 55 55 56 55 55 55 56 56 56 56 58 58 58 58 58 58 59 59 59 60 60 60 61 62 62 64 64 64 65 67 67 69
63 63 63 62 63 63 64 64 63 62 62 62 62 62 63 63 62 61 62 62 62 62 62 61 61 61 61 60 60 60 60 59 58 57 57 57 57 56 56 56 55 55 56 56 55 55 55 55 55 55 54 54 54 54 54 54 55 54 54 54 55 55 55 55 55 55 56 56 56 56 56 56 56 57 58 58 58 58 57 57 58 59 59 59 60 61 61 61 62 63 63 64 65 65 67 67
63 63 63 62 62 62 62 62 63 63 62 62 62 62 62 62 62 62 63 63 63 62 62 62 62 61 61 61 61 61 59 59 58 58 57 57 57 57 56 56 55 55 55 55 55 55 55 55 55 55 55 56 55 55 55 55 55 54 54 54 54 55 55 56 56 56 56 56 56 56 56 57 57 57 58 58 58 58 57 57 58 58 59 59 59 59 60 61 62 62 63 64 64 65 65 66
63 63 62 62 62 62 62 62 62 62 63 61 61 62 62 62 62 62 62 63 63 63 62 62 62 62 62 61 61 60 59 59 59 58 57 57 57 57 55 55 55 55 55 55 55 55 55 55 55 55 55 56 56 56 55 55 55 55 54 54 54 54 55 56 56 56 56 56 57 56 56 57 57 57 58 58 58 58 58 58 58 58 59 59 59 59 60 61 62 62 63 63 64 64 65 65
62 63 62 63 63 62 62 62 62 62 62 61 61 61 61 62 62 62 62 62 63 63 62 63 62 62 61 61 61 60 60 59 59 59 57 57 57 57 55 55 55 55 55 55 55 55 55 55 55 56 56 56 56 56 56 56 56 56 55 55 54 54 56 56 56 57 56 56 56 56 57 57 57 57 58 58 59 58 58 59 58 59 59 59 59 59 60 60 62 62 63 62 63 64 64 64
61 62 63 63 63 63 62 61 61 61 61 62 62 61 62 61 62 62 63 63 63 62 62 62 62 62 61 61 61 60 60 59 58 58 59 57 56 56 57 55 55 55 55 55 55 55 55 55 55 55 56 56 56 58 58 58 57 56 56 56 55 56 56 55 57 57 57 57 57 57 57 58 58 57 58 58 59 58 58 59 59 59 59 58 59 59 60 61 62 62 62 62 62 62 62 63
61 62 62 63 63 61 61 61 61 61 61 61 61 62 62 62 62 62 62 62 62 62 63 62 62 61 62 60 60 60 60 59 59 58 58 56 56 56 55 55 55 55 55 55 55 55 55 54 54 55 55 56 56 56 57 58 59 57 59 58 59 58 56 57 58 58 57 57 57 57 58 58 58 58 57 58 58 59 58 58 58 58 59 59 59 59 60 60 60 61 62 61 61 61 62 62
60 61 62 62 62 62 62 61 61 61 61 61 61 61 62 62 62 62 62 62 62 62 62 62 62 62 61 60 60 60 60 59 58 58 57 56 56 56 56 55 55 55 55 55 55 55 54 54 55 55 55 55 56 57 57 58 58 57 57 58 58 57 58 59 58 58 58 57 57 57 58 58 57 57 57 58 58 58 58 58 58 58 59 59 59 59 59 60 60 61 61 61 61 61 61 61
60 60 60 61 61 61 61 61 61 60 60 61 61 61 62 61 61 61 62 62 62 62 62 63 62 62 61 61 60 60 60 59 59 58 56 57 57 56 56 55 55 55 55 55 55 55 54 54 55 55 55 56 56 56 56 57 58 58 58 58 58 58 58 57 58 59 59 57 57 57 57 58 58 58 57 57 58 58 58 58 58 58 58 59 59 59 59 60 60 60 60 60 61 61 60 60
60 60 60 59 60 61 61 61 60 60 60 60 61 60 61 61 61 62 62 62 62 62 63 63 62 62 62 61 60 60 59 58 58 57 56 56 56 55 56 56 56 56 56 56 55 54 55 55 56 55 56 56 56 56 57 57 59 58 58 58 58 59 59 59 59 60 58 58 58 57 57 57 58 58 57 57 57 57 57 57 58 58 58 59 59 59 59 59 59 60 60 60 59 59 60 60
60 60 59 59 59 59 60 60 60 60 60 60 60 60 60 60 60 62 62 62 62 62 62 63 62 62 62 61 61 60 59 58 56 56 56 55 55 55 56 56 56 56 56 55 55 55 55 55 56 56 56 56 56 56 56 57 58 58 58 58 58 60 60 62 61 59 58 58 58 58 58 58 57 57 58 57 57 57 57 58 58 58 58 59 59 59 59 59 59 59 59 58 58 58 60 58
60 60 59 58 59 59 60 60 60 60 60 60 60 60 60 60 60 60 61 62 62 62 62 62 62 62 62 61 61 60 58 57 56 56 55 55 55 55 56 56 56 57 57 56 56 56 56 56 56 56 56 56 56 56 56 56 58 57 57 59 59 60 60 62 62 61 61 62 60 59 58 58 57 57 57 57 57 57 57 58 58 58 59 58 59 59 59 59 59 59 59 58 58 59 58 58
60 61 60 58 58 58 59 59 60 60 61 60 60 60 60 60 60 61 61 61 62 62 62 62 62 62 62 61 61 59 58 57 56 56 55 55 55 55 55 56 56 56 55 56 57 56 56 56 56 56 56 56 56 56 57 57 56 58 58 59 60 60 61 60 62 61 61 62 61 61 59 59 58 58 57 57 57 57 57 58 58 58 58 58 59 59 59 59 59 59 58 58 58 59 58 58
59 59 59 58 59 58 59 59 60 61 61 61 60 60 60 60 60 60 61 61 61 61 61 61 61 61 60 60 59 59 58 57 56 55 55 55 54 55 55 55 56 56 56 56 57 56 56 56 56 56 56 56 56 56 57 58 58 60 59 60 59 60 60 60 60 62 61 61 59 60 59 59 59 58 57 57 56 58 57 57 57 58 58 59 59 59 59 59 57 57 57 58 56 56 56 56
59 59 59 59 59 60 60 61 61 61 63 63 61 60 60 60 60 60 60 60 61 62 63 61 62 62 60 61 59 59 58 58 56 55 54 54 54 54 54 54 54 55 55 56 56 57 57 57 57 57 57 56 57 58 57 58 59 60 61 59 58 61 61 60 61 61 62 60 58 57 57 56 56 55 57 57 57 57 56 56 56 57 57 58 58 58 58 56 56 57 57 55 55 55 56 56
60 59 59 59 59 60 62 62 62 62 63 64 63 61 60 60 60 60 60 61 61 62 61 61 62 62 60 60 59 58 56 56 55 55 54 55 55 54 54 55 55 55 56 56 56 56 56 57 57 57 56 58 58 58 58 59 60 61 60 60 60 60 60 60 60 60 60 60 59 59 58 57 57 56 56 57 57 56 56 56 57 56 57 58 58 57 56 56 56 56 55 55 55 55 55 56
58 59 60 65 64 63 60 60 62 62 62 64 65 62 61 60 60 60 60 60 61 61 61 62 60 61 60 60 60 58 57 56 56 55 54 54 55 55 55 55 55 55 56 57 57 56 56 56 57 57 56 56 57 58 58 59 60 60 60 60 61 62 61 62 61 60 59 58 58 57 56 56 56 56 56 56 57 56 55 57 56 56 57 56 56 56 56 56 56 55 55 55 55 56 56 55
58 58 60 61 60 60 59 60 60 61 62 63 65 61 60 60 60 60 60 62 62 63 62 61 60 59 60 60 58 57 57 56 55 55 55 55 55 55 55 55 54 56 56 55 55 56 56 57 55 55 55 56 56 57 57 58 58 59 59 59 61 58 60 59 59 60 59 59 56 59 57 57 56 55 55 56 56 55 55 55 55 55 56 55 55 55 55 55 55 55 56 55 55 55 56 55
58 58 59 59 58 59 59 59 59 59 62 62 64 65 61 59 59 59 59 60 61 61 62 61 59 61 61 58 57 56 56 55 53 53 54 54 54 54 55 55 54 55 56 55 54 55 55 55 55 55 55 55 55 55 56 57 57 58 59 59 59 58 57 58 58 57 57 56 57 58 56 56 55 55 56 56 55 55 56 56 55 55 55 55 55 55 55 55 56 56 56 55 54 54 54 54
58 59 59 59 59 59 59 59 59 59 61 62 63 62 61 59 59 59 59 60 61 61 60 60 61 59 60 59 57 56 56 54 54 55 53 54 54 55 54 54 54 55 55 55 55 55 55 56 55 55 55 55 55 56 57 58 58 59 58 60 59 58 58 56 56 56 56 55 56 56 55 56 55 55 53 55 55 56 55 55 55 55 55 55 55 57 57 55 55 55 54 54 54 54 54 54
58 58 58 58 58 58 59 59 59 60 60 60 60 61 61 59 59 60 60 60 62 61 60 59 60 60 59 59 58 57 55 55 56 55 53 54 55 55 53 54 55 54 55 56 56 56 55 56 56 55 55 55 55 56 57 57 59 59 60 58 58 57 58 58 57 56 56 55 55 55 54 55 55 54 53 54 54 54 54 54 55 54 54 54 55 55 53 54 55 54 54 54 54 54 54 54
60 58 59 58 58 57 57 58 59 59 60 60 60 60 60 59 59 59 59 59 59 59 60 59 59 58 58 58 57 55 54 54 53 53 54 54 53 53 52 53 53 54 55 54 55 53 55 55 55 55 55 55 56 56 56 57 55 55 56 56 55 55 54 55 54 55 54 55 54 54 53 53 54 53 53 53 53 53 54 54 54 53 54 54 54 53 53 53 53 54 54 54 54 54 54 54
