grids/precipitation/mar/RSMS_03_1883_01.asc
NCOLS 654
NROWS 866
XLLCORNER 3280414.711633467
YLLCORNER 5237500.62890625
CELLSIZE 1000
NODATA_VALUE -999
[rows 318 to 370 of 866, columns 288 to 383 of 654]
21 20 20 19 18 18 17 17 17 16 16 16 16 16 16 16 15 15 15 14 14 14 15 16 16 17 18 19 18 19 19 20 20 21 21 21 23 24 25 25 25 26 27 27 28 29 31 32 33 36 40 43 43 44 44 43 41 41 40 38 35 33 32 31 29 27 26 26 25 22 21 22 22 22 23 22 22 21 19 18 17 17 18 17 17 17 18 17 16 16 16 16 16 16 16 16
20 20 19 19 19 18 17 17 16 16 16 16 16 16 15 15 15 14 14 13 13 13 14 15 15 17 17 18 18 18 19 20 20 20 21 21 21 23 25 25 25 26 26 27 28 29 30 31 31 33 36 38 40 41 41 42 40 40 39 38 36 35 32 30 28 28 26 25 25 23 22 22 22 21 22 22 22 21 20 18 16 18 18 18 18 18 18 17 16 16 16 16 16 16 16 16
20 20 19 18 18 18 17 17 16 16 16 16 16 16 16 15 14 13 13 12 12 12 13 14 15 15 16 18 18 18 19 19 19 20 21 21 21 22 24 25 25 25 25 27 27 27 29 30 31 32 34 36 36 37 39 40 39 39 39 38 37 36 32 30 28 27 26 25 24 23 23 22 21 22 20 21 22 21 20 18 17 17 19 19 19 18 17 16 16 16 16 16 16 16 16 16
20 20 19 19 19 18 17 17 16 16 16 16 15 15 14 14 13 12 12 11 12 12 12 13 14 15 15 17 18 18 18 18 19 20 20 20 21 21 23 24 24 24 25 26 27 27 28 29 31 31 33 32 34 35 36 36 37 38 37 37 38 37 34 31 28 27 25 25 24 24 23 23 21 22 21 21 21 20 20 19 18 18 19 20 19 19 17 17 16 17 16 16 16 16 16 16
21 20 19 19 18 18 17 17 16 16 16 16 15 14 14 13 12 12 11 10 10 10 11 12 13 14 16 16 16 17 18 18 18 20 20 21 21 22 22 23 23 24 25 26 26 26 26 28 29 29 30 31 31 32 34 33 35 35 36 37 37 36 35 33 30 26 25 25 25 24 23 23 22 21 21 21 20 20 20 19 19 18 19 20 19 19 18 17 18 17 16 16 16 16 17 16
20 21 20 19 18 18 17 17 16 16 17 16 16 15 14 12 12 11 10 9 9 9 10 11 12 13 15 15 16 17 17 18 18 19 20 21 21 21 22 22 23 24 25 28 27 26 26 26 27 28 28 28 29 31 31 32 32 33 33 33 35 35 34 33 30 27 26 24 25 24 22 22 21 22 21 21 21 22 20 20 21 19 19 19 19 19 19 18 18 17 16 17 17 16 16 16
21 21 20 19 18 18 19 17 17 16 17 17 16 15 14 12 11 10 9 9 8 8 10 11 11 12 14 15 16 16 17 17 18 19 20 22 21 21 21 22 23 23 25 27 28 30 27 27 27 26 29 29 29 29 30 31 31 31 31 30 30 32 32 32 31 28 26 24 24 23 22 21 21 21 21 21 21 22 22 22 21 20 20 19 19 19 19 18 17 17 17 17 17 17 16 16
22 24 21 21 19 19 18 18 17 16 17 16 15 15 13 12 11 11 10 9 8 9 10 10 11 12 14 15 16 16 16 17 18 19 21 22 21 21 22 22 24 23 24 25 27 29 28 27 29 28 28 28 29 29 28 29 31 29 30 28 29 28 28 28 28 26 25 24 24 23 23 22 21 21 22 22 21 21 21 21 22 21 20 20 19 19 18 18 18 17 17 17 17 17 16 16
21 22 21 21 20 20 18 17 17 17 18 16 14 14 13 13 12 11 10 10 10 10 11 12 12 13 14 15 15 16 16 17 18 19 22 22 22 21 22 23 24 23 24 25 26 27 27 28 29 29 29 28 28 27 27 27 29 27 27 27 26 25 26 26 25 24 24 23 23 22 22 22 21 21 21 21 21 21 21 21 21 20 21 21 20 19 18 18 18 17 17 17 17 16 16 16
22 21 21 20 20 19 18 17 16 16 16 15 16 15 15 15 13 13 11 10 11 11 12 14 13 14 14 15 15 16 16 16 17 19 22 23 23 22 22 22 22 23 24 25 26 25 26 27 27 27 27 27 26 26 26 25 26 26 26 25 24 24 25 25 24 24 23 23 22 22 22 22 21 21 21 21 21 20 21 20 20 21 22 21 22 21 19 18 18 17 16 16 17 16 16 16
22 21 20 20 20 19 17 16 15 16 16 15 15 14 15 14 13 13 13 12 11 11 13 14 14 15 15 15 15 16 16 16 17 18 21 23 23 22 22 22 22 22 23 24 24 25 25 26 27 27 26 26 26 26 25 25 25 25 25 24 24 24 24 24 23 23 23 24 24 23 23 21 21 21 20 21 20 20 20 20 21 21 22 21 21 21 20 18 18 17 17 16 16 16 17 16
22 21 21 20 19 19 18 17 16 16 15 16 16 15 15 14 15 14 12 12 11 12 14 15 15 15 15 16 15 16 16 16 17 18 21 23 22 22 22 22 22 23 24 24 25 25 25 25 25 26 26 26 26 25 25 25 26 26 24 25 24 23 23 23 23 23 23 22 23 23 22 21 21 21 20 19 20 20 20 20 21 21 21 20 21 20 20 18 18 18 17 17 16 16 16 16
23 23 21 21 22 21 20 18 17 18 16 16 16 17 15 15 14 13 14 13 13 13 14 16 17 17 17 16 16 16 16 17 17 19 21 22 23 22 22 22 23 24 23 23 23 24 24 24 24 24 24 24 25 24 24 24 24 24 27 26 24 23 23 23 23 22 23 23 23 22 22 21 20 20 20 19 19 19 20 20 20 20 20 20 20 19 20 19 19 18 17 16 16 17 17 16
23 24 21 21 25 23 20 18 17 16 16 16 16 16 17 16 15 15 14 14 14 14 15 16 18 17 17 16 16 16 16 17 18 18 20 22 23 22 21 23 22 22 23 24 24 24 23 24 23 24 24 23 23 25 24 24 24 23 24 24 24 23 22 21 22 22 22 22 23 23 22 21 20 20 19 19 19 20 20 20 20 20 19 19 18 19 19 18 18 18 17 17 17 16 17 16
25 23 23 21 21 23 20 19 18 16 16 16 16 16 18 17 15 15 15 15 15 15 16 17 18 16 17 16 16 16 16 18 18 19 20 22 23 22 21 22 22 22 23 23 24 23 23 22 23 23 23 23 23 24 24 23 23 23 23 22 22 23 22 21 21 21 22 22 22 22 21 20 20 20 20 19 19 19 20 20 19 20 19 19 19 18 18 18 18 17 17 17 17 17 17 16
22 25 27 25 23 21 20 21 18 16 18 17 17 17 18 18 16 16 16 16 16 16 16 17 17 17 17 17 16 16 17 18 19 19 20 21 21 21 21 22 22 22 23 24 23 22 22 22 22 22 23 22 22 22 22 23 23 23 22 22 22 22 21 22 21 21 21 21 21 21 20 20 19 20 19 19 19 19 19 18 19 19 20 18 17 18 17 17 17 17 17 17 17 17 17 16
22 25 24 24 23 22 22 20 18 17 18 19 17 17 18 19 18 17 16 16 17 17 17 18 18 17 17 18 18 17 17 18 20 20 19 20 20 21 21 21 22 22 22 22 22 22 22 22 22 22 22 22 22 22 23 22 22 22 22 22 22 21 22 22 21 21 21 21 21 20 19 19 19 19 19 19 18 18 19 18 18 18 18 17 17 17 17 17 17 17 17 17 17 17 16 16
22 23 23 24 26 23 21 19 19 19 18 20 20 19 20 21 20 18 17 17 17 17 17 18 19 19 19 19 19 19 18 19 19 19 19 20 21 21 21 22 22 22 22 22 22 22 21 24 23 24 24 23 22 23 24 21 22 22 22 22 22 21 23 22 21 21 21 21 20 20 19 19 18 18 19 19 18 18 19 18 18 18 17 17 17 17 17 16 16 16 16 16 16 17 16 17
22 24 25 23 23 22 20 19 19 19 18 19 20 20 20 21 20 19 18 18 17 18 18 19 19 21 21 22 20 19 19 20 19 20 21 22 21 21 21 22 23 22 23 22 22 24 23 27 27 27 25 25 23 22 23 23 22 21 21 22 22 22 22 22 21 22 21 21 21 20 19 18 19 19 19 19 19 19 19 18 18 18 18 17 16 17 17 16 16 16 16 16 16 16 17 16
23 24 23 24 23 22 21 20 19 19 19 20 21 22 21 21 21 20 19 18 18 18 19 19 19 20 22 25 21 21 21 21 20 21 22 22 21 21 21 22 23 22 23 24 23 23 25 25 27 28 28 26 24 23 22 22 22 22 22 22 22 21 21 21 22 21 21 20 20 20 19 19 19 19 19 19 19 19 20 19 18 18 18 18 17 17 17 16 16 16 16 15 16 16 16 16
24 25 24 23 23 23 22 20 20 20 20 21 21 21 21 21 21 21 20 19 20 21 20 21 21 21 22 22 23 23 22 22 22 22 22 22 21 21 22 22 23 22 22 22 23 22 23 24 26 27 28 27 24 23 22 22 22 22 22 22 21 20 21 20 20 21 20 20 20 20 20 19 19 19 19 19 20 20 20 19 19 19 19 19 19 18 17 16 16 15 15 16 15 16 16 16
25 26 25 24 25 24 22 22 21 20 21 22 22 22 22 21 23 20 19 21 22 23 24 22 22 22 22 23 25 25 23 22 23 22 22 22 22 22 21 22 22 23 22 21 21 23 22 24 24 26 27 27 25 23 21 22 21 23 23 22 20 20 20 19 19 19 19 20 19 19 19 19 20 19 20 20 20 20 20 19 19 19 19 21 22 20 17 16 15 15 15 16 16 16 16 15
27 26 25 27 26 26 24 23 21 22 22 23 23 24 22 22 22 21 20 21 22 24 24 23 23 23 24 25 26 27 25 23 23 24 23 23 23 22 23 23 23 23 22 21 22 22 22 22 23 24 24 24 24 22 21 21 21 23 24 23 21 19 19 19 19 19 19 20 20 20 20 21 21 21 21 21 21 21 20 19 19 18 19 22 24 21 18 16 15 14 15 16 17 16 15 15
28 26 24 27 28 27 25 23 23 23 23 23 24 26 25 23 22 21 20 21 22 24 24 24 24 24 25 25 27 28 28 26 24 23 23 23 23 22 23 24 22 23 23 23 22 22 22 22 22 23 23 23 23 22 22 22 21 22 23 23 22 21 20 20 20 20 20 20 21 20 20 23 22 22 22 22 21 20 19 18 19 19 19 20 21 20 18 17 16 15 15 16 16 16 16 15
29 25 25 25 26 27 27 24 24 23 23 24 24 26 26 25 23 22 21 23 24 25 25 25 26 25 27 26 27 27 29 29 27 24 24 25 26 24 24 24 23 23 24 23 24 24 23 23 22 22 22 23 22 22 23 22 22 22 22 23 24 22 21 21 22 22 23 23 23 23 23 23 22 22 22 21 21 20 19 18 18 17 17 17 17 17 17 17 17 16 15 16 16 16 16 15
28 25 26 26 27 26 26 25 25 24 26 26 26 26 26 28 25 24 24 25 27 27 27 27 27 27 28 28 28 29 30 30 29 27 25 25 25 26 26 26 24 24 24 24 24 24 24 24 23 23 22 22 22 22 22 21 21 23 22 23 24 24 24 22 21 23 24 24 23 24 23 23 22 22 22 22 21 20 19 18 17 17 16 15 16 17 17 17 17 16 15 16 16 15 15 15
26 27 26 30 27 28 26 26 26 24 25 27 29 30 29 26 26 26 26 27 26 28 28 28 28 28 28 29 30 30 29 28 27 27 26 26 25 24 25 25 25 25 25 25 25 25 26 24 23 23 22 22 22 22 22 22 21 21 21 22 23 24 24 23 25 23 23 25 27 23 23 21 21 21 22 21 20 19 19 17 17 17 16 16 16 16 17 17 17 16 16 15 15 15 15 15
27 28 28 27 27 27 26 26 25 25 27 27 28 28 29 27 27 27 29 29 29 30 30 29 29 29 29 29 29 29 30 29 28 28 28 26 26 26 25 26 25 25 25 25 25 25 25 25 24 23 23 22 22 23 23 23 22 22 23 21 22 22 21 21 22 23 23 22 22 21 21 20 20 20 20 20 19 18 18 17 17 17 16 16 16 16 17 18 17 17 17 16 15 15 15 15
27 26 29 29 29 27 26 25 25 25 26 28 30 31 32 29 31 32 35 36 35 32 31 30 31 31 30 30 30 30 30 31 31 30 30 28 28 28 27 27 27 25 26 25 25 25 25 25 25 24 24 23 23 24 22 23 23 22 21 21 22 22 21 20 20 20 21 21 21 20 20 20 20 20 19 19 18 18 18 17 17 16 16 17 16 16 17 17 17 17 17 17 15 15 15 15
27 28 28 30 28 27 28 27 26 26 26 28 30 29 28 32 33 36 36 43 41 38 32 31 31 31 30 31 31 32 31 31 32 31 30 30 30 30 28 28 27 26 25 25 25 25 25 25 25 24 24 23 23 23 23 22 22 22 21 20 21 21 21 20 20 20 19 20 20 20 20 20 20 20 19 18 18 18 17 17 16 16 16 16 17 17 16 17 16 16 17 17 17 16 15 16
27 28 26 28 29 29 27 27 26 26 27 27 28 29 29 32 37 36 40 39 37 34 35 32 33 32 32 32 32 31 31 33 34 34 31 31 31 30 29 29 28 27 27 26 26 26 25 25 25 24 24 24 24 24 23 22 22 22 22 20 20 21 21 20 20 20 20 20 20 19 20 20 20 19 20 19 18 17 17 16 16 17 16 16 17 18 17 16 17 17 17 17 17 17 15 16
28 27 27 27 28 30 30 28 27 27 27 27 28 29 29 32 40 42 37 36 37 37 35 36 38 36 36 40 35 32 30 32 33 32 33 32 31 32 31 29 29 29 28 27 26 25 24 25 26 24 23 24 24 23 23 23 22 22 21 21 21 21 20 20 20 19 19 19 20 19 20 20 20 20 19 19 18 17 16 16 16 16 16 16 17 17 17 16 16 17 18 18 18 17 17 17
26 26 26 26 27 29 32 32 28 27 28 29 30 29 29 34 39 42 39 37 39 37 37 40 39 39 37 42 37 34 34 36 36 35 34 37 35 32 32 31 31 30 30 29 27 25 23 25 25 24 24 23 23 23 23 23 23 21 20 21 20 20 20 20 20 20 19 19 19 19 19 19 19 20 19 18 18 17 17 16 15 15 16 16 16 17 17 17 17 17 17 18 18 18 17 17
27 26 26 26 26 27 30 31 31 27 28 29 29 30 31 36 40 41 38 38 42 41 42 42 42 42 38 43 38 39 44 42 44 35 42 37 36 35 33 33 32 33 33 32 29 27 26 26 25 25 24 23 23 22 22 22 22 22 21 21 21 21 21 20 19 20 19 18 19 19 19 19 18 18 18 18 17 17 16 15 15 15 15 16 16 16 17 17 17 17 18 18 19 18 18 17
27 26 26 26 27 27 30 31 30 27 29 29 30 30 31 35 41 45 44 41 40 45 49 47 46 47 46 44 50 41 45 45 42 39 45 45 40 36 34 35 35 37 43 40 30 28 29 28 27 26 25 24 24 22 23 23 23 22 22 21 21 21 20 20 20 20 19 19 19 19 18 18 19 18 18 17 17 17 16 16 16 16 16 16 16 16 16 17 17 17 17 18 18 18 18 18
27 28 26 28 28 29 30 31 31 28 28 30 30 31 35 37 37 43 48 43 44 49 51 53 50 49 48 44 49 45 50 50 44 44 50 48 46 42 40 40 38 45 40 33 34 33 30 29 28 28 25 24 24 24 24 23 23 22 22 21 21 20 20 19 21 20 19 19 19 19 18 18 19 19 19 18 17 17 16 16 16 16 16 16 16 16 15 16 17 17 17 18 17 18 18 18
25 25 25 25 28 29 29 30 33 29 29 29 30 32 36 42 47 48 51 50 47 52 56 57 52 56 57 53 53 49 54 54 48 47 50 51 48 48 42 41 41 45 36 38 42 39 31 31 30 28 26 25 25 25 24 24 23 22 22 22 21 21 20 20 20 21 20 19 18 18 17 18 19 18 18 18 18 18 17 17 16 16 16 17 16 16 15 16 16 17 17 17 17 17 18 18
24 27 27 26 26 26 27 30 31 30 31 30 31 33 35 41 44 49 51 45 54 52 54 56 57 59 51 60 57 52 52 50 44 52 51 52 50 48 40 45 44 41 38 44 43 40 36 38 35 30 28 26 25 23 24 25 25 24 23 23 22 22 21 20 21 21 20 19 18 18 18 20 18 18 17 17 17 18 19 17 17 16 16 17 16 16 16 16 16 16 16 17 17 17 17 17
26 27 30 29 26 27 27 29 30 30 31 31 31 33 37 41 48 52 47 47 53 52 54 56 57 60 64 58 57 57 51 50 53 54 55 53 52 47 42 44 45 45 45 43 45 40 35 44 37 31 27 28 26 25 25 25 25 25 24 24 23 22 21 20 20 21 20 19 19 20 19 18 18 18 17 17 17 17 17 18 17 17 16 16 16 16 16 16 16 16 16 16 16 16 16 16
28 26 30 30 30 28 28 28 29 31 31 32 32 33 36 41 43 51 46 56 49 55 57 58 57 61 62 55 53 52 50 48 50 53 52 54 52 53 47 49 47 49 49 45 40 37 43 40 42 38 37 32 31 29 27 26 27 29 26 25 24 23 21 20 21 20 19 19 19 20 20 21 18 18 17 18 17 17 16 17 17 17 16 16 16 16 16 16 16 16 16 16 16 16 16 16
24 27 31 32 31 33 30 30 29 30 33 32 35 35 36 39 46 49 54 51 49 53 56 58 58 58 57 53 53 53 48 52 49 50 51 57 55 55 51 52 50 50 51 50 47 46 45 45 43 38 35 35 32 33 32 31 26 34 26 29 26 25 25 22 20 20 20 21 19 19 19 18 18 16 16 17 17 17 16 16 16 16 16 16 16 16 16 16 15 16 16 16 16 16 16 16
24 24 28 31 30 29 29 31 30 33 36 35 38 33 35 39 41 50 49 50 57 58 58 60 61 59 56 56 54 55 54 51 52 55 57 54 58 56 53 55 54 55 58 55 50 51 50 48 45 37 36 34 36 36 37 37 32 32 34 30 30 29 24 22 20 20 21 20 21 20 20 17 17 16 16 16 16 16 16 16 16 16 15 16 16 16 16 16 16 17 16 17 16 16 16 15
25 24 25 26 31 33 30 28 29 31 35 37 33 33 36 39 44 41 53 52 57 57 56 57 59 59 56 55 55 57 55 58 58 58 56 54 60 62 59 58 55 60 66 61 57 54 53 47 45 43 41 42 42 39 37 34 34 33 35 33 32 30 28 22 21 21 21 22 21 21 19 17 16 17 17 18 16 16 16 16 16 15 16 16 16 16 17 17 17 17 16 16 16 16 16 15
28 25 24 27 30 30 29 28 28 30 35 37 32 33 37 39 38 42 46 55 53 55 58 58 59 59 59 57 57 57 58 55 59 59 62 61 59 67 67 63 62 65 73 75 63 62 55 51 48 47 44 39 42 39 36 37 36 36 36 34 33 31 26 26 24 22 22 22 22 20 18 17 17 18 18 18 17 16 16 15 15 16 15 16 16 16 17 17 17 16 16 16 16 16 16 16
27 26 28 24 25 26 27 27 27 29 32 33 36 33 33 33 43 41 48 51 54 55 60 61 59 61 62 61 59 62 63 59 62 61 68 72 68 69 71 68 68 68 72 74 66 64 54 61 56 49 46 41 41 39 39 39 38 37 36 35 32 30 31 26 26 24 22 21 20 18 16 18 18 18 18 18 17 17 15 14 15 15 16 16 16 16 17 17 17 17 16 16 15 15 15 15
27 26 25 24 24 24 26 27 29 29 32 36 36 33 33 35 38 43 50 55 56 57 58 61 58 59 62 63 64 62 65 65 63 70 74 74 70 69 74 70 69 69 71 67 69 64 63 57 59 52 45 40 39 39 39 38 37 36 36 35 35 33 33 29 28 25 24 23 22 18 17 19 18 18 18 17 17 16 15 15 16 16 17 17 17 17 17 17 17 17 17 16 15 15 16 16
24 24 23 24 25 25 28 29 29 29 33 34 35 32 33 35 37 40 48 55 57 56 58 57 59 60 58 62 57 60 64 65 70 74 77 74 70 67 70 67 65 65 63 65 59 60 62 55 50 49 43 41 40 39 38 36 36 35 35 36 35 34 32 30 26 26 23 22 22 21 20 20 19 19 19 17 17 17 16 16 16 16 16 17 17 17 17 18 18 17 17 15 15 15 15 16
23 24 24 23 25 28 30 32 30 30 33 35 31 32 33 34 37 43 47 52 52 54 56 59 61 60 57 58 58 58 60 72 73 71 72 72 70 67 67 68 64 63 61 58 57 57 57 51 49 46 41 39 38 37 37 37 36 35 34 34 31 33 33 31 29 25 24 22 21 20 20 19 19 19 19 18 18 18 17 17 17 17 17 17 17 17 17 17 17 17 16 15 15 15 15 16
23 23 24 24 26 30 33 31 28 31 33 36 31 32 37 34 38 40 44 46 46 50 51 52 56 54 57 55 56 62 67 70 73 66 70 71 71 65 62 66 64 60 63 66 59 56 52 50 48 43 39 38 35 35 36 37 36 34 33 33 32 29 30 30 29 28 24 25 24 23 21 20 20 20 19 20 20 19 18 18 18 18 18 17 17 17 18 18 18 17 17 16 16 15 15 16
25 24 25 24 26 29 28 29 30 30 36 37 31 32 34 33 36 37 40 45 44 51 51 50 51 50 54 63 61 58 69 77 72 69 67 69 68 67 58 61 59 59 55 58 57 55 53 49 45 41 37 35 35 33 35 35 33 34 33 34 33 30 25 29 28 28 29 26 25 28 25 25 27 24 23 21 22 21 20 19 19 18 18 18 19 19 20 18 18 18 17 17 17 16 16 17
26 24 23 24 24 25 28 29 32 33 34 34 30 31 36 34 35 36 39 42 44 44 43 46 48 47 50 52 59 63 71 71 66 67 62 64 64 69 60 61 58 57 53 53 52 51 50 47 44 43 38 37 37 35 35 33 33 35 34 33 30 28 30 28 25 28 29 28 28 24 21 29 28 27 24 25 24 21 20 20 20 20 20 20 20 20 20 19 19 18 18 17 17 17 17 17
23 24 23 27 26 29 32 31 31 33 34 33 30 32 35 37 38 37 38 40 40 40 46 47 53 52 52 56 50 60 64 65 71 63 62 60 64 61 61 53 57 55 50 51 49 49 48 47 46 44 40 39 37 35 36 36 35 32 32 32 30 30 31 29 27 25 26 24 23 28 29 29 29 28 29 27 25 24 23 23 21 22 23 22 21 21 21 19 18 18 17 17 17 17 18 17
24 23 23 25 26 28 30 28 31 31 31 30 30 32 35 35 36 37 35 36 40 41 49 52 56 55 57 58 58 52 61 59 67 65 57 63 62 63 56 55 57 54 50 49 48 48 47 45 43 41 39 38 36 36 36 35 33 34 34 33 32 31 31 29 29 30 25 25 25 28 29 29 30 29 28 27 26 26 25 23 24 23 23 23 22 22 20 19 18 17 18 19 19 18 18 19
