grids/precipitation/mar/RSMS_03_1881_01.asc
NCOLS 654
NROWS 866
XLLCORNER 3280414.711633467
YLLCORNER 5237500.62890625
CELLSIZE 1000
NODATA_VALUE -999
[rows 450 to 494 of 866, columns 288 to 383 of 654]
117 110 112 112 112 104 106 102 91 85 85 83 83 89 89 91 85 85 85 105 98 102 105 96 98 102 102 102 100 98 94 94 98 102 104 99 93 87 86 84 84 89 87 86 80 76 74 73 69 69 71 73 73 73 73 73 67 73 75 79 79 82 80 79 77 75 71 71 70 64 62 64 68 66 66 66 64 68 66 66 66 68 64 68 68 70 74 77 76 77 77 74 74 74 71 73
111 111 109 100 98 94 104 94 85 89 83 89 83 87 85 85 85 91 89 96 99 103 96 93 94 100 104 98 94 94 91 96 100 104 102 98 96 93 86 80 82 82 82 80 78 78 82 74 71 69 76 73 74 73 75 71 69 73 73 75 80 80 79 77 75 75 71 70 68 60 64 70 66 66 66 66 66 70 70 68 71 70 72 70 72 74 76 76 76 76 76 78 74 72 70 73
100 109 104 107 109 94 96 91 85 89 102 98 87 96 98 94 100 100 111 90 86 96 100 91 94 96 104 100 96 93 94 91 96 100 102 100 89 85 83 86 84 82 80 80 82 84 84 80 73 73 73 74 74 76 75 73 71 71 73 75 77 77 77 77 77 75 73 68 68 70 71 71 70 64 68 66 66 68 70 70 73 73 73 74 76 76 77 79 77 79 79 80 76 74 72 73
100 94 94 109 102 96 83 83 94 100 98 87 89 94 94 104 98 98 103 99 94 92 88 89 89 89 94 93 100 98 96 93 93 93 89 87 96 96 94 97 91 86 76 78 80 86 89 87 78 78 73 74 76 76 74 73 73 73 73 75 75 75 77 77 75 77 71 68 70 70 71 75 71 70 70 70 68 68 71 73 73 77 77 77 79 79 79 81 81 81 83 80 78 78 78 76
105 104 98 94 101 93 91 81 83 85 98 89 91 94 96 102 110 105 112 105 88 101 92 105 92 102 93 102 102 109 113 111 105 100 100 94 98 100 100 100 96 86 76 82 86 87 93 99 91 87 76 76 78 76 76 76 76 77 77 77 77 79 77 77 77 77 73 73 73 73 71 73 73 68 79 73 71 71 73 75 75 79 81 83 85 85 87 89 89 89 89 85 84 84 84 80
101 96 94 94 86 88 81 79 81 86 98 94 88 101 88 99 101 103 109 107 99 107 103 103 103 103 107 98 96 96 103 105 110 112 120 103 98 96 98 102 100 91 83 87 91 91 93 96 96 83 80 78 80 80 78 76 76 78 76 78 78 78 78 80 78 76 77 75 77 71 73 71 65 75 81 81 83 77 75 75 83 79 83 83 85 90 93 93 93 93 93 93 91 85 86 84
103 98 90 88 90 85 83 83 83 94 96 101 99 92 86 96 96 112 110 110 112 107 105 105 116 120 101 118 101 99 107 98 101 103 101 105 96 96 94 96 93 91 85 85 85 87 87 91 91 87 83 82 80 78 76 76 74 74 76 76 78 78 80 82 80 80 79 77 77 75 73 65 75 77 80 85 83 81 86 81 83 85 85 88 90 90 95 96 95 91 93 89 91 91 89 86
96 92 88 86 86 85 85 85 83 88 90 92 94 98 95 92 96 94 101 101 99 105 110 112 125 114 118 109 109 107 110 105 105 101 99 99 98 94 92 91 89 89 87 87 91 91 89 87 87 81 81 80 80 86 80 78 74 76 76 76 76 80 80 78 78 78 78 79 73 73 73 67 77 80 79 83 85 86 90 88 92 92 92 96 71 100 104 104 104 100 100 93 89 91 87 84
95 90 88 86 88 86 92 90 92 86 92 90 90 95 102 104 95 97 93 97 99 101 110 108 124 112 114 119 119 112 121 117 107 114 112 94 107 101 94 94 92 93 89 91 90 85 85 83 80 80 81 83 85 83 87 93 89 89 76 76 78 78 78 78 78 78 74 73 69 71 73 65 69 75 77 75 80 85 88 92 92 94 94 98 96 102 104 102 104 104 108 104 98 87 87 78
93 93 93 88 88 86 99 90 86 89 92 91 89 86 95 95 93 97 101 110 104 104 101 108 113 121 119 130 119 124 121 130 123 115 112 103 110 110 103 99 98 98 94 94 94 92 92 85 83 83 85 87 87 87 87 87 87 87 80 80 80 80 80 78 78 76 71 69 73 69 65 65 69 75 75 75 80 86 90 94 94 94 90 92 98 100 103 102 104 100 95 100 87 89 84 89
98 100 93 88 88 93 99 91 87 89 91 93 93 93 87 86 89 91 101 112 106 102 112 110 113 108 130 139 128 124 128 121 128 128 124 114 114 118 107 103 103 98 96 96 96 96 92 90 88 90 91 93 91 89 89 87 83 83 80 80 80 78 76 76 74 71 69 74 71 67 73 73 75 77 73 73 77 82 90 96 96 94 96 94 94 98 102 106 96 91 89 89 89 102 102 103
107 106 96 90 97 95 106 98 89 93 100 93 100 87 89 87 86 89 98 115 108 108 112 106 117 143 152 148 134 137 124 152 130 128 119 112 118 120 112 110 105 99 98 99 96 96 94 94 94 94 90 93 93 93 87 87 83 83 81 81 78 76 76 73 73 74 74 73 69 69 73 75 73 71 73 77 77 80 84 94 100 102 102 98 94 86 88 91 93 89 89 93 89 89 89 103
116 100 91 91 102 100 96 96 96 98 101 100 96 96 96 89 86 87 96 100 107 109 113 111 116 142 147 122 164 159 154 135 152 137 123 123 124 123 119 113 112 102 102 102 101 98 98 96 98 94 94 94 92 90 88 86 86 86 83 88 83 78 76 74 72 76 74 73 73 69 67 69 73 74 73 74 77 77 84 90 94 103 86 86 86 86 85 85 86 93 93 85 93 95 93 89
96 91 89 91 86 95 102 103 107 96 107 109 107 98 96 89 89 87 95 100 100 104 109 116 129 144 146 131 140 144 159 156 143 145 130 128 134 130 124 128 115 115 108 108 106 101 103 99 101 101 98 96 98 96 94 92 90 86 85 83 83 77 74 72 72 74 73 71 69 69 73 74 71 73 71 73 74 76 80 84 90 94 88 85 83 85 88 88 86 83 85 89 91 96 97 93
94 91 96 93 102 98 101 101 101 94 96 96 91 96 94 89 91 89 95 100 100 100 116 120 140 131 153 147 158 157 158 161 157 135 150 145 139 130 124 134 132 119 119 110 108 108 104 103 103 101 99 98 99 94 101 105 94 90 85 81 79 77 76 72 72 74 72 71 71 69 71 74 74 76 78 74 76 76 79 82 92 90 95 100 90 88 83 86 92 92 88 87 87 89 96 93
96 89 105 105 113 103 101 98 91 91 94 85 91 94 91 93 93 95 93 95 98 104 109 120 149 138 155 155 149 149 162 157 156 163 150 167 150 141 143 132 121 128 123 117 113 108 108 109 101 105 99 99 98 96 105 110 103 98 90 83 83 85 79 85 76 74 76 73 73 69 69 74 78 78 80 76 80 78 79 80 86 90 90 90 90 90 81 81 81 85 88 89 91 89 87 86
101 91 110 119 105 96 105 100 92 92 94 91 83 92 87 89 96 93 91 91 98 98 104 111 127 138 151 146 157 162 171 146 162 157 172 167 170 139 159 154 134 126 119 123 121 123 110 106 104 106 99 92 94 94 105 109 110 107 103 96 92 90 88 85 78 76 74 72 70 67 69 74 78 80 78 78 78 78 80 80 84 86 95 97 92 86 86 94 86 94 86 83 81 83 85 83
99 106 108 112 97 90 99 94 85 88 92 80 81 87 83 96 89 87 91 89 91 96 101 105 118 112 153 135 142 149 166 166 164 169 202 180 155 162 167 167 157 146 145 139 126 121 121 115 110 104 93 90 95 95 99 107 110 107 105 107 105 103 98 88 90 79 76 74 72 68 73 76 76 80 76 74 76 80 80 84 82 84 88 84 79 82 94 90 90 92 92 86 88 85 89 89
95 104 101 104 92 92 90 97 81 86 79 81 80 72 87 94 92 89 96 92 89 91 94 107 110 107 115 126 142 146 158 169 173 178 180 169 182 160 169 168 143 150 137 128 128 126 135 123 115 110 101 97 99 99 105 101 110 112 107 109 105 101 96 90 94 96 89 74 74 72 74 76 78 80 78 80 78 78 80 82 82 82 86 80 77 90 98 98 96 96 94 88 88 96 91 77
101 92 90 101 86 85 86 83 81 79 81 85 76 74 83 87 83 94 87 98 87 85 89 101 105 107 109 116 137 155 162 153 164 167 167 171 162 167 166 165 152 154 145 145 146 146 134 126 115 123 108 104 102 102 108 110 116 112 114 116 112 114 105 98 90 90 92 78 76 78 78 78 78 76 82 82 82 82 82 80 80 79 79 84 80 86 88 96 96 98 96 98 94 90 92 89
97 90 97 86 91 101 101 90 101 99 79 79 81 77 76 76 87 86 85 85 98 85 87 88 98 107 112 109 123 127 164 143 148 153 155 168 180 162 157 169 157 153 156 148 146 144 137 137 124 130 119 113 112 112 117 113 112 116 118 120 118 110 109 105 92 90 93 98 80 81 81 85 82 78 82 84 84 86 86 86 84 82 75 77 71 77 84 90 90 90 90 94 90 92 92 88
93 90 95 91 98 100 104 90 102 100 85 86 86 85 81 77 76 76 74 76 85 85 88 90 92 95 100 110 112 129 148 148 134 170 170 150 152 156 146 158 160 164 157 160 157 151 144 149 133 144 128 121 119 119 119 117 115 117 116 118 110 105 110 103 99 90 94 80 102 94 85 83 81 80 82 86 89 87 89 89 89 86 84 79 69 73 80 86 84 92 92 94 90 92 88 90
93 98 93 100 100 97 102 102 91 107 99 95 94 92 86 81 81 76 76 77 77 79 83 86 92 95 104 119 107 118 123 129 118 154 154 138 145 154 144 160 169 164 155 147 149 153 153 153 158 151 147 146 132 134 121 119 117 117 113 116 118 110 110 107 103 98 81 81 85 89 98 85 81 80 81 87 87 89 87 89 82 80 76 71 75 73 77 90 90 94 97 98 94 86 79 94
97 97 97 120 113 97 102 109 90 109 113 119 115 106 94 86 83 77 74 72 79 77 81 85 88 92 95 96 103 112 110 103 110 141 148 136 145 154 156 160 169 157 151 158 155 146 144 142 153 157 160 146 141 132 130 124 121 119 115 118 114 118 109 103 107 98 86 87 102 98 104 98 83 83 81 84 86 84 76 73 76 76 73 75 82 82 86 86 90 94 95 96 98 98 85 77
103 101 98 109 120 107 106 113 104 95 98 102 107 121 95 90 88 81 79 81 84 86 81 83 90 92 90 94 101 112 98 95 118 130 136 116 138 159 143 165 170 171 171 159 147 133 138 147 155 158 153 138 146 124 159 141 139 119 119 119 119 119 114 110 107 92 86 107 105 115 115 105 93 85 83 80 83 80 74 76 89 84 87 80 89 95 97 88 79 82 86 79 99 81 81 81
98 96 101 125 137 114 98 106 115 109 93 98 118 118 100 98 90 88 82 88 90 90 90 82 84 84 92 95 94 110 92 108 119 128 123 112 125 127 152 172 170 167 176 161 150 141 147 140 162 169 169 160 155 144 151 149 135 126 121 123 124 119 108 104 99 86 92 99 112 103 98 99 103 88 85 87 83 78 87 91 95 97 86 80 87 82 80 79 77 75 82 73 80 77 79 83
101 101 105 114 126 114 105 116 116 115 106 98 100 102 111 97 93 100 95 98 97 95 91 82 82 86 88 95 99 90 101 108 108 119 115 119 110 141 139 157 154 159 165 165 143 150 141 160 157 167 149 135 131 146 138 155 158 135 126 123 117 115 108 106 99 92 101 105 120 103 99 94 92 90 91 87 83 83 85 93 93 89 87 86 80 80 82 77 79 73 75 73 73 69 71 86
101 107 112 112 114 109 107 118 115 122 107 115 98 100 111 109 98 118 113 113 97 100 88 90 82 84 84 94 88 101 101 104 117 122 126 114 112 116 139 125 148 183 163 161 163 159 150 157 160 171 162 155 153 157 158 155 153 133 126 124 110 117 112 104 101 97 112 114 107 101 98 94 92 96 98 85 87 93 85 86 84 84 82 82 86 89 87 84 79 84 88 86 77 84 71 70
98 96 101 107 110 109 112 114 125 128 122 116 107 101 111 110 120 107 116 124 122 97 98 97 86 82 84 88 93 101 101 104 117 106 113 99 110 110 119 150 148 165 181 167 167 170 161 176 156 173 158 149 158 146 162 158 157 138 122 115 122 124 113 95 90 93 110 118 112 105 99 99 103 96 92 88 93 93 91 87 98 89 86 86 87 91 95 89 87 94 90 95 90 88 86 68
97 101 101 100 110 110 112 119 128 160 126 119 107 100 101 103 101 114 124 132 122 120 102 100 93 86 84 88 88 95 110 112 117 99 110 97 106 121 119 136 145 163 181 179 179 179 174 168 167 172 177 171 173 158 162 158 144 151 115 111 126 111 104 104 92 88 115 112 107 103 101 103 103 99 94 92 109 94 96 104 94 96 91 93 97 97 97 97 99 99 92 88 88 77 82 75
103 110 106 116 119 114 116 130 135 126 123 116 103 109 100 100 110 117 121 118 111 106 98 98 100 95 100 86 90 95 104 113 110 106 101 103 108 117 121 121 143 143 159 181 183 179 185 177 177 168 185 180 155 178 166 162 171 157 109 129 124 120 111 112 102 108 110 107 110 107 101 101 103 99 94 94 98 94 93 91 94 89 84 95 97 99 86 97 100 97 97 88 79 75 77 77
97 104 106 114 121 125 130 123 126 119 117 110 114 112 105 109 103 123 114 102 111 111 104 106 104 91 95 88 91 102 100 95 95 95 92 95 99 119 122 123 145 161 157 168 150 159 183 181 185 188 181 175 175 184 182 169 175 149 126 140 129 118 111 108 101 104 112 114 114 105 105 101 103 98 92 96 109 96 92 89 93 94 89 82 82 87 87 86 100 100 86 84 77 75 69 66
101 103 106 115 135 146 137 142 128 126 125 114 112 110 114 119 109 107 96 94 96 95 106 102 100 106 97 86 88 90 93 95 97 110 104 86 95 115 122 142 139 148 156 136 139 145 159 177 190 195 194 185 192 189 189 180 178 144 149 147 131 122 120 116 112 123 115 113 113 109 109 107 101 92 88 96 99 101 100 91 81 91 89 91 89 84 78 80 86 87 99 99 101 86 84 67
113 113 112 122 138 149 143 154 136 122 126 110 112 112 100 96 96 98 93 93 98 105 100 104 97 104 90 84 90 104 95 97 104 107 113 95 97 103 130 137 133 140 129 156 156 167 159 192 192 194 183 201 203 186 180 191 169 157 171 146 164 144 129 118 116 127 130 128 121 115 112 105 99 90 88 96 98 98 93 89 93 81 76 80 83 87 86 78 76 76 80 89 89 80 77 69
110 110 110 127 135 127 140 149 138 131 117 107 121 110 105 98 103 94 91 96 105 100 96 91 93 91 88 84 98 109 102 109 102 115 102 106 99 99 112 122 124 121 125 138 157 168 163 174 174 177 188 205 192 201 187 191 189 189 177 173 164 171 153 147 147 135 128 126 123 121 117 101 99 90 92 98 98 96 96 94 100 93 85 87 76 80 84 89 93 80 73 78 69 69 67 65
103 106 115 122 115 127 143 135 140 143 117 109 125 110 107 103 103 98 96 93 100 105 100 100 104 106 88 84 97 95 107 107 109 113 106 108 101 104 101 108 126 119 130 139 154 163 167 161 170 194 170 172 183 206 201 204 184 197 193 186 177 175 146 135 137 138 135 124 123 119 113 107 107 96 98 99 99 98 99 96 98 85 93 83 85 89 89 99 100 100 104 78 71 74 77 67
102 112 135 143 132 126 138 120 140 126 112 103 124 121 110 121 116 117 107 93 98 101 100 105 98 102 90 86 97 97 102 113 113 120 116 111 106 112 113 110 122 117 128 135 137 146 165 171 165 181 163 190 201 208 206 197 195 211 186 171 178 167 147 158 151 157 135 130 124 121 113 112 108 105 101 101 99 90 94 91 94 85 83 81 87 94 97 99 104 82 84 91 89 78 80 73
100 111 125 136 139 136 132 130 118 107 103 113 127 129 129 138 122 122 101 98 94 94 100 101 89 84 90 86 98 107 107 104 107 115 122 118 116 120 124 121 112 113 121 130 137 144 158 164 155 153 150 172 186 206 205 192 203 188 175 164 171 166 140 155 177 146 156 128 137 126 119 117 115 113 109 103 99 92 87 94 96 87 91 89 94 96 112 99 89 104 106 102 97 95 86 79
114 102 111 121 128 136 132 120 116 106 103 112 108 124 131 135 135 117 101 98 96 93 91 91 89 100 98 84 84 90 106 104 109 104 116 111 107 115 116 121 119 110 117 128 121 146 140 137 137 148 153 161 165 168 192 190 195 188 186 177 167 158 153 166 167 155 140 152 145 134 135 130 123 119 118 112 109 109 98 105 102 104 105 94 100 102 100 93 110 113 117 108 106 99 104 86
106 104 102 107 121 130 136 130 125 116 100 99 103 122 126 126 133 129 117 107 101 100 89 98 96 101 94 82 82 90 104 93 104 109 111 116 113 102 106 115 121 108 119 124 122 124 139 155 139 142 146 145 156 163 172 165 174 179 167 177 167 153 144 166 166 140 147 156 143 145 143 135 126 121 128 127 121 109 118 117 107 120 113 105 107 94 89 108 112 123 121 119 106 121 103 88
114 116 111 104 113 137 137 130 132 120 104 111 102 131 135 122 127 127 119 108 101 101 105 101 109 89 84 93 84 93 91 102 104 120 113 107 109 107 111 113 109 108 124 121 117 144 155 169 164 146 149 135 139 137 139 142 174 174 188 188 163 157 157 153 146 149 165 156 152 154 148 145 130 124 144 145 129 129 125 127 132 126 122 98 93 87 94 113 121 130 123 113 110 112 107 107
126 144 125 106 116 139 141 132 130 127 118 123 109 118 131 127 127 131 122 108 97 94 96 96 100 91 87 96 87 91 88 97 113 113 115 129 125 116 115 98 102 109 120 111 116 124 133 146 160 160 155 139 137 131 124 137 144 164 181 179 176 170 155 149 153 144 167 148 163 152 139 139 130 134 157 140 136 125 127 136 134 131 126 107 117 118 94 109 120 111 121 121 125 121 105 110
119 116 116 106 114 127 134 128 125 125 132 127 118 107 109 112 124 129 122 104 94 92 94 96 89 91 96 94 80 87 91 107 113 106 120 136 131 113 116 104 113 102 109 129 134 132 136 135 151 158 157 126 137 157 149 151 176 184 182 174 179 174 165 158 166 155 158 163 152 141 152 141 134 154 148 134 121 136 125 132 114 131 131 104 104 126 117 124 109 105 104 115 115 121 117 108
119 107 103 111 107 114 127 118 130 118 123 123 114 111 116 122 120 124 103 96 92 99 96 91 89 89 93 93 93 80 85 109 106 104 116 118 113 100 109 95 109 113 122 118 120 118 124 122 133 135 124 130 133 142 166 160 178 162 169 174 185 177 170 167 164 169 166 159 157 159 159 152 139 161 150 142 138 132 118 112 116 121 116 133 128 109 137 122 104 111 118 123 121 117 121 120
114 109 116 117 112 111 109 127 128 125 118 114 111 113 114 116 109 108 101 92 90 94 91 94 93 91 96 91 89 84 84 101 107 101 100 103 104 98 98 95 116 120 122 109 116 127 118 124 132 133 130 139 139 157 155 173 180 153 164 167 167 172 176 167 159 167 164 151 153 159 159 157 152 157 145 150 135 143 120 134 125 147 155 133 131 122 128 120 117 118 117 128 130 126 132 127
