grids/precipitation/mar/RSMS_03_1881_01.asc
NCOLS 654
NROWS 866
XLLCORNER 3280414.711633467
YLLCORNER 5237500.62890625
CELLSIZE 1000
NODATA_VALUE -999
[rows 495 to 539 of 866, columns 96 to 191 of 654]
83 96 97 102 102 107 113 109 105 94 105 112 110 115 112 109 117 107 120 122 120 112 128 125 123 120 125 122 125 130 126 130 126 128 138 147 146 143 139 143 147 152 152 150 150 148 150 156 156 153 151 151 151 150 145 148 153 148 153 162 168 166 168 170 164 165 161 153 142 130 130 122 122 114 111 107 112 103 98 96 106 98 98 98 95 101 95 104 93 99 96 95 92 100 95 90
89 94 99 96 100 104 104 109 107 102 109 99 109 112 112 105 112 107 118 122 117 123 118 130 126 120 125 125 130 128 126 125 126 128 134 136 141 141 143 143 144 146 149 153 150 151 151 158 155 156 151 150 145 148 147 148 150 145 149 154 160 163 158 167 170 162 154 148 140 138 129 118 110 113 119 119 120 107 101 95 95 96 92 95 96 95 101 96 99 96 94 92 89 92 93 91
75 81 84 94 99 104 100 109 92 86 96 87 110 115 117 115 115 110 118 117 123 125 130 133 131 126 123 130 130 125 122 123 122 126 126 126 141 144 146 146 144 146 148 148 148 153 155 155 155 156 151 151 147 148 148 145 147 142 146 146 152 150 157 164 154 145 142 137 138 142 134 129 119 108 107 111 120 114 104 109 101 96 98 103 96 90 91 91 93 91 88 87 89 86 91 90
75 81 91 94 92 104 99 104 105 94 92 84 97 97 115 107 117 117 120 118 123 128 128 131 123 123 118 128 125 123 122 120 128 122 123 126 130 131 141 143 144 143 147 147 151 155 151 153 155 154 158 156 155 151 150 143 141 146 146 141 141 143 149 154 153 140 129 124 121 127 132 129 118 104 106 112 117 112 109 107 104 101 96 101 103 94 88 89 91 85 83 83 86 84 84 82
75 76 91 91 99 97 102 91 96 84 86 83 92 107 104 105 113 102 112 123 128 128 125 122 122 125 117 123 122 122 120 125 122 120 123 122 126 126 133 138 142 138 143 148 147 147 148 160 157 157 155 155 155 147 144 139 141 142 139 138 138 143 154 149 149 143 137 129 119 113 122 126 112 104 112 114 112 104 103 109 100 101 93 97 97 94 89 85 85 85 85 86 83 83 82 82
76 76 79 87 94 97 100 102 89 96 97 94 96 105 99 112 105 107 115 120 123 123 125 126 128 123 122 117 117 120 118 122 120 122 118 123 123 125 134 135 138 140 147 145 148 145 144 152 157 155 147 141 139 146 134 142 142 139 140 134 137 145 143 146 143 138 132 126 127 113 114 122 109 104 111 107 100 104 96 103 96 95 94 89 93 89 89 85 85 93 89 89 89 90 84 82
75 73 84 91 92 102 87 105 102 87 81 92 107 86 115 107 110 107 115 117 117 118 123 128 122 123 122 118 117 118 117 118 118 117 117 117 120 122 121 129 137 140 147 145 145 145 141 142 147 149 146 146 134 133 131 131 130 140 135 127 132 137 138 140 135 127 122 121 124 115 106 117 107 98 104 101 93 92 96 98 90 87 86 86 86 86 86 85 88 96 98 97 92 87 84 85
86 73 78 87 91 79 87 91 97 102 76 83 87 112 117 117 115 118 110 107 110 110 130 126 125 120 117 115 113 115 117 118 117 117 115 115 118 126 122 132 134 134 142 138 144 141 139 139 141 143 138 132 130 127 119 121 126 132 130 126 127 134 132 130 131 128 117 111 109 111 107 111 104 103 98 96 94 96 88 87 88 86 85 86 89 96 94 96 90 95 98 95 92 89 87 84
85 82 70 71 83 83 97 100 99 97 104 79 92 105 109 109 113 112 112 107 109 117 120 115 118 117 115 113 113 117 115 115 115 112 113 113 122 124 129 131 128 130 133 139 139 138 138 130 130 129 135 145 143 132 124 113 117 126 128 117 119 126 126 117 120 125 128 117 116 102 105 105 99 97 93 93 94 100 88 97 94 86 91 92 95 95 97 90 94 101 101 97 92 92 89 84
89 87 71 71 71 79 87 89 99 102 100 78 97 107 110 105 110 109 109 105 112 120 113 115 107 118 117 117 113 115 112 113 112 109 111 114 118 119 119 122 130 136 139 139 136 133 131 130 127 137 134 143 135 130 131 111 111 119 117 112 119 117 115 117 112 114 112 105 104 100 102 104 94 96 97 99 94 104 100 89 94 85 89 95 101 98 92 97 97 103 101 92 89 90 86 83
81 76 81 70 71 86 84 96 104 94 91 97 79 104 100 99 105 102 107 102 109 112 113 105 107 109 115 117 110 126 105 105 109 115 116 114 116 121 123 122 125 125 136 131 133 128 131 127 130 127 126 132 127 120 114 111 106 109 114 111 111 106 106 109 107 107 107 116 121 113 99 97 94 104 108 105 100 93 99 88 88 85 94 97 97 95 95 95 94 98 98 97 89 86 83 81
84 85 87 71 70 76 83 96 100 107 104 87 81 81 83 91 99 97 109 89 105 114 104 101 104 109 114 114 110 105 105 110 113 118 113 116 116 120 122 120 118 125 122 123 125 123 122 122 127 119 114 125 117 112 104 104 103 105 108 109 108 107 103 106 107 110 113 119 119 111 100 98 102 102 100 107 107 96 97 97 95 92 90 92 90 95 98 95 97 98 98 94 90 89 89 84
76 87 73 87 81 71 99 89 109 104 96 96 99 99 81 83 83 97 97 104 112 109 106 106 108 111 109 108 101 101 105 108 116 119 114 112 115 117 118 117 117 117 118 118 122 120 118 118 121 113 107 107 104 104 104 102 100 105 113 105 104 104 102 105 108 107 108 114 112 106 103 101 95 100 104 107 105 102 100 92 103 97 87 90 95 95 97 92 97 98 95 90 94 94 87 83
87 84 89 84 76 71 76 96 89 94 107 99 94 96 89 84 84 86 106 114 108 104 99 104 86 106 104 104 111 112 113 121 119 122 116 117 114 115 114 112 112 110 114 114 118 120 116 116 118 118 114 111 105 100 102 100 97 110 116 108 107 105 110 104 104 105 106 114 112 108 105 98 100 103 106 102 105 102 101 94 103 94 95 87 97 98 98 94 97 98 97 92 95 92 84 83
90 89 89 73 92 91 70 91 78 99 105 99 91 81 81 78 78 80 93 103 112 111 104 99 109 114 109 112 114 114 110 113 119 118 119 115 110 109 107 107 109 109 109 112 118 117 116 114 116 117 123 115 107 104 94 94 99 107 111 108 108 107 105 102 99 105 106 109 109 97 101 95 105 105 105 105 107 106 100 103 103 98 89 87 95 92 95 100 98 98 98 97 95 97 87 84
77 72 70 89 87 99 70 70 91 102 97 87 75 73 72 73 80 83 85 88 91 106 93 111 111 108 111 111 109 104 109 113 113 111 111 114 114 112 107 107 106 107 107 110 113 114 113 111 111 115 111 110 104 100 96 91 94 99 100 104 103 103 105 106 106 100 103 109 115 98 105 108 101 101 105 103 97 105 103 97 105 97 98 92 94 94 97 97 100 103 108 101 95 92 94 87
74 81 81 89 84 96 76 71 70 91 91 82 85 77 72 75 75 77 79 80 84 93 83 101 106 106 112 108 101 114 113 117 115 118 114 114 116 108 104 104 109 106 104 103 107 110 110 107 107 106 107 105 102 96 94 93 94 99 99 100 101 100 103 101 101 98 101 109 108 100 105 120 105 97 98 98 93 95 95 101 96 98 98 98 89 97 98 100 106 108 101 98 95 88 92 86
84 81 90 89 86 97 97 92 89 70 71 73 73 78 73 74 74 74 75 79 79 85 79 95 93 98 93 104 112 104 112 113 120 123 124 118 119 111 107 107 102 106 104 107 107 107 103 101 106 103 107 104 102 97 96 94 94 97 97 98 100 97 109 104 99 98 100 103 101 101 100 106 108 100 99 98 95 87 95 93 95 101 105 97 90 92 100 98 100 106 96 93 91 91 91 89
98 85 92 87 94 99 91 87 83 75 73 73 73 73 74 74 72 75 75 77 77 77 82 91 103 104 106 109 99 108 112 112 120 123 130 122 121 111 106 106 101 107 102 100 102 102 100 103 104 101 96 102 102 96 91 86 93 94 97 94 97 97 101 105 101 99 105 108 101 101 95 101 101 93 98 101 96 95 88 96 98 98 107 108 95 92 101 105 106 106 104 101 95 95 96 92
85 84 92 92 96 94 84 84 82 78 77 72 72 71 72 72 72 74 74 76 77 77 79 92 92 95 100 98 103 106 104 119 123 131 138 128 124 109 105 101 101 98 104 94 99 103 103 103 95 95 94 99 102 94 86 80 87 87 87 89 88 93 98 104 99 102 104 105 102 98 91 91 91 85 91 99 102 100 95 91 98 101 107 109 99 100 103 105 101 99 96 101 101 93 93 95
87 85 104 89 87 84 84 86 86 83 77 72 75 74 72 73 73 74 73 76 74 76 78 91 94 93 92 105 102 97 104 116 130 139 134 123 115 109 106 106 102 98 99 97 107 110 106 103 100 95 91 88 85 88 84 76 85 84 87 81 87 90 98 98 101 98 102 101 96 96 87 95 88 92 92 94 100 94 91 88 94 100 102 105 109 109 107 102 96 93 91 95 95 95 98 95
87 92 110 99 91 79 78 82 85 82 75 72 75 75 71 73 73 73 74 76 76 76 74 79 91 92 89 95 98 103 112 121 121 122 120 123 120 110 106 102 102 107 104 99 105 105 103 103 101 101 99 97 89 85 81 74 79 82 85 76 79 81 91 90 95 93 91 90 90 93 82 94 88 95 99 102 95 94 88 95 86 99 100 102 109 109 107 104 105 99 91 82 85 91 96 101
90 92 87 83 79 76 77 77 78 78 72 74 80 81 73 71 73 73 73 74 76 76 76 76 76 83 86 94 98 90 102 116 104 122 116 120 115 107 105 101 114 109 106 100 100 99 103 101 100 93 93 89 91 84 80 74 79 82 81 76 81 79 87 84 91 87 80 80 85 83 77 89 94 94 94 97 91 97 97 99 89 94 105 108 110 112 108 98 95 93 91 87 96 99 85 91
86 86 84 79 79 77 77 77 75 74 72 78 84 79 81 71 73 71 73 75 75 75 75 75 76 86 90 98 96 109 114 100 113 117 116 111 107 113 112 105 108 107 106 99 92 102 103 109 102 97 89 86 89 84 79 74 73 75 79 72 75 80 80 82 75 80 80 80 78 72 78 77 89 89 93 95 87 99 92 89 94 100 99 105 108 105 109 100 99 94 83 82 89 89 90 85
86 83 81 82 78 75 88 82 74 75 74 78 86 78 85 83 73 85 83 82 77 75 75 75 75 78 90 95 101 108 111 113 108 102 99 106 117 123 115 109 111 102 102 94 86 97 98 107 105 93 90 84 73 78 73 74 74 72 77 77 74 72 77 75 73 75 75 80 82 83 83 85 87 89 92 96 98 96 95 95 90 92 99 90 96 96 97 95 103 102 94 85 86 91 86 83
81 79 76 78 78 75 82 84 74 85 83 78 86 85 85 76 81 85 84 79 77 77 76 77 76 84 92 90 102 107 115 114 115 108 102 98 122 126 115 109 106 105 98 86 95 111 106 97 97 96 86 78 71 79 71 75 75 79 79 80 80 75 75 73 73 73 75 85 85 82 85 85 90 88 95 92 95 96 89 92 84 92 95 92 98 96 93 98 104 103 92 83 86 82 83 83
76 73 77 75 77 77 87 79 82 87 87 85 88 88 80 86 85 84 82 84 79 74 74 76 76 88 96 97 110 114 113 119 110 95 112 117 122 121 112 115 111 106 101 85 102 108 100 96 91 90 81 78 71 71 74 75 80 79 79 80 77 72 70 75 75 77 76 79 76 84 76 78 85 87 87 95 96 98 99 95 92 93 98 101 96 99 104 96 96 98 90 94 79 83 85 85
73 76 80 77 78 79 87 78 79 84 86 86 90 83 87 85 89 86 87 88 83 74 73 75 77 85 95 101 113 118 109 116 105 109 118 113 108 117 120 112 115 103 97 82 102 100 98 86 89 84 84 78 79 80 77 75 82 80 80 78 77 75 73 66 62 70 73 74 76 77 82 77 85 93 93 99 102 99 89 90 93 97 96 97 102 101 101 104 104 93 92 90 89 77 82 78
78 81 82 80 79 82 83 84 88 90 95 101 95 90 95 91 93 91 88 85 73 80 82 73 82 94 99 111 118 122 113 112 102 108 122 90 111 114 110 115 102 95 90 98 96 99 87 71 72 84 84 85 83 83 80 73 80 80 81 83 81 84 75 65 71 67 70 76 80 79 82 83 82 92 100 102 100 103 97 90 97 93 96 100 96 99 106 103 103 98 89 89 86 80 77 84
78 81 85 80 80 82 79 91 95 93 101 100 96 100 92 95 93 96 88 83 73 83 79 75 82 94 109 114 112 90 101 100 107 125 116 84 103 106 102 110 110 107 79 102 93 89 77 80 81 70 76 90 90 80 80 75 73 80 89 83 81 78 73 71 68 76 76 72 79 79 77 80 83 94 97 103 105 103 102 88 99 99 94 94 102 103 102 99 96 96 89 86 83 93 81 87
76 81 80 79 80 81 86 91 96 98 100 98 91 95 92 79 103 94 88 82 75 80 86 77 86 103 111 118 92 112 112 92 89 85 95 90 111 104 96 107 109 87 93 99 85 75 81 80 78 85 85 89 90 90 81 83 73 83 78 80 77 79 78 73 67 71 79 77 72 80 74 79 79 82 92 106 102 100 96 88 90 102 99 94 96 100 102 96 93 93 90 89 84 90 92 87
91 86 83 80 79 83 81 95 95 95 95 90 87 92 76 73 94 92 79 80 96 94 91 77 84 104 106 111 96 106 122 122 97 92 80 83 107 91 93 94 94 77 92 80 91 77 82 68 81 84 88 91 96 89 83 83 75 70 78 79 76 79 72 74 69 68 74 80 77 72 79 82 86 83 95 106 103 100 100 104 107 106 106 96 100 99 103 100 100 96 91 87 88 93 91 84
91 89 80 77 79 81 83 90 90 93 90 94 89 72 81 91 75 74 91 107 108 117 88 77 86 84 83 89 101 114 120 112 101 99 107 107 79 74 77 86 78 76 81 90 84 73 83 73 78 73 83 84 90 95 84 76 74 70 74 74 75 82 77 74 71 74 71 77 80 77 74 78 77 81 86 96 105 103 107 107 106 101 103 107 100 103 102 98 97 94 93 94 92 93 90 87
86 83 78 77 77 79 86 88 83 90 85 84 76 83 88 92 93 91 98 104 111 114 114 79 81 93 104 93 95 100 117 119 107 117 108 95 86 77 91 79 68 82 74 91 92 87 88 78 71 84 83 84 93 93 84 74 76 70 77 77 81 81 77 74 75 80 81 71 77 80 69 72 81 74 80 86 95 104 108 106 103 109 101 92 98 104 103 100 97 95 97 95 94 95 94 93
91 83 78 75 77 79 74 76 78 83 78 79 81 81 79 83 96 104 92 104 106 115 106 95 81 87 101 99 112 118 107 108 121 111 111 101 92 89 79 91 81 87 83 89 92 95 87 85 81 83 81 90 93 96 82 78 69 74 80 77 78 82 77 76 83 80 84 78 75 80 72 71 72 83 82 80 90 101 99 111 109 110 94 92 92 101 109 107 101 100 97 94 91 89 91 96
87 80 73 72 74 71 69 68 71 73 74 76 81 71 94 101 104 110 97 103 114 123 112 100 93 82 95 105 108 103 104 114 109 114 112 106 97 89 77 91 87 85 80 87 71 86 84 87 82 80 86 90 91 85 80 74 72 69 76 79 80 85 83 82 85 82 82 72 76 82 72 70 73 75 79 85 88 88 95 108 107 105 110 117 113 101 113 108 99 101 93 89 89 86 94 101
86 81 73 72 69 69 68 68 73 81 86 88 90 72 103 111 111 115 114 118 114 102 100 100 93 84 83 90 100 109 97 100 101 116 105 102 101 83 80 87 89 83 80 77 87 75 85 84 83 82 82 80 86 86 78 73 63 72 65 78 81 83 86 83 84 81 77 73 70 82 73 71 71 77 83 86 89 97 97 109 109 113 110 113 106 100 111 107 103 98 96 90 90 89 90 98
89 86 78 75 74 71 69 76 81 83 86 87 87 82 103 100 115 117 121 126 119 108 103 94 92 94 83 85 108 116 107 110 114 108 99 95 94 92 85 83 87 83 76 72 83 87 77 80 73 78 77 83 86 83 83 75 64 78 73 65 71 75 84 82 82 75 74 77 77 75 73 73 70 74 83 80 78 89 94 97 113 106 103 106 112 115 107 113 101 100 100 98 96 101 98 102
81 84 80 77 74 72 71 78 81 83 87 87 68 84 112 113 111 105 125 124 122 119 107 109 107 103 100 80 96 94 95 108 111 105 96 88 86 100 84 89 85 90 81 82 80 87 88 82 90 80 78 80 83 86 75 73 68 71 75 74 74 74 72 76 84 82 82 79 80 71 76 75 74 70 74 83 81 87 84 95 101 116 112 102 104 115 112 118 106 107 115 110 93 96 103 102
83 73 77 75 74 74 76 74 80 78 86 88 75 79 97 108 119 123 122 110 107 112 85 85 85 79 83 85 113 116 97 104 106 98 91 86 81 76 82 82 85 87 88 85 80 75 81 91 86 81 84 82 78 82 85 75 63 72 74 73 67 72 76 80 85 90 85 82 81 76 74 79 75 75 72 72 81 78 83 83 95 112 99 108 107 112 118 117 117 112 122 116 97 92 92 91
81 79 70 75 72 77 83 81 85 82 89 88 70 109 95 105 111 121 116 113 86 89 85 106 106 100 98 110 109 106 110 109 103 92 79 78 75 80 72 83 87 82 84 89 79 77 89 86 84 87 86 84 81 80 85 78 71 68 64 64 71 73 77 80 79 83 85 85 82 80 74 79 79 79 75 79 90 90 88 96 93 107 101 113 118 118 119 125 125 117 114 110 110 96 89 86
74 74 73 67 74 79 86 90 90 84 71 78 70 92 100 116 114 120 114 97 114 110 89 86 86 115 115 115 120 123 117 104 103 94 80 86 85 81 79 75 81 88 87 83 84 72 81 85 87 85 81 84 89 83 81 75 63 73 74 71 74 71 71 74 82 83 89 88 76 85 76 79 80 85 78 81 90 97 91 93 94 100 112 110 123 128 118 121 113 113 106 104 99 95 89 86
74 68 73 73 75 83 87 91 86 77 92 88 83 97 91 103 113 112 116 112 116 116 108 97 106 98 121 126 120 114 109 93 100 93 88 84 80 78 77 78 76 86 82 84 85 82 71 74 89 85 90 91 91 86 79 66 68 68 75 75 67 71 78 74 85 86 91 89 77 91 80 77 82 88 83 77 85 91 92 93 96 99 108 112 126 120 108 102 101 113 106 100 98 95 92 87
74 74 81 78 67 81 89 90 75 92 92 94 83 94 103 106 103 110 116 120 124 127 121 113 109 93 103 117 119 104 98 93 101 97 94 87 86 80 87 84 77 82 87 86 81 84 73 76 88 90 91 88 87 89 79 81 84 78 78 78 76 75 84 87 88 87 90 81 84 86 81 80 80 82 86 85 86 91 93 93 98 110 107 111 110 108 110 120 118 102 104 100 97 96 91 90
77 69 81 83 71 87 78 70 92 78 84 91 94 76 98 104 108 111 109 119 123 129 124 131 103 96 86 122 118 112 90 84 92 99 90 92 87 85 94 89 84 85 85 79 84 85 81 86 90 93 89 88 92 92 73 83 87 83 77 82 80 76 79 76 79 83 90 93 94 86 83 78 84 87 91 88 88 88 95 102 97 104 109 107 109 110 131 119 107 105 102 101 95 96 91 90
