grids/precipitation/mar/RSMS_03_1882_01.asc
NCOLS 654
NROWS 866
XLLCORNER 3280414.711633467
YLLCORNER 5237500.62890625
CELLSIZE 1000
NODATA_VALUE -999
[rows 159 to 211 of 866, columns 192 to 287 of 654]
48 50 50 52 52 53 52 54 54 53 54 56 55 56 59 61 59 59 59 58 58 57 56 56 56 56 56 57 57 58 58 58 58 59 59 57 55 55 57 57 59 57 56 56 56 56 56 56 57 56 56 57 57 57 57 56 56 56 56 57 57 56 55 -999 -999 56 57 57 57 57 57 58 58 59 59 58 58 58 59 59 59 59 59 59 59 59 61 60 60 60 62 61 61 61 63 64
49 50 52 51 51 52 54 54 54 54 55 57 57 56 58 60 60 58 58 58 58 58 56 56 56 56 56 57 57 57 58 58 59 59 64 58 56 55 55 56 56 56 56 57 57 57 57 56 57 56 57 57 57 57 56 56 56 56 56 57 57 57 56 -999 -999 57 57 57 57 57 57 58 59 59 59 59 58 58 59 59 59 59 59 59 59 60 60 61 60 60 60 61 61 61 62 64
49 52 51 50 51 52 52 51 52 53 55 56 57 57 58 58 59 57 58 57 58 57 57 57 57 57 56 57 57 57 58 58 59 59 60 56 55 55 55 56 56 56 56 57 57 57 57 57 57 57 57 57 57 57 57 57 56 58 56 57 57 57 57 57 -999 -999 -999 57 57 58 58 57 58 58 59 58 58 58 58 59 59 59 59 60 60 60 60 59 60 60 60 61 60 61 62 63
49 49 51 50 50 49 51 51 51 54 56 55 56 57 57 58 57 57 57 57 56 56 57 58 57 56 56 57 57 60 60 58 58 60 60 56 55 55 55 55 55 56 57 57 57 56 56 56 56 57 57 57 58 57 59 58 57 58 58 58 58 58 58 58 58 -999 -999 -999 57 57 57 56 58 58 59 58 58 58 58 58 58 60 60 60 60 60 59 59 60 59 59 59 61 61 63 63
49 49 50 50 50 50 49 51 51 51 55 55 55 56 56 56 56 57 57 56 55 55 55 56 57 56 56 57 57 57 57 56 56 56 56 55 55 55 55 54 55 55 57 58 57 56 56 56 56 56 58 58 58 57 59 60 58 57 58 59 59 58 58 58 58 58 -999 58 -999 -999 56 56 56 57 57 58 58 58 59 59 59 59 60 60 60 61 59 58 58 59 59 62 60 60 62 63
49 49 49 50 50 50 49 51 51 51 52 55 55 55 56 56 56 56 55 56 56 56 56 56 56 56 56 57 57 57 56 56 56 55 56 55 55 55 54 55 55 56 57 57 56 57 56 56 56 56 57 58 58 57 58 58 57 58 58 60 60 60 58 58 58 58 58 -999 -999 -999 -999 56 56 57 58 59 58 58 58 60 60 60 60 61 61 61 60 59 58 58 59 60 60 60 60 62
49 49 50 50 50 49 49 50 51 51 52 54 55 55 56 55 56 55 56 56 57 56 56 56 57 57 56 56 59 58 56 56 56 56 56 55 55 54 54 55 55 56 55 57 57 57 57 57 57 57 57 58 58 58 57 58 57 58 59 59 61 60 58 58 58 58 58 58 57 57 -999 -999 -999 56 58 59 58 59 61 64 63 61 61 61 62 60 59 59 58 59 59 60 60 60 60 62
48 49 49 49 49 49 49 49 51 51 51 54 53 54 56 55 55 55 55 55 56 56 56 55 55 56 56 56 55 55 56 56 56 56 55 54 54 52 53 54 54 54 55 55 57 57 57 57 57 57 57 57 58 58 58 57 56 58 60 60 60 60 60 58 58 58 57 57 57 57 57 -999 57 -999 -999 -999 -999 -999 -999 57 63 63 60 60 60 59 59 58 59 60 60 62 60 60 60 62
47 47 48 49 49 49 49 50 50 50 51 52 53 52 53 55 55 56 56 56 56 57 55 56 55 55 56 55 55 55 55 55 55 54 54 52 51 51 52 52 53 53 55 55 55 55 57 57 57 57 56 57 57 57 58 57 57 58 58 59 59 59 60 60 57 57 57 57 57 57 57 57 -999 -999 -999 -999 -999 57 57 -999 -999 -999 57 59 59 58 58 60 60 62 62 62 62 59 60 61
47 47 48 50 49 49 50 50 49 49 51 52 52 52 53 54 55 55 55 56 56 57 58 56 55 55 56 55 55 55 55 55 55 54 52 52 51 51 51 53 53 53 55 55 56 56 57 57 57 57 57 56 56 56 57 57 57 58 58 60 60 60 60 60 58 57 57 57 57 57 57 57 57 -999 58 57 -999 57 57 -999 -999 -999 -999 -999 -999 -999 -999 -999 -999 -999 -999 -999 -999 59 60 60
47 47 47 49 50 49 49 49 49 49 50 51 52 52 53 53 54 54 56 57 57 57 57 55 55 55 55 55 55 55 56 54 54 54 52 51 51 50 51 51 53 54 56 55 56 56 57 56 56 56 56 56 56 56 56 57 57 58 58 60 59 60 60 60 59 57 57 57 57 57 57 57 57 57 57 57 56 56 56 56 -999 -999 57 57 57 57 57 57 58 58 58 59 59 -999 -999 -999
45 47 47 49 50 50 50 50 49 50 52 52 51 52 54 54 53 53 54 56 56 57 56 55 55 55 55 55 55 55 55 55 54 53 54 51 52 51 50 50 53 54 55 56 56 55 56 56 56 56 56 56 56 57 56 57 57 57 59 58 59 59 60 59 60 56 57 56 57 56 57 57 57 57 56 56 55 55 56 56 56 57 57 57 57 57 58 58 59 58 58 58 59 60 60 60
46 46 47 49 50 49 50 50 50 50 51 51 51 52 55 53 54 55 54 54 54 54 56 56 55 55 55 55 55 54 55 55 53 53 52 52 52 52 51 51 52 54 56 57 57 55 56 57 57 57 57 56 56 56 57 57 58 58 58 58 58 58 60 60 59 59 56 56 56 56 56 56 56 56 56 55 55 55 56 56 57 57 57 57 57 57 57 58 58 59 59 59 60 60 60 59
45 46 47 47 49 49 49 50 51 49 50 52 53 53 53 54 54 55 55 56 55 54 53 55 54 55 55 55 56 55 56 54 54 53 54 55 54 54 51 51 54 55 56 56 55 55 56 57 57 57 56 57 56 57 57 58 58 58 59 58 59 59 60 59 58 58 56 56 56 56 56 56 56 56 56 55 55 55 56 57 57 57 57 57 57 57 57 58 58 58 59 59 60 60 61 59
45 46 46 47 48 49 49 51 50 50 50 53 53 53 53 54 54 55 55 55 55 54 54 55 55 55 55 55 56 56 56 56 54 54 54 56 54 55 52 54 55 56 54 57 57 57 56 57 58 58 57 57 57 56 57 58 58 59 59 59 59 59 59 59 58 57 57 56 56 56 56 56 56 56 56 55 55 55 56 57 57 57 57 57 57 57 57 57 58 58 59 60 60 60 61 59
46 46 47 47 48 48 49 52 51 51 50 50 53 53 53 53 52 53 54 54 54 54 55 55 56 56 55 55 56 56 58 57 54 54 54 54 55 55 54 55 54 54 55 56 56 55 56 55 55 56 57 57 57 57 57 57 57 59 59 59 58 59 59 58 57 57 59 58 57 56 56 56 56 56 56 56 56 56 56 56 57 57 57 57 57 57 57 57 57 58 59 59 61 61 59 59
46 46 46 47 47 50 51 50 50 51 51 51 51 52 53 53 53 53 54 54 53 53 54 55 55 57 56 55 56 56 57 56 54 54 55 55 55 56 56 55 55 55 55 54 56 55 55 54 54 55 57 56 56 56 57 57 58 58 58 59 59 59 58 57 58 58 59 60 58 57 56 56 56 56 56 56 56 56 56 57 57 57 57 58 58 57 57 56 57 58 58 59 59 59 59 60
46 46 46 48 48 48 49 49 50 50 51 51 51 51 53 53 53 53 54 53 53 54 54 55 56 55 56 56 56 55 55 55 56 54 54 55 55 55 55 55 55 55 56 56 55 54 54 54 55 54 56 56 56 56 57 58 57 58 58 59 60 59 57 59 60 60 60 58 60 59 59 57 57 57 57 56 56 56 56 57 57 57 57 59 59 62 59 59 58 58 59 59 59 59 60 60
46 46 47 48 48 48 49 49 49 49 51 51 51 51 52 53 53 53 52 54 53 54 54 54 55 55 56 56 55 54 54 54 54 54 54 55 55 55 55 55 57 57 56 56 55 55 55 55 55 53 54 55 56 56 56 57 58 57 58 58 60 57 59 59 59 60 60 60 59 60 60 59 60 57 58 56 56 56 56 58 58 59 62 62 63 63 62 63 61 61 62 62 61 59 60 60
46 48 49 47 47 48 48 49 48 49 50 50 50 51 52 52 52 52 52 52 54 54 54 53 54 55 56 56 55 56 54 54 54 54 54 54 54 54 54 55 57 56 56 56 55 54 55 55 54 53 53 53 54 55 56 56 57 56 58 59 59 60 60 60 59 60 61 61 60 60 60 59 58 56 59 57 56 56 57 58 58 61 63 62 63 63 64 62 63 64 63 62 62 60 59 59
46 48 47 47 47 47 47 48 48 49 49 51 52 52 52 52 52 52 52 52 52 53 52 53 54 56 57 57 55 55 54 54 54 54 54 54 54 54 54 55 55 56 56 54 54 54 54 54 54 52 52 53 53 55 55 57 56 56 58 59 60 60 60 61 60 61 61 60 60 60 59 58 56 58 59 59 59 58 59 62 62 63 63 63 64 62 65 67 65 63 64 62 60 61 59 59
47 46 48 48 47 47 47 48 48 49 49 52 52 51 53 51 52 52 52 53 52 52 53 54 55 56 60 57 54 56 53 54 54 54 54 54 55 54 54 53 54 55 56 54 55 54 53 53 53 52 51 53 53 53 55 57 56 56 58 60 60 61 61 60 60 60 61 60 60 60 60 56 56 58 58 59 59 59 61 62 62 63 64 67 64 66 67 68 67 65 63 62 61 62 61 59
47 47 48 47 47 47 47 47 48 49 49 52 51 51 52 52 52 52 52 53 52 52 54 55 55 56 57 59 54 54 53 54 54 54 54 54 54 54 53 54 53 53 52 52 54 54 53 53 54 51 51 52 53 53 55 55 56 58 58 60 61 61 61 60 60 60 60 60 59 59 59 57 56 57 57 57 58 58 62 62 62 63 65 67 67 66 70 67 65 65 65 64 63 62 62 60
46 47 47 48 48 47 47 48 49 49 49 50 51 51 53 51 51 52 52 52 52 53 55 55 56 56 57 57 54 54 53 53 54 54 54 54 54 54 54 53 53 53 54 54 54 54 54 54 53 53 53 52 53 54 54 55 56 57 58 58 59 61 61 60 61 61 60 60 60 59 58 57 55 56 55 55 57 59 59 61 62 64 66 66 69 68 65 65 68 63 64 63 64 65 64 60
47 47 47 47 47 47 47 48 48 50 49 51 51 51 51 52 52 54 53 52 52 53 55 55 55 56 58 58 54 54 53 53 53 53 54 54 54 54 53 53 53 54 55 56 55 54 54 54 54 53 54 53 54 54 54 56 56 56 58 59 58 58 59 59 60 60 59 59 58 58 57 56 55 55 55 56 58 58 59 61 62 63 64 67 69 70 68 67 64 64 64 64 64 63 64 60
46 47 47 47 48 49 46 48 48 48 49 52 51 51 53 52 52 53 54 53 52 54 55 55 55 56 57 57 55 54 53 53 53 53 54 54 54 54 54 55 53 55 56 56 56 55 54 55 55 53 55 54 53 54 55 55 56 57 58 58 58 58 59 59 60 60 60 59 59 59 59 58 57 55 55 57 58 57 59 62 63 65 67 67 69 70 68 68 68 67 65 65 63 62 62 60
46 46 45 45 48 48 48 48 49 49 49 50 52 52 51 51 52 53 53 53 52 53 55 55 55 55 56 56 55 54 53 53 53 53 53 54 54 55 55 54 54 55 55 55 54 54 55 55 55 54 53 53 53 53 55 56 56 57 58 58 59 58 58 59 59 59 60 60 60 60 61 58 57 55 56 55 58 56 59 62 64 65 68 68 70 71 70 68 68 68 64 64 63 63 62 61
46 47 45 45 46 48 48 47 48 49 50 50 50 51 51 51 52 54 53 54 53 54 55 55 55 53 53 54 53 54 53 53 53 53 53 54 54 54 54 55 55 55 54 54 55 55 56 56 55 54 54 54 55 55 56 57 57 58 58 58 58 58 59 59 59 59 60 60 60 59 59 58 56 57 57 56 56 57 58 62 63 65 68 68 70 70 68 68 69 68 67 66 64 63 61 62
47 48 47 47 46 47 49 48 47 48 50 49 49 48 52 50 51 51 54 54 54 54 56 55 54 52 52 53 53 53 53 53 53 53 53 54 54 54 54 55 55 55 56 55 56 56 56 56 54 55 54 55 55 56 57 57 58 58 58 59 58 58 58 59 59 59 59 60 59 59 58 57 56 57 57 57 57 59 61 64 64 67 67 69 68 69 68 68 69 68 69 67 64 63 61 62
46 48 48 46 48 48 48 48 47 48 49 49 49 49 51 52 51 52 54 54 53 53 53 54 52 52 52 53 54 53 53 53 54 53 53 54 54 54 55 55 56 57 57 56 56 56 54 54 54 54 55 56 56 56 56 57 58 58 59 58 58 58 58 59 59 59 59 59 59 59 59 58 57 57 57 57 58 57 60 63 65 67 67 67 67 69 67 68 69 68 69 68 64 63 62 61
45 47 47 47 48 48 47 48 48 48 48 49 49 50 51 52 51 51 52 53 53 53 52 52 52 52 52 53 53 53 52 54 56 53 53 53 54 54 56 56 56 57 57 56 56 56 53 54 54 55 56 56 56 56 57 58 58 58 58 58 58 58 58 59 59 59 59 59 59 59 59 59 57 57 56 57 57 59 61 63 63 65 67 66 67 67 67 69 68 69 71 70 64 64 62 61
46 46 47 46 47 47 47 47 48 47 48 48 48 50 53 53 51 50 51 52 52 52 51 53 53 53 53 52 53 52 54 54 55 54 53 53 53 54 56 57 57 56 56 56 54 53 54 54 55 55 57 56 57 57 59 59 58 58 58 58 58 58 58 57 58 59 59 60 59 58 59 59 59 57 57 56 59 60 60 61 63 64 66 65 64 67 68 67 69 73 72 69 66 64 62 62
46 46 45 47 46 47 47 46 46 48 48 48 47 49 50 52 50 50 51 52 52 53 52 53 53 53 53 54 53 52 53 53 53 53 53 53 53 54 54 54 55 56 54 55 54 53 54 54 55 56 56 56 57 56 58 58 58 58 58 57 57 57 57 57 58 58 59 58 57 58 59 59 57 58 57 57 58 59 60 62 62 63 64 66 66 66 68 67 68 70 70 68 63 62 62 62
46 46 46 47 47 47 48 47 47 47 47 47 47 49 49 50 51 50 52 55 55 53 51 53 53 53 54 54 53 53 54 53 53 53 53 53 54 55 56 54 54 54 54 53 53 53 54 54 56 55 55 57 56 56 56 58 58 58 58 56 57 57 57 58 58 58 59 58 57 58 59 59 59 59 57 58 57 58 59 61 62 64 65 66 65 64 67 67 66 68 67 66 63 63 63 65
46 46 45 46 48 47 47 47 46 47 46 46 47 47 48 50 52 52 54 54 55 51 51 52 53 53 53 54 53 53 54 53 54 53 54 54 54 55 54 55 55 56 53 53 53 53 54 55 54 55 55 56 55 56 56 57 58 57 56 56 57 57 57 58 58 58 57 58 57 58 57 58 58 58 59 57 59 58 59 60 60 63 62 65 64 65 67 64 67 66 66 65 63 63 63 65
46 45 45 46 46 47 47 46 45 45 45 44 46 46 47 50 52 52 52 52 51 51 51 51 52 53 53 53 53 53 54 53 53 54 55 56 56 54 55 55 56 56 53 53 53 53 54 54 54 54 54 54 55 56 56 57 57 56 57 57 56 56 58 58 59 58 56 57 57 57 57 57 56 57 58 57 58 57 59 59 59 61 63 66 64 63 63 62 64 64 64 62 62 61 61 62
45 45 46 47 47 46 48 46 45 45 44 43 45 44 47 52 53 51 50 51 50 50 51 51 51 52 52 52 53 53 54 53 53 55 55 56 58 56 55 56 56 54 53 52 53 53 52 54 55 55 55 54 54 55 55 55 55 56 57 57 56 57 58 59 59 58 56 57 56 57 57 56 56 56 57 58 57 58 59 59 59 63 67 66 64 62 62 62 63 62 62 61 61 61 61 64
45 45 46 47 46 46 46 45 45 45 45 42 43 44 48 52 50 49 50 49 50 49 50 51 51 51 52 53 53 53 53 53 54 55 55 56 57 57 56 55 56 55 53 52 54 52 54 55 55 56 55 55 54 54 55 54 55 56 57 56 56 57 58 58 58 57 56 56 56 56 55 55 56 56 55 57 56 57 58 59 59 61 62 65 64 60 61 63 62 62 63 64 64 62 61 64
45 47 47 47 47 47 47 47 45 45 46 44 45 47 48 52 49 50 49 49 50 48 50 50 51 52 52 52 53 53 53 53 55 55 56 58 58 57 57 56 54 57 56 55 53 52 52 55 56 57 55 55 55 55 55 55 54 56 56 56 56 57 56 57 57 56 56 56 57 56 55 56 56 56 57 56 57 57 58 57 59 62 63 63 63 59 60 61 62 64 63 64 63 62 61 63
45 46 47 46 47 48 49 49 48 46 47 48 48 49 50 49 49 49 48 49 50 50 50 50 51 52 52 52 52 53 53 53 56 57 57 58 59 59 57 57 55 56 55 55 53 52 54 55 56 56 55 55 55 54 54 54 54 56 56 56 56 56 57 57 57 56 55 56 55 55 56 55 56 56 56 57 57 58 58 57 58 61 62 60 59 58 59 60 62 63 64 65 63 63 62 64
48 47 47 47 46 48 49 49 50 49 48 50 50 50 50 49 50 49 48 49 50 49 49 51 51 51 52 52 52 52 53 54 56 57 57 59 59 58 58 57 56 55 54 55 56 54 52 55 56 56 55 54 54 55 55 54 53 54 56 56 57 57 57 57 56 55 55 55 53 53 53 55 55 55 55 56 58 58 59 57 57 58 61 59 57 57 58 60 62 62 66 67 65 66 63 63
47 47 47 48 48 47 50 50 50 50 50 52 51 51 49 49 49 49 48 50 50 49 50 51 51 51 52 52 52 52 53 54 56 56 57 58 59 59 57 57 57 56 55 54 55 56 54 55 56 56 55 54 54 54 54 54 53 54 56 57 57 57 57 56 56 55 54 53 53 53 53 55 55 55 55 56 58 58 59 58 57 57 58 57 56 56 58 60 62 63 66 68 66 67 63 63
47 48 47 48 48 50 50 50 50 50 51 52 52 53 51 49 49 48 48 49 49 49 50 51 51 51 52 52 52 52 52 54 56 57 57 58 58 57 55 56 57 57 56 56 54 55 55 54 55 55 55 54 55 55 55 54 54 54 55 56 56 57 56 56 56 56 54 53 53 52 52 54 55 55 57 57 57 58 58 58 57 57 58 56 56 56 59 61 62 64 66 68 68 67 63 63
48 48 50 49 49 50 50 50 50 51 51 52 52 53 50 49 49 49 48 48 49 50 50 51 52 53 53 52 52 52 52 54 55 56 57 58 56 55 54 56 55 57 57 55 55 55 56 54 54 56 55 55 54 54 54 54 54 55 56 56 57 57 57 55 56 54 53 53 52 52 52 53 53 55 55 61 57 57 60 58 57 57 57 57 56 57 59 61 62 63 66 68 68 68 66 63
48 48 47 45 50 50 50 50 50 51 52 52 52 51 50 49 49 48 48 49 49 49 51 52 52 52 53 52 52 52 52 52 54 56 56 55 55 54 55 55 56 56 57 57 56 56 55 55 54 55 55 55 55 55 54 55 55 55 56 56 57 57 56 55 55 55 53 53 52 52 52 53 53 53 55 56 57 57 57 59 58 58 58 59 58 58 59 61 62 63 64 68 70 68 67 65
49 48 47 47 49 50 50 50 49 50 51 52 50 49 48 48 48 48 48 49 49 50 52 53 52 52 53 52 52 52 52 52 54 54 55 55 55 54 56 56 56 57 58 57 57 57 56 57 55 54 56 55 55 55 55 55 56 55 55 57 56 56 56 55 55 55 54 53 52 53 53 53 53 55 56 57 57 57 57 60 58 60 59 59 59 59 60 62 63 64 66 68 68 68 69 66
48 47 47 48 50 50 48 48 50 51 52 51 48 47 48 48 48 48 48 49 50 50 56 52 52 52 53 52 52 52 52 52 52 55 53 54 54 55 56 56 56 57 57 57 57 57 57 56 56 55 55 56 55 55 55 55 55 55 55 56 57 57 56 57 55 55 54 53 52 52 53 53 53 55 56 57 57 57 58 59 59 59 59 59 60 60 61 63 64 67 67 70 67 67 70 66
47 48 50 50 50 48 47 49 51 51 51 51 48 47 48 48 48 48 48 49 50 50 51 51 51 52 52 52 52 52 52 52 53 52 53 54 55 56 56 56 56 57 58 58 57 56 57 56 57 56 56 56 56 56 56 57 57 55 57 57 57 57 56 56 56 55 55 54 54 53 55 55 56 56 57 57 58 58 58 59 60 60 60 60 62 60 63 63 64 64 67 67 67 66 68 67
48 49 48 50 50 48 48 50 50 50 49 49 47 47 48 48 48 48 49 49 49 50 51 51 51 51 52 52 52 52 52 52 53 54 54 55 55 56 56 56 56 56 57 58 58 57 56 58 57 56 57 57 57 57 57 57 57 56 57 57 57 57 57 57 57 56 55 55 55 54 54 56 57 57 57 58 59 61 61 61 61 61 61 62 62 63 63 63 64 64 67 67 65 65 67 67
47 48 50 50 48 49 50 50 50 50 48 47 47 47 48 48 48 48 48 48 49 49 51 51 51 51 52 52 52 52 51 52 52 53 54 55 54 54 56 56 57 57 57 57 57 56 57 57 57 57 56 57 57 58 57 57 57 57 56 57 57 57 57 57 57 57 56 55 55 55 55 57 57 57 58 59 59 59 61 61 61 61 61 62 62 63 63 64 64 67 68 66 64 65 65 66
48 49 50 47 48 50 50 48 47 50 47 47 47 47 48 48 48 48 48 49 49 49 51 51 51 51 52 52 52 52 52 52 52 52 54 54 54 54 54 56 56 57 57 57 57 56 57 57 57 57 57 58 57 57 57 58 57 57 57 57 57 57 57 57 57 57 56 56 55 55 55 57 57 58 59 59 59 61 62 62 61 61 62 61 63 63 65 67 67 67 68 67 66 66 66 64
46 46 46 49 50 50 47 46 48 46 47 47 47 47 48 48 48 48 48 48 48 49 51 51 51 52 52 52 51 51 52 52 52 53 54 53 54 54 54 55 56 56 57 57 56 57 57 57 57 57 57 57 57 57 57 59 58 56 56 57 57 57 57 57 57 57 57 57 56 57 58 58 58 58 59 59 61 62 62 62 62 62 62 63 64 63 64 66 68 68 72 68 66 66 65 64
46 46 46 46 46 46 46 46 45 45 46 47 47 47 48 48 48 48 48 48 48 49 51 52 52 52 52 52 51 51 52 52 52 53 53 52 52 54 54 54 56 56 57 57 56 55 57 57 57 57 57 57 57 57 57 58 57 57 56 58 58 58 58 57 57 57 57 57 57 57 57 58 59 59 59 61 61 61 62 62 62 63 63 63 63 64 64 64 67 68 70 68 68 64 65 63
