grids/precipitation/mar/RSMS_03_1883_01.asc
NCOLS 654
NROWS 866
XLLCORNER 3280414.711633467
YLLCORNER 5237500.62890625
CELLSIZE 1000
NODATA_VALUE -999
[rows 636 to 688 of 866, columns 288 to 383 of 654]
52 52 51 52 51 51 50 49 48 48 47 46 46 45 46 44 43 43 42 44 46 45 45 47 45 45 46 45 46 45 45 44 44 44 45 45 46 46 46 44 42 42 42 42 42 42 41 40 41 41 41 42 39 41 42 42 43 42 43 42 42 41 42 41 41 41 39 39 39 39 38 38 38 38 37 37 37 37 39 38 38 38 36 36 36 36 37 38 37 37 38 38 38 38 39 38
52 52 53 52 51 51 50 49 48 48 47 47 48 47 47 45 44 43 44 46 48 47 50 48 47 46 47 47 45 46 45 44 44 44 44 45 46 47 46 44 43 42 42 41 42 42 40 41 40 41 41 41 42 42 43 43 43 43 43 42 41 42 42 41 41 41 41 40 40 39 39 37 38 38 37 38 38 38 38 39 38 38 36 36 37 37 37 37 37 38 38 38 39 40 39 39
53 54 53 52 53 51 51 49 49 48 47 47 48 47 47 46 46 45 46 46 46 49 49 48 48 47 46 46 46 46 45 46 44 43 43 43 44 45 45 46 43 42 43 42 41 41 40 42 42 42 42 42 42 43 44 43 43 43 43 43 42 41 41 41 41 41 41 40 40 40 39 39 38 38 39 40 38 38 37 37 37 37 36 36 36 37 36 37 37 38 38 38 38 39 39 39
55 54 54 53 54 53 51 51 51 50 50 49 50 49 47 47 48 46 46 47 50 51 47 50 50 49 48 48 50 48 46 45 44 44 43 44 44 44 44 44 43 43 42 42 42 41 40 42 42 42 42 42 43 42 43 44 43 44 43 42 41 42 41 41 41 41 40 40 39 41 40 40 40 38 38 38 38 39 38 37 37 37 36 38 38 36 37 37 38 38 38 38 38 38 39 39
55 55 54 54 54 53 52 51 51 50 50 50 50 48 48 48 47 47 47 47 47 47 49 51 51 50 50 50 49 51 47 44 46 44 45 43 44 44 44 45 44 45 42 43 42 42 42 41 42 42 43 42 41 41 41 42 44 44 43 42 42 42 42 41 41 41 41 40 40 40 40 40 39 39 39 39 39 39 39 40 39 38 37 37 38 38 37 37 37 38 38 38 39 38 39 39
55 54 54 54 54 53 52 52 50 50 51 50 49 49 47 47 48 49 47 47 49 50 51 55 54 54 53 61 49 48 47 45 44 44 43 45 44 44 44 44 44 45 45 44 44 46 45 43 41 41 42 42 42 41 41 44 43 43 43 42 42 42 42 41 41 41 41 40 40 40 40 39 39 39 38 39 42 42 39 39 39 38 36 37 38 37 37 37 38 38 38 38 38 39 39 40
55 55 54 54 55 53 53 51 51 51 49 50 50 49 49 48 51 50 50 50 50 55 52 54 55 54 56 52 50 49 48 47 47 47 44 44 43 43 44 45 45 46 45 46 45 45 45 43 41 41 42 41 41 43 42 41 40 40 41 42 41 42 42 42 42 41 41 41 40 41 40 40 38 37 37 37 39 39 38 37 37 38 37 37 38 37 37 37 38 38 38 38 38 38 38 39
54 54 53 53 52 53 51 51 51 51 50 51 50 50 50 50 50 50 51 52 55 54 53 57 57 55 54 54 52 50 49 48 48 47 45 45 43 43 43 45 44 45 45 45 45 45 43 42 42 42 42 42 42 42 42 41 41 41 42 40 41 41 42 43 43 43 41 41 42 41 41 39 39 38 38 38 38 36 37 37 37 37 38 38 37 37 36 36 37 37 38 38 38 37 38 37
55 54 53 52 52 53 52 51 51 51 51 50 51 51 50 50 50 50 55 55 55 55 57 56 58 55 54 53 54 52 50 49 48 48 47 45 44 43 44 45 44 45 44 45 44 44 44 42 43 43 42 42 42 42 42 42 43 42 43 41 41 41 41 43 43 42 42 41 41 41 40 39 39 38 38 38 38 38 37 37 37 37 36 36 37 37 36 37 37 37 38 38 38 38 38 37
54 51 54 53 52 51 52 52 51 51 53 52 52 52 52 51 51 55 55 56 55 58 60 59 57 55 54 53 55 52 52 52 51 48 48 46 45 45 44 45 45 45 44 45 45 45 44 43 44 43 44 42 42 42 43 43 43 42 42 42 42 42 42 41 41 42 42 41 41 40 41 40 39 39 41 38 42 38 38 39 37 37 36 37 37 36 36 36 37 39 39 38 38 38 38 39
54 52 55 54 53 53 52 52 52 52 54 52 51 52 54 54 55 56 57 57 58 58 59 59 57 56 54 53 54 54 54 56 54 52 49 47 46 46 44 45 45 44 44 45 44 45 44 43 44 43 43 42 42 42 43 42 43 42 42 43 41 43 44 44 42 43 42 42 41 41 40 39 39 39 37 38 39 38 39 39 38 38 38 37 37 36 36 36 37 38 38 38 37 38 39 38
52 54 53 54 54 54 52 53 52 54 55 54 54 54 54 56 57 60 58 57 58 58 57 59 59 57 55 53 53 54 56 57 55 54 51 49 47 47 45 44 44 45 43 43 43 45 44 44 43 43 42 43 43 42 42 43 42 42 42 42 42 42 42 43 42 42 42 42 42 40 39 40 40 39 40 42 42 42 40 38 38 36 37 37 37 37 36 36 36 37 36 37 38 39 38 38
54 55 55 54 53 53 53 54 54 55 55 54 54 55 56 57 60 60 60 60 59 58 58 59 59 59 57 54 55 57 58 56 54 54 55 50 49 48 46 45 44 44 44 43 43 44 44 43 43 43 42 42 42 42 42 43 43 43 42 42 42 42 42 42 42 42 43 42 42 40 40 39 39 39 39 40 40 40 38 37 36 36 36 36 36 37 37 36 36 36 36 37 38 38 38 38
52 53 54 52 53 54 55 55 55 55 55 53 55 56 57 59 60 62 63 60 58 59 59 61 62 59 58 55 58 56 57 56 56 55 52 53 49 49 47 47 46 46 46 43 43 45 44 43 43 42 41 41 42 42 41 42 42 42 42 42 42 42 42 42 42 42 42 43 43 41 39 38 39 39 39 39 39 39 37 37 36 36 36 37 36 37 37 37 36 36 36 37 38 38 37 38
52 52 51 52 54 55 56 56 55 54 56 56 56 58 60 64 63 64 66 63 63 61 61 61 64 62 59 58 58 58 60 58 56 54 52 52 53 51 51 49 50 47 48 46 45 44 43 44 42 41 41 40 40 41 41 41 42 42 42 42 45 44 47 45 44 44 46 47 43 41 39 40 43 39 39 38 38 38 38 37 35 36 36 37 37 37 37 37 37 36 38 37 37 38 38 38
53 51 53 51 55 56 57 57 57 56 56 57 57 58 63 64 66 67 66 66 65 64 63 64 65 63 61 60 62 61 61 59 58 58 56 53 52 53 52 52 51 50 49 46 46 45 43 43 44 43 42 41 42 41 41 40 41 42 42 41 42 45 46 48 47 43 42 42 41 41 42 42 43 43 39 39 39 38 37 36 37 37 36 38 38 37 37 37 37 36 37 36 38 39 38 38
54 54 54 55 55 56 58 56 56 56 56 56 57 59 61 66 67 66 67 66 65 65 65 63 66 64 62 62 62 63 63 59 59 59 55 55 55 53 53 51 52 52 50 48 46 46 45 44 43 43 43 42 42 42 41 40 41 41 41 42 43 43 44 45 44 46 46 44 43 41 40 38 39 39 39 38 39 38 36 36 37 37 37 39 40 40 38 37 37 36 38 38 38 38 39 39
54 56 56 56 55 55 52 56 56 57 57 58 58 59 61 66 68 71 68 66 66 66 65 65 69 66 66 63 65 63 63 59 60 59 56 55 54 54 54 53 53 52 50 48 47 46 47 45 45 44 42 41 41 42 41 40 40 41 41 41 41 42 44 44 45 47 46 45 44 42 41 41 38 39 37 38 37 37 36 36 36 37 37 38 38 38 39 37 37 37 37 36 37 38 38 38
56 56 55 55 55 56 56 57 55 57 58 58 59 61 65 66 69 68 70 70 67 67 68 66 67 70 66 64 63 65 62 63 62 61 58 57 56 56 54 55 54 52 51 49 49 47 47 46 46 45 44 43 41 41 40 40 40 41 42 41 40 42 44 44 44 44 44 44 44 42 43 42 42 42 40 38 37 38 37 36 37 37 39 38 38 38 38 38 37 38 37 37 36 36 37 37
55 55 55 55 56 56 56 56 57 59 58 59 59 62 67 69 69 67 67 69 71 72 68 69 69 70 68 66 63 65 63 63 65 64 59 59 58 56 55 55 55 53 52 50 48 48 47 46 46 46 44 43 42 41 40 40 39 40 40 40 40 39 42 44 43 43 43 42 41 39 42 43 43 44 42 39 39 40 39 38 38 37 38 38 39 39 40 40 39 38 38 39 37 36 36 36
54 54 55 57 57 56 57 57 58 59 60 60 63 65 66 66 69 68 70 69 70 72 71 70 71 71 73 68 68 69 65 67 66 64 62 59 58 58 57 57 57 54 52 50 49 49 48 47 46 46 44 43 43 43 41 40 40 40 39 39 39 40 42 41 41 41 43 41 43 42 39 41 42 44 44 41 41 40 38 38 39 39 43 43 43 41 41 39 39 39 38 37 39 39 37 36
55 55 55 56 57 57 57 58 58 58 60 60 63 66 67 68 68 66 69 69 69 71 77 74 72 71 73 71 69 68 68 67 67 64 63 60 59 59 57 57 56 55 53 51 50 49 49 48 48 47 46 45 45 43 42 40 40 39 39 38 39 39 40 40 39 39 38 37 39 38 40 39 39 43 43 40 41 40 38 39 39 40 42 41 40 41 39 41 42 41 38 39 39 38 38 41
57 55 56 57 56 58 58 58 58 57 59 60 62 62 67 68 68 69 68 68 70 71 74 74 74 74 74 75 74 71 69 67 68 67 64 60 61 58 58 56 55 54 53 53 50 49 49 47 48 47 46 45 45 43 42 41 40 39 39 38 38 38 40 40 40 37 37 37 37 38 39 40 40 39 39 39 39 39 37 39 43 43 43 41 42 41 41 42 42 41 40 39 39 41 40 37
53 57 58 57 58 58 58 59 59 59 60 61 60 62 64 68 68 69 68 70 71 71 74 74 74 74 73 74 74 72 71 69 68 67 65 61 60 60 57 56 58 56 54 54 51 50 49 47 47 47 45 43 42 42 41 41 41 40 39 38 39 40 40 39 40 40 39 37 37 38 43 43 42 42 41 39 39 39 38 39 38 43 43 43 46 46 42 42 40 41 40 40 39 39 40 38
55 55 59 58 59 59 59 60 59 59 60 60 62 63 65 67 67 69 70 73 74 72 72 74 74 73 75 75 76 74 72 69 68 66 64 60 59 60 58 57 58 57 57 53 53 51 50 47 46 44 45 45 42 42 40 42 41 41 40 38 40 41 40 40 39 41 40 41 39 38 38 40 41 42 41 39 39 39 39 42 42 42 42 42 42 42 42 41 42 41 40 38 37 38 38 36
56 55 56 58 59 59 60 59 60 60 61 61 62 63 65 66 68 69 72 73 73 72 75 76 76 73 75 76 75 73 73 72 68 66 63 61 60 59 59 58 57 56 56 54 55 51 49 47 45 43 43 45 44 42 42 42 42 41 40 39 38 40 41 40 39 39 40 38 41 39 40 39 40 40 40 40 39 39 41 39 41 42 41 41 42 43 42 42 42 42 41 43 38 37 39 37
56 55 56 57 59 59 60 60 59 60 61 62 61 63 67 67 68 69 72 73 74 76 76 77 77 76 73 76 75 74 73 72 68 68 65 62 61 59 59 56 58 55 54 54 53 52 50 47 45 44 42 43 44 42 43 41 42 42 40 39 38 38 38 39 38 41 40 40 40 40 40 40 41 39 41 39 39 41 41 41 41 41 45 40 41 45 43 41 42 48 43 43 39 38 37 35
58 57 57 59 59 59 59 59 60 60 63 62 66 66 68 66 67 71 74 74 74 76 76 77 77 78 76 73 74 73 73 73 70 68 68 65 62 60 57 58 56 55 54 52 51 51 49 46 46 43 42 44 43 44 43 42 41 41 40 40 38 38 38 37 40 40 40 40 40 39 40 40 39 40 39 40 40 41 43 41 40 39 42 42 43 45 45 42 42 46 47 44 41 43 39 36
59 58 61 60 60 63 63 61 61 60 62 64 63 63 64 67 72 72 73 74 74 75 76 75 77 76 78 75 75 76 73 72 74 72 69 65 62 61 58 55 56 56 55 53 51 51 48 47 45 44 43 44 44 44 42 42 42 43 42 40 40 39 39 37 38 40 40 39 38 38 39 40 40 39 39 38 40 41 42 40 42 43 47 46 43 45 43 42 43 45 45 44 44 43 43 40
58 60 60 61 60 62 61 60 60 61 61 63 63 67 67 70 71 72 73 74 74 74 77 76 77 77 76 77 74 76 73 70 73 70 67 65 65 61 59 56 55 63 63 59 52 51 49 49 46 44 44 44 45 44 43 43 42 43 40 41 40 40 37 37 38 38 38 37 37 36 40 40 39 39 37 39 41 40 39 45 43 43 49 46 45 43 41 42 44 43 43 44 44 43 43 43
56 61 61 61 61 61 61 63 62 63 61 62 67 68 70 70 72 72 73 73 76 73 77 76 76 76 75 76 76 75 72 71 69 70 69 66 63 61 60 57 56 54 56 56 52 50 48 47 46 44 44 44 43 43 42 42 42 42 41 40 40 39 38 38 38 39 38 37 37 37 38 38 38 38 37 38 39 39 40 46 48 48 49 46 46 44 43 41 42 42 43 42 42 43 42 42
58 62 63 63 63 63 63 61 64 63 62 61 63 68 70 69 69 71 71 74 74 73 77 77 76 76 76 74 75 73 72 69 72 70 67 65 63 61 59 56 56 55 52 50 49 50 46 45 45 44 45 45 43 46 44 41 43 48 42 41 42 40 40 39 38 37 37 38 38 38 41 40 40 39 37 36 38 40 47 41 46 48 47 46 46 44 43 42 42 41 43 42 42 42 41 40
62 63 62 64 63 63 64 64 63 61 63 64 66 66 66 70 71 73 74 76 73 73 73 73 76 75 76 76 77 74 69 68 69 71 67 65 63 61 59 59 59 57 51 47 47 47 45 44 43 46 44 44 44 45 44 43 45 47 48 44 47 46 42 39 38 38 37 37 38 39 42 40 40 39 37 36 37 40 41 48 46 46 46 45 46 45 44 42 40 42 41 41 42 41 40 40
60 62 63 64 64 64 63 63 63 63 63 61 64 67 68 69 73 72 75 75 73 73 74 72 75 74 76 74 75 74 72 69 67 66 64 62 62 60 59 58 59 57 52 50 48 47 46 45 43 43 44 42 42 42 41 41 44 44 44 48 43 42 40 39 39 38 37 37 37 38 39 39 39 38 36 36 38 41 45 48 46 45 45 46 46 44 44 43 42 42 43 42 42 42 40 39
63 62 64 63 63 65 65 62 64 64 64 62 63 65 68 69 72 72 73 74 74 74 74 74 74 72 72 72 70 70 69 69 67 65 64 66 64 61 61 59 58 54 52 50 48 49 46 45 43 42 41 40 41 40 39 39 45 42 41 48 49 46 40 42 42 40 38 38 39 39 38 39 38 36 36 37 39 41 47 48 46 45 45 45 46 44 44 43 42 42 41 40 40 41 40 41
60 63 64 63 64 64 66 64 63 65 64 64 64 66 67 69 70 71 75 77 80 75 74 72 72 72 72 71 69 70 70 68 67 66 64 66 65 60 62 59 58 54 52 51 51 49 48 45 43 42 40 40 39 38 38 37 40 41 42 46 48 47 45 47 46 40 38 39 40 40 40 41 39 38 39 46 44 46 47 48 48 46 45 45 44 44 43 44 44 43 43 41 37 39 40 40
63 64 63 64 64 65 65 63 64 64 64 63 63 66 65 68 69 69 71 75 79 76 76 73 72 71 72 70 71 70 69 68 67 68 64 63 63 61 59 59 59 56 55 53 49 48 47 44 46 42 39 40 39 37 36 36 40 40 41 43 48 49 47 49 50 47 43 42 39 38 39 39 39 38 38 43 46 45 44 46 46 45 44 43 44 44 43 44 44 44 42 41 41 39 40 35
63 63 63 63 63 65 65 67 65 64 64 64 65 63 66 67 69 71 72 73 76 75 72 72 73 71 70 69 71 71 68 69 68 66 64 63 65 63 61 59 55 55 52 50 49 48 47 45 45 42 39 38 37 38 36 34 38 41 39 45 49 48 49 46 50 46 46 45 42 38 39 39 39 38 39 40 45 45 44 45 44 45 41 43 45 43 43 44 45 44 43 42 41 40 40 39
62 63 65 64 64 64 65 65 64 66 64 65 63 62 66 67 69 73 73 70 71 72 73 73 75 74 74 74 75 73 72 68 65 65 64 64 60 62 60 59 56 53 52 52 51 47 47 45 41 41 39 38 37 36 36 39 39 40 39 43 47 46 47 49 46 48 46 42 40 40 39 39 39 40 39 44 45 45 44 45 42 42 45 44 43 43 44 44 45 43 43 42 41 41 40 38
63 64 63 64 63 64 66 66 66 64 64 64 63 62 65 66 66 71 72 72 70 73 73 73 72 73 74 73 72 73 70 70 70 68 63 60 59 59 58 58 54 53 52 50 51 47 46 44 42 41 38 37 37 36 40 40 41 41 40 44 46 46 50 46 46 41 44 46 43 42 44 41 39 43 41 46 42 41 40 43 44 46 42 44 44 44 45 45 44 44 43 43 41 41 40 37
61 60 63 63 63 63 66 69 67 65 63 64 63 64 63 67 70 69 69 72 69 72 71 70 73 73 74 72 72 71 70 67 68 66 62 59 59 58 56 54 53 52 52 52 51 48 45 44 42 42 37 38 39 40 39 38 40 41 44 48 46 48 47 47 48 47 44 43 42 47 45 41 40 40 39 41 46 45 44 45 45 45 44 43 44 44 43 44 45 44 43 41 41 41 39 38
63 62 62 65 64 65 66 66 67 66 64 63 65 63 64 68 69 69 68 70 67 69 68 71 70 71 74 71 71 70 67 67 66 64 64 60 59 57 56 52 55 52 50 48 48 45 43 42 42 39 39 36 41 40 39 40 42 44 43 48 46 48 48 46 46 48 46 44 45 46 45 39 40 39 44 45 45 45 45 45 45 44 45 45 43 45 43 43 44 43 42 42 42 40 38 38
63 61 64 65 66 63 66 64 66 64 65 64 63 63 64 67 68 69 68 68 67 68 68 68 69 71 72 70 68 67 67 65 64 63 62 60 58 56 53 51 53 50 48 45 45 44 42 40 38 39 37 39 40 39 39 41 43 42 49 49 49 48 50 46 48 46 47 46 43 43 45 40 39 38 42 44 43 46 45 45 44 45 46 45 44 44 44 43 42 42 42 41 41 40 38 38
64 64 62 64 65 66 64 68 68 65 65 67 63 63 63 68 67 67 68 67 66 66 68 67 69 70 70 69 66 65 64 62 62 60 60 57 56 54 53 51 50 49 45 45 43 41 41 39 38 37 37 37 39 37 38 41 42 41 45 52 52 52 52 49 48 46 45 46 43 41 40 40 41 40 38 42 41 41 45 44 44 46 45 44 44 43 42 42 42 43 42 41 40 40 39 36
65 63 63 63 65 64 64 66 68 65 64 63 64 64 63 63 67 67 67 65 65 65 66 67 70 68 67 66 67 64 62 59 60 59 57 54 54 52 51 50 48 47 45 41 42 42 39 38 38 37 36 36 36 37 38 40 41 42 49 52 54 53 52 47 47 44 45 44 43 44 43 43 40 43 41 38 39 45 44 44 46 46 45 44 44 44 43 43 43 42 41 40 40 39 36 34
65 65 65 63 63 60 61 68 65 66 66 66 65 65 63 62 65 65 65 64 66 65 65 66 68 66 66 65 64 63 60 58 59 56 57 54 52 50 50 47 47 45 44 42 42 39 38 38 37 36 35 35 36 36 36 39 40 43 47 52 52 52 48 46 44 43 40 44 43 45 46 43 43 45 42 39 39 38 45 46 46 44 43 44 43 42 41 43 43 43 42 40 40 40 38 36
63 62 67 62 60 60 63 67 65 64 66 65 65 66 64 62 63 62 62 61 63 64 63 64 64 64 66 63 62 59 59 57 57 55 55 54 51 49 48 45 44 42 42 40 40 39 37 37 35 35 35 34 35 35 37 38 40 41 45 50 49 48 46 43 43 44 43 43 43 43 41 43 43 43 45 45 42 42 47 47 44 43 44 45 42 43 43 44 42 42 42 41 40 39 38 37
59 60 62 62 60 60 60 64 64 62 64 63 63 62 64 62 63 64 63 61 61 63 64 62 60 61 62 63 58 58 57 56 54 56 53 50 47 47 46 44 43 41 40 39 36 36 36 36 34 34 32 33 33 34 36 37 40 40 43 47 45 45 44 45 45 44 42 42 41 40 40 41 42 43 46 47 43 42 45 45 40 44 42 41 41 41 35 35 42 41 36 35 36 38 37 35
61 59 56 57 58 60 60 60 63 63 62 63 63 62 61 63 62 62 61 62 65 63 62 60 60 62 63 58 59 56 56 54 53 56 52 50 49 46 43 42 40 40 39 37 36 37 36 35 34 33 32 33 33 33 36 36 38 41 41 42 45 44 44 43 41 41 41 41 43 40 41 42 43 43 45 48 47 39 41 42 38 39 39 40 42 36 39 39 34 40 35 38 33 36 35 33
66 65 59 60 54 55 56 58 58 57 58 57 59 62 62 62 62 62 60 61 63 61 61 59 62 67 60 59 56 55 55 54 55 54 51 49 46 45 42 41 40 39 37 36 37 35 35 35 34 32 33 33 33 33 34 36 38 40 40 40 43 45 42 41 41 40 43 42 43 42 42 43 43 43 47 48 46 47 46 40 38 40 39 36 41 34 41 40 39 33 33 38 36 32 31 30
65 64 63 59 58 58 58 63 61 59 61 59 57 58 60 62 64 62 61 59 62 62 62 58 63 64 58 59 56 54 53 52 56 52 50 49 46 42 41 39 37 36 36 35 35 35 35 34 34 33 33 33 33 34 34 34 35 36 38 41 43 42 41 41 40 41 43 43 43 43 42 41 41 42 45 46 47 49 49 46 41 43 42 35 35 32 38 38 39 38 36 38 38 35 32 35
66 64 60 57 59 59 62 62 62 60 60 58 57 58 63 66 69 66 62 60 59 58 57 57 57 61 60 56 59 57 54 57 59 57 51 46 43 42 39 37 37 35 35 34 35 34 34 34 34 35 33 33 33 33 32 33 34 34 36 39 40 40 40 40 41 42 44 42 41 40 40 40 41 40 42 40 42 47 46 47 44 46 42 35 35 36 35 37 35 35 36 34 37 35 33 32
67 65 57 63 62 63 61 63 63 61 60 58 56 58 60 72 72 72 68 66 62 67 61 57 64 64 59 57 54 53 53 54 54 55 51 46 43 41 38 37 35 35 35 35 34 34 35 35 34 34 33 33 33 34 33 33 33 34 37 38 37 38 40 41 41 41 41 41 41 41 41 40 39 38 43 40 46 42 47 46 44 44 42 34 34 36 38 36 36 33 34 34 34 34 33 32
