grids/precipitation/aug/RSMS_08_1882_01.asc
NCOLS 654
NROWS 866
XLLCORNER 3280414.711633467
YLLCORNER 5237500.62890625
CELLSIZE 1000
NODATA_VALUE -999
[rows 705 to 751 of 866, columns 192 to 287 of 654]
101 101 105 106 101 102 101 97 88 92 89 89 90 93 92 92 91 89 85 85 84 84 84 82 80 76 72 71 70 71 69 65 66 65 61 60 60 60 62 62 62 62 60 57 60 62 62 65 66 66 67 68 64 66 70 74 76 81 93 97 90 92 97 93 93 98 100 97 96 97 95 96 94 95 96 101 105 103 101 106 106 106 109 112 121 113 121 120 122 133 113 122 105 121 121 120
102 102 102 103 102 98 99 96 83 87 88 94 93 91 90 89 90 89 87 82 84 83 83 81 79 75 74 71 71 70 67 65 64 65 61 62 62 61 62 62 62 61 59 58 58 59 60 64 65 66 67 68 71 71 74 77 79 84 86 91 90 88 89 88 93 97 99 99 101 96 95 93 94 95 96 99 102 100 102 102 105 102 107 113 122 113 111 120 111 118 107 108 113 120 120 120
105 102 101 101 100 100 95 95 83 88 93 89 87 91 88 88 89 88 87 83 83 80 82 80 78 76 74 70 70 67 67 65 67 65 61 61 64 64 62 62 62 61 59 59 61 61 62 64 64 64 68 70 69 72 77 81 83 84 84 86 89 91 93 94 97 98 101 102 103 98 98 98 99 99 99 98 100 100 99 100 102 103 107 112 111 111 105 110 103 107 112 120 116 112 117 118
102 101 94 100 88 98 97 85 92 89 87 89 89 88 85 87 86 87 86 85 80 83 81 79 77 76 74 70 70 71 70 67 67 66 64 64 64 64 63 63 63 63 62 61 61 62 63 65 66 66 67 67 71 74 77 81 79 81 87 90 91 91 93 95 96 98 104 104 103 98 103 103 101 99 101 104 101 101 100 101 100 101 102 105 103 102 103 101 115 123 120 113 114 110 116 117
103 99 99 92 99 94 95 81 92 96 89 93 90 89 86 84 85 82 83 81 79 83 81 79 77 77 75 73 71 71 71 70 67 65 65 65 62 65 66 63 64 63 62 62 62 63 64 65 66 68 67 71 72 73 76 78 81 85 88 90 94 95 93 96 98 102 104 105 104 102 103 104 103 102 102 105 105 104 102 103 103 103 101 99 99 101 100 99 104 120 114 114 111 114 116 113
99 99 89 97 96 87 93 81 83 89 92 90 89 86 85 81 82 82 78 82 82 83 82 78 77 76 75 74 71 72 71 71 68 68 68 69 66 66 67 67 65 65 64 64 65 64 66 66 69 70 73 72 72 75 76 80 82 82 90 90 94 95 99 96 98 100 104 103 105 106 103 106 104 104 106 107 103 104 104 103 105 104 102 100 100 100 109 109 105 115 117 115 113 108 113 112
97 97 90 95 93 95 93 79 88 90 90 87 89 85 83 82 82 80 78 83 81 78 80 78 76 79 76 76 73 74 73 70 71 70 67 68 70 69 67 71 70 68 66 68 69 69 70 71 72 73 73 76 77 76 78 83 86 85 89 94 95 98 101 102 102 105 105 106 108 106 106 108 108 106 108 106 106 106 105 106 108 106 104 103 99 100 110 116 116 116 117 119 113 102 114 110
94 92 95 93 92 90 89 79 89 90 87 85 89 87 84 82 80 80 81 81 79 78 77 76 75 76 75 76 75 73 69 70 70 70 69 68 70 70 68 69 71 71 69 69 71 73 73 73 72 73 77 77 78 79 80 87 89 86 89 92 94 98 99 104 108 107 107 108 109 109 107 109 110 109 109 107 107 109 112 107 107 117 110 108 107 99 104 118 120 116 115 118 113 110 106 107
92 93 91 91 92 90 90 85 89 87 83 81 83 85 83 78 81 79 79 78 78 76 76 76 77 74 73 74 75 73 72 70 68 70 69 69 69 70 73 67 71 73 74 71 73 74 73 74 72 73 76 79 81 80 83 86 90 92 93 95 96 97 102 102 107 106 109 106 109 110 112 112 111 111 112 110 110 113 115 110 116 113 121 115 106 104 98 121 118 113 114 114 98 105 110 112
91 90 90 90 90 92 91 88 87 84 86 89 88 85 84 82 79 80 79 76 75 74 74 74 75 74 75 75 75 74 72 71 72 72 72 69 68 70 70 71 71 75 79 73 77 77 76 75 77 76 75 80 82 83 87 90 91 95 98 100 102 103 103 105 107 108 109 109 112 119 115 113 114 118 117 116 118 125 125 122 132 132 127 116 119 121 98 97 118 103 118 100 107 117 114 111
88 87 86 87 87 89 92 89 86 88 85 90 90 86 83 82 81 80 77 74 74 74 75 76 78 75 73 75 76 76 75 72 74 73 71 71 71 72 72 73 77 73 76 79 81 77 78 78 79 81 84 85 86 89 92 93 95 97 100 104 106 106 106 108 111 110 110 111 113 118 122 125 127 127 129 127 137 137 129 124 118 124 118 112 123 112 104 99 97 99 106 120 115 115 113 110
86 85 87 90 90 86 90 89 85 89 90 88 88 87 85 83 82 81 78 75 74 75 79 79 78 76 77 75 78 77 76 76 75 77 76 76 77 78 79 81 81 79 78 80 78 78 82 82 80 80 83 86 81 91 91 95 95 101 104 106 109 108 111 112 113 113 113 113 118 120 131 128 127 133 144 136 136 129 133 137 135 116 119 108 131 130 107 97 103 100 115 117 115 117 112 107
85 84 86 87 88 89 92 90 89 95 94 84 88 88 85 84 81 79 76 79 75 76 79 79 79 79 80 79 78 77 79 79 75 74 75 77 78 81 79 81 79 78 80 86 86 86 83 79 79 81 86 90 88 89 92 94 98 109 112 114 108 110 111 114 114 115 115 116 117 122 133 151 139 136 134 136 140 127 137 124 139 113 110 112 111 127 103 102 118 101 114 119 114 113 112 108
83 84 85 88 90 88 90 87 88 98 95 92 90 88 86 84 81 78 79 81 81 81 80 79 78 80 81 82 82 81 80 81 81 82 78 77 79 78 76 78 79 82 86 87 88 86 82 83 82 87 88 90 92 92 95 98 97 102 113 114 110 116 120 115 118 119 123 122 123 130 135 151 146 140 130 142 142 131 129 123 119 116 124 113 120 101 99 120 120 100 110 112 111 111 112 108
84 85 86 89 90 95 96 88 93 98 95 92 86 88 87 83 80 80 80 79 85 83 83 82 81 80 83 86 85 83 80 81 84 83 84 84 85 84 84 83 85 85 86 88 86 84 85 86 85 84 90 92 93 90 96 104 105 106 108 114 112 122 135 117 121 126 130 129 131 139 141 149 142 134 130 124 133 131 119 119 120 130 137 131 110 120 104 119 118 115 110 104 107 105 107 107
92 89 94 87 89 92 95 84 92 96 94 90 89 88 85 82 80 78 81 80 78 81 81 82 81 81 79 78 79 86 79 83 82 85 83 85 84 81 81 82 84 84 86 88 82 82 86 88 86 86 89 93 93 93 97 103 108 108 113 115 114 123 141 121 146 151 135 136 132 141 134 150 144 146 142 130 121 126 118 124 121 137 138 133 130 127 121 115 113 111 106 105 108 108 108 105
92 93 93 94 86 94 87 90 94 95 93 89 88 86 85 84 81 78 78 78 77 77 79 79 76 83 84 84 85 83 84 83 81 85 82 85 84 84 81 84 83 85 85 86 82 88 85 86 88 91 93 93 95 99 104 104 107 116 121 121 119 116 123 132 131 151 144 157 150 132 143 148 146 137 137 125 128 120 138 132 139 136 137 131 128 123 121 118 115 113 109 107 102 105 107 100
92 90 93 92 84 85 87 87 92 94 93 89 87 85 83 83 81 78 77 76 75 78 77 76 78 79 83 84 83 84 86 84 82 83 81 85 86 85 85 82 84 88 88 84 85 90 91 91 93 96 98 99 103 104 108 108 114 119 124 141 131 116 118 141 148 150 152 142 130 138 150 139 141 141 137 138 138 121 130 140 136 135 135 130 125 122 120 115 118 114 111 109 107 98 101 99
85 84 90 88 91 83 89 81 90 90 90 88 85 85 83 80 80 79 78 76 76 77 77 78 77 78 81 81 80 81 79 78 79 83 83 85 85 84 83 82 84 82 83 83 88 91 92 93 97 99 104 106 108 109 111 116 136 140 144 144 135 120 122 141 148 148 150 155 145 148 146 136 140 141 140 134 126 137 137 136 136 133 131 126 125 122 119 114 114 113 111 110 108 100 100 97
85 82 82 89 90 89 80 80 85 89 88 85 84 84 81 80 80 79 79 78 78 79 78 78 77 77 83 83 84 84 83 85 82 82 85 85 82 84 81 83 81 82 84 84 90 91 95 96 98 102 106 109 119 114 116 116 118 145 144 144 142 126 119 138 144 147 148 145 144 143 142 138 135 138 137 132 139 136 132 134 133 132 126 124 122 121 117 116 116 116 113 106 106 99 102 94
80 83 78 83 81 80 85 82 88 89 87 85 84 81 79 79 80 78 79 79 78 76 77 77 76 77 81 79 81 81 82 85 81 81 84 82 79 84 80 83 85 85 88 88 89 93 99 99 101 104 109 106 111 115 127 123 125 136 145 145 142 142 134 119 139 141 141 146 145 147 138 137 139 133 133 130 134 131 127 128 130 126 123 121 122 120 116 117 119 116 108 105 103 103 102 94
84 80 79 88 88 87 84 86 85 87 86 83 81 81 79 77 77 78 79 79 80 79 77 75 76 75 83 78 81 80 80 79 75 75 77 78 81 80 84 86 87 87 87 88 89 92 100 102 106 104 105 105 105 107 116 123 140 144 143 145 143 144 141 140 121 121 139 141 143 143 138 138 135 128 130 128 125 124 122 119 121 118 119 118 118 116 114 117 119 115 113 108 108 105 99 98
88 82 87 88 87 85 85 86 86 86 85 84 83 80 79 78 77 77 79 81 80 80 83 77 76 75 75 75 74 74 73 74 78 75 77 84 83 84 81 86 87 86 88 89 91 95 100 104 108 106 107 111 119 111 113 123 137 142 137 141 138 140 139 131 140 142 135 144 148 141 143 134 127 125 125 126 125 123 121 115 115 117 116 116 116 115 113 114 115 113 113 110 107 105 101 101
89 88 86 87 85 82 87 86 86 86 85 83 83 82 80 78 78 79 80 81 81 79 79 79 76 76 75 78 80 80 73 74 74 74 79 84 84 83 81 85 86 88 89 92 93 95 102 106 107 109 107 128 136 115 110 125 139 138 140 130 128 141 138 140 144 147 144 145 145 140 138 131 128 126 124 124 127 124 117 113 112 112 113 115 115 114 113 112 115 111 112 109 104 105 103 99
89 89 89 88 87 87 86 87 86 85 84 82 82 82 81 80 79 79 81 81 81 81 79 77 76 75 75 75 76 75 75 74 79 80 81 83 83 82 85 82 85 86 88 91 95 99 107 109 106 114 109 134 131 137 121 112 137 139 129 131 135 141 141 140 143 145 143 143 144 139 139 132 131 123 123 121 122 121 112 108 111 112 111 113 115 115 108 112 112 109 111 108 104 102 100 97
92 90 88 89 86 87 89 87 86 85 83 82 83 82 81 80 81 81 81 81 82 82 82 78 76 74 74 74 74 74 74 79 77 84 84 83 83 83 83 84 85 86 87 87 97 113 102 106 116 125 119 131 136 122 115 130 117 121 135 134 141 142 140 141 137 138 144 146 138 134 137 131 131 123 125 124 122 119 114 111 111 113 115 114 113 108 106 111 110 110 104 104 104 103 102 102
90 89 87 91 91 90 88 86 85 85 84 85 84 83 82 84 84 86 83 83 81 83 81 77 76 75 75 75 75 75 78 84 79 83 84 83 83 85 84 83 85 88 90 91 93 100 99 109 116 121 123 127 128 132 116 123 137 119 137 128 140 139 139 139 138 133 136 142 137 138 137 134 131 131 124 119 119 120 117 113 113 113 113 111 110 111 106 102 104 104 103 102 101 101 103 101
89 90 90 90 89 88 85 83 82 82 83 84 84 84 84 85 84 84 85 84 83 84 79 77 76 77 75 75 81 79 81 84 80 80 82 84 84 84 86 86 87 88 89 96 93 95 98 106 114 121 121 124 128 129 133 138 136 118 137 138 140 138 134 135 135 131 137 137 138 140 130 128 128 125 122 119 121 116 115 114 113 116 115 110 110 107 104 100 101 103 102 101 101 101 101 100
90 92 91 90 87 86 87 81 84 84 84 84 84 86 86 83 81 86 86 84 81 81 82 80 78 81 84 76 80 85 84 80 80 80 83 84 85 87 88 88 87 89 95 96 98 101 101 98 105 119 119 122 123 130 130 137 136 137 120 133 134 133 125 130 133 134 136 137 139 136 134 129 125 126 126 119 121 119 116 113 116 115 115 110 109 106 104 102 97 100 99 100 101 101 100 101
93 91 89 91 88 87 88 85 85 85 82 83 84 84 85 85 86 80 80 80 84 85 84 83 80 86 83 78 86 85 84 81 80 80 83 86 88 93 95 90 93 94 95 96 97 104 103 110 120 123 121 120 122 129 131 129 130 132 131 124 132 130 119 128 133 134 139 133 133 134 136 128 129 126 124 120 117 120 119 120 118 117 115 108 105 103 102 97 94 98 99 102 102 102 100 101
92 91 91 90 89 88 84 80 81 77 79 78 85 80 85 84 81 80 84 85 80 85 86 83 88 86 83 82 80 83 82 81 82 80 81 83 87 87 90 90 89 91 93 97 100 96 109 117 108 114 119 119 120 128 125 125 126 129 131 126 116 126 128 138 135 133 133 135 133 133 129 125 125 122 125 121 119 120 119 120 118 116 110 106 103 104 101 101 101 100 101 95 102 102 99 100
91 84 91 84 84 87 86 85 86 87 84 85 81 82 82 78 86 84 86 85 84 84 84 86 87 86 86 84 85 83 82 81 84 83 83 84 91 89 91 97 94 95 98 100 113 103 99 102 121 117 123 122 120 121 122 128 128 132 131 137 127 121 128 129 134 133 136 134 129 128 126 125 126 126 123 119 119 117 119 118 117 112 109 104 103 103 102 101 102 101 103 105 101 101 90 98
91 89 78 84 89 89 86 87 86 86 79 87 86 86 86 86 86 85 84 85 84 83 82 82 82 86 86 87 86 84 83 82 84 84 84 88 89 92 87 95 99 102 109 106 108 114 98 113 117 120 122 123 122 118 119 120 130 132 134 133 128 129 127 132 128 128 134 133 127 129 127 126 120 119 120 119 117 117 118 114 113 110 108 101 103 102 101 100 102 101 102 102 102 93 97 98
78 77 83 82 86 87 86 87 85 86 84 86 87 85 83 84 84 80 83 83 82 81 84 87 85 82 82 84 84 82 82 84 84 86 84 93 96 101 101 102 98 102 103 111 107 102 99 114 116 121 118 120 121 116 120 119 124 128 130 125 122 123 126 128 127 123 123 127 123 126 125 126 120 119 120 118 118 117 113 105 105 104 101 99 92 99 100 100 103 103 102 99 98 94 87 86
75 83 81 82 84 84 86 85 85 84 79 87 87 86 84 84 82 79 82 81 81 82 85 85 85 85 85 83 83 84 82 84 86 88 88 90 92 98 100 103 106 107 108 110 113 113 100 112 113 117 117 120 115 120 116 115 121 118 120 123 120 119 120 120 120 122 123 125 122 124 124 120 117 118 118 116 113 112 109 105 101 104 102 98 97 84 82 99 99 87 88 86 94 95 97 90
84 83 81 84 83 84 85 86 86 86 79 81 86 86 84 83 82 81 81 81 83 85 83 84 83 85 84 83 84 81 82 84 86 87 90 97 102 98 101 106 107 105 109 108 112 110 115 105 110 113 113 112 113 114 114 113 114 115 118 114 118 118 122 121 121 126 126 122 124 124 120 118 117 117 117 114 114 111 107 106 106 101 93 91 82 83 83 91 85 90 96 98 94 101 97 94
84 75 75 82 81 84 84 86 86 85 86 80 86 85 83 84 82 81 81 83 87 86 85 85 86 83 86 85 83 83 84 86 91 90 86 94 96 110 106 106 105 104 104 107 110 113 110 112 109 108 112 116 117 115 114 121 114 115 117 112 118 124 119 121 120 124 126 119 121 119 111 112 117 117 115 113 112 111 109 107 104 103 101 91 83 100 94 91 89 100 100 97 95 98 97 91
79 83 82 78 82 82 83 85 87 86 87 87 85 85 83 82 81 81 79 79 82 88 87 87 86 85 86 84 83 85 86 86 99 105 91 89 102 100 104 106 107 104 104 107 113 112 108 108 106 107 111 112 113 110 112 116 113 109 110 115 119 121 119 118 123 116 121 121 117 110 116 106 113 113 110 114 113 109 108 106 99 99 95 90 94 99 97 98 91 96 94 94 96 99 93 91
87 85 84 83 82 80 84 85 87 88 88 85 81 85 84 80 80 80 81 82 82 83 86 84 86 87 86 86 90 89 95 95 96 92 90 90 95 101 100 104 103 104 106 102 109 108 106 105 103 106 109 109 109 110 110 112 109 113 110 109 113 109 115 116 118 115 116 115 112 113 112 109 98 105 108 107 108 107 105 104 95 87 85 95 87 89 94 94 95 92 95 96 96 93 90 91
85 83 86 85 84 83 89 90 90 89 87 85 84 84 84 84 83 84 83 82 88 83 86 83 84 84 86 87 89 95 96 105 98 93 103 101 100 99 103 104 104 104 101 103 106 104 103 104 105 107 109 109 109 110 109 110 108 107 112 105 108 104 112 112 117 117 111 106 111 107 108 108 107 95 106 95 95 94 94 90 93 89 88 98 97 92 95 90 88 87 90 90 90 87 87 87
87 88 87 86 84 85 86 93 89 90 87 87 83 86 84 84 85 90 89 84 87 84 86 86 83 86 86 86 90 96 91 98 105 104 103 108 101 99 98 105 104 106 100 105 105 102 101 102 104 106 107 107 109 108 110 109 111 109 110 111 112 116 112 110 113 114 113 106 108 106 97 104 99 106 104 105 110 109 107 103 89 87 88 90 97 95 92 87 87 88 86 85 87 86 86 85
89 89 87 86 88 89 90 90 87 85 84 87 83 84 83 85 86 86 88 87 86 86 86 88 85 85 86 85 86 88 93 105 104 102 100 100 106 101 97 105 102 97 100 105 102 101 99 98 105 106 106 105 108 108 108 109 111 111 113 110 112 114 112 103 113 110 112 106 106 104 99 101 104 103 103 109 108 104 98 92 89 95 89 91 93 93 92 87 84 82 85 85 85 88 87 83
90 89 88 89 89 98 89 86 86 86 84 83 84 86 83 84 91 93 91 91 91 89 86 88 87 86 85 86 89 85 88 104 103 101 100 101 98 104 96 96 98 102 99 102 101 99 99 101 100 105 103 104 105 108 108 110 110 112 113 110 114 114 111 105 103 109 111 106 105 104 102 97 100 101 104 107 109 107 96 96 96 93 92 89 93 94 89 84 82 81 86 88 86 89 89 84
91 89 89 89 100 95 93 85 91 90 85 85 85 86 85 84 88 91 89 88 92 90 86 88 89 88 86 86 90 93 88 95 96 101 100 100 97 97 102 104 103 99 102 101 100 97 98 98 101 101 102 104 106 107 107 109 109 110 111 107 113 109 109 109 102 110 109 105 105 104 96 95 96 95 102 102 105 101 101 102 94 90 96 93 95 94 87 83 84 85 82 85 85 86 85 84
92 90 90 94 91 94 93 87 93 89 86 86 89 90 89 86 87 88 89 92 92 90 90 88 93 96 89 86 89 90 87 88 95 94 101 102 106 101 101 102 103 96 99 98 98 97 99 102 101 97 101 102 105 107 108 110 109 108 112 109 107 107 107 110 109 109 102 107 103 101 95 92 97 97 100 101 102 104 102 101 90 92 95 95 94 93 91 87 86 86 88 89 88 86 86 84
91 90 93 94 92 88 90 85 89 87 88 91 92 90 93 93 92 88 89 91 92 93 91 89 89 95 102 95 89 96 95 95 91 102 102 103 107 102 102 101 101 97 98 100 100 98 103 99 96 96 101 100 104 105 108 107 110 106 109 109 109 107 110 111 105 103 109 107 103 102 96 94 97 97 99 101 102 109 106 101 92 96 99 97 92 90 87 87 86 86 86 84 86 88 86 86
92 96 97 94 94 91 92 87 85 90 91 89 91 92 93 94 92 91 92 94 95 93 94 92 96 98 110 110 98 108 100 96 91 105 99 100 104 101 104 101 100 97 99 99 98 95 101 101 102 97 99 99 100 103 103 104 104 105 107 106 106 107 109 103 97 110 106 108 105 104 95 97 100 102 100 102 108 110 104 99 93 93 96 94 91 90 87 86 84 84 85 85 86 86 86 83
