grids/precipitation/aug/RSMS_08_1883_01.asc
NCOLS 654
NROWS 866
XLLCORNER 3280414.711633467
YLLCORNER 5237500.62890625
CELLSIZE 1000
NODATA_VALUE -999
[rows 156 to 207 of 866, columns 288 to 383 of 654]
68 68 68 70 70 70 71 72 72 72 73 73 73 73 72 71 72 72 73 75 75 75 75 75 74 74 75 75 75 75 73 72 72 71 70 69 69 69 71 72 70 71 68 70 70 71 71 70 70 70 70 69 69 69 67 67 67 67 68 67 66 67 68 68 68 69 69 69 69 69 68 65 65 64 63 62 62 61 61 59 59 59 61 61 61 61 59 60 59 59 58 59 59 59 60 60
68 68 69 69 70 70 71 71 72 74 73 72 73 72 72 72 72 73 72 75 75 74 74 74 74 74 76 76 75 74 72 73 72 72 71 70 70 69 70 72 71 70 70 70 69 71 71 70 70 70 70 70 69 69 68 68 66 67 67 67 66 67 69 69 69 69 70 70 69 68 67 65 65 62 61 61 62 61 60 60 59 59 61 59 61 59 59 59 58 58 58 58 59 59 60 60
68 68 69 69 68 69 69 70 70 71 71 71 71 72 73 72 72 73 74 74 74 73 74 74 75 76 77 76 76 74 73 73 72 72 71 71 70 70 71 71 73 70 68 68 68 70 71 70 70 70 70 70 70 69 69 66 67 66 66 66 66 68 69 69 69 70 71 71 69 68 66 63 62 60 62 62 61 60 61 61 59 60 61 59 59 61 60 59 58 56 57 58 59 59 60 60
66 68 69 69 68 68 68 69 68 69 70 71 71 72 72 73 74 74 74 73 72 73 74 74 74 76 76 76 76 75 72 71 72 72 72 73 72 72 72 72 72 70 68 67 67 71 70 70 71 70 70 70 70 68 68 67 66 67 67 66 67 68 69 68 68 69 70 69 68 67 65 62 60 59 59 60 60 59 61 61 61 60 60 61 61 61 59 60 58 57 58 58 60 60 61 60
67 66 67 67 68 68 68 68 68 68 69 71 72 72 73 74 73 73 73 73 73 73 76 75 75 74 74 75 74 75 72 71 71 71 72 73 73 73 73 73 73 72 71 70 68 71 71 71 71 71 70 68 70 70 68 67 67 67 65 66 67 68 69 68 68 69 69 69 68 67 65 62 60 59 59 60 60 59 61 62 62 61 60 61 61 62 59 59 59 59 59 59 60 60 62 62
66 65 67 66 67 67 67 67 67 67 69 69 71 71 71 72 74 73 73 73 72 73 74 74 74 74 73 73 72 71 71 71 71 71 72 73 73 74 75 74 73 73 72 72 72 71 72 72 71 71 70 68 70 68 67 67 67 67 65 67 66 67 67 68 68 69 68 68 68 66 65 63 62 60 60 60 60 59 62 62 61 62 62 62 62 63 61 60 60 60 60 62 60 62 63 62
65 65 65 67 67 68 68 66 65 66 69 69 69 71 72 72 73 73 73 72 74 72 73 73 73 73 73 72 72 72 72 72 74 72 74 74 74 75 75 74 74 74 74 74 74 72 73 72 71 71 70 68 70 67 67 66 66 66 64 65 66 66 67 66 67 68 68 67 66 64 64 63 62 63 62 60 60 60 62 62 61 62 62 63 63 63 62 62 62 61 61 62 62 62 62 62
63 64 65 67 67 69 70 68 68 68 69 70 70 70 72 71 71 72 73 72 72 72 73 73 73 73 73 72 72 73 74 74 75 74 74 74 74 76 77 75 75 75 74 75 75 73 74 73 72 71 70 68 67 66 66 66 65 64 64 64 64 65 66 66 66 66 66 66 64 65 64 64 63 63 63 63 63 62 62 63 62 62 62 64 65 64 63 63 63 63 63 63 63 63 63 63
62 63 65 67 67 68 68 68 69 69 69 69 70 70 70 71 71 72 73 72 72 72 73 73 73 73 72 72 73 73 74 74 74 74 75 74 75 75 75 76 75 76 75 77 76 75 75 73 72 71 70 68 67 68 65 65 64 65 64 64 64 64 66 66 66 66 66 65 65 65 64 64 64 63 63 63 63 63 62 62 62 62 62 63 63 63 64 64 64 65 64 63 63 63 63 63
62 63 65 66 67 68 67 68 68 69 69 69 69 70 70 71 71 71 72 72 72 73 72 73 74 74 72 73 73 73 74 74 74 74 74 74 75 74 74 75 75 76 76 78 77 76 74 73 72 71 70 70 67 66 65 65 65 65 65 64 65 65 65 66 66 66 66 65 65 65 65 64 64 64 64 64 63 63 63 62 62 62 62 63 63 64 64 64 64 64 64 64 63 63 64 64
63 64 65 65 66 67 67 68 67 69 69 69 69 69 71 71 72 71 72 72 72 72 73 73 73 74 72 73 73 74 74 72 74 74 74 74 74 73 74 75 75 76 76 76 76 75 73 74 72 71 70 70 67 66 65 65 64 65 64 63 65 65 65 66 66 66 66 66 65 65 65 64 64 64 64 64 64 64 63 63 63 62 63 63 63 64 64 64 64 64 64 63 64 64 64 64
63 64 65 65 66 67 67 68 68 68 69 70 70 70 70 70 71 71 72 71 73 73 73 74 73 74 73 72 72 74 74 74 74 74 74 73 73 73 74 74 75 75 75 75 75 74 74 73 72 71 70 68 67 66 65 65 65 65 65 65 64 65 65 66 65 65 66 66 66 66 65 65 65 64 64 64 64 63 64 63 63 63 63 63 63 63 64 64 64 64 64 63 63 63 65 66
63 64 64 65 66 67 67 67 68 69 69 70 70 70 70 71 72 71 72 72 73 73 74 73 73 73 72 72 72 72 74 74 73 73 73 73 73 73 74 74 74 74 73 73 74 74 74 72 72 71 70 68 67 67 66 65 66 66 65 65 65 65 65 66 65 65 65 66 66 66 66 65 65 65 64 64 64 64 64 63 63 63 64 63 63 63 64 64 64 64 64 63 63 63 64 64
63 64 64 65 65 66 67 67 67 68 68 70 70 70 70 71 70 72 70 71 72 72 73 73 73 74 72 72 74 73 73 73 73 73 74 73 73 73 73 74 73 73 73 73 73 73 73 72 72 71 70 68 67 67 66 65 66 66 65 65 64 64 65 66 65 65 66 66 66 66 66 66 65 65 65 64 64 64 63 64 63 63 64 63 63 63 64 64 64 64 64 64 63 64 65 66
64 64 64 65 66 65 66 68 68 69 70 70 70 71 72 71 72 71 72 73 72 73 73 74 74 74 73 73 74 73 75 75 74 74 74 74 74 74 74 73 73 72 72 72 72 72 71 71 71 70 70 68 67 67 66 66 65 66 66 66 65 65 66 66 65 65 66 67 66 66 67 66 66 65 65 65 64 64 65 64 64 65 64 63 64 63 65 64 64 64 64 64 65 65 65 66
64 64 65 64 65 65 66 66 68 69 71 71 71 71 71 72 72 72 72 73 74 73 74 74 74 75 74 73 74 75 75 75 75 75 74 75 73 73 73 72 72 72 73 72 71 71 70 70 70 70 68 67 67 67 66 66 66 66 65 65 65 65 65 66 65 66 65 66 67 67 67 66 66 66 65 65 65 66 65 65 65 64 64 63 64 64 65 65 65 65 65 66 66 66 66 67
64 64 64 65 65 66 66 67 67 67 70 70 70 71 72 72 73 72 74 74 74 73 74 75 74 75 74 74 74 74 76 75 75 75 73 73 73 73 73 72 72 73 72 71 71 71 70 70 70 70 68 67 67 68 68 66 66 66 65 65 65 65 65 65 65 65 66 67 67 68 68 67 67 66 67 65 65 66 65 64 64 64 64 63 64 64 65 65 65 65 65 66 66 66 66 68
64 65 65 65 65 66 66 67 67 68 68 70 70 71 72 73 73 74 75 75 75 76 75 75 75 76 75 76 75 76 76 76 76 75 75 73 73 73 72 72 72 72 71 71 71 70 70 70 70 70 68 67 68 68 67 67 67 66 66 65 65 65 65 65 65 65 67 67 68 68 68 67 67 66 66 66 65 64 64 65 64 64 64 64 63 64 66 65 65 65 67 67 66 67 67 68
64 65 65 65 66 65 67 66 68 68 69 69 71 72 72 72 74 75 75 75 77 76 76 77 76 77 76 76 76 76 77 77 75 74 74 74 73 71 71 71 71 72 70 71 70 69 69 68 70 68 68 68 68 68 67 67 67 67 67 66 66 65 66 65 66 66 67 67 68 68 68 68 67 66 66 66 66 65 65 66 65 65 65 65 65 64 65 66 66 67 65 67 67 67 69 68
65 65 65 65 65 65 66 67 67 67 68 69 69 69 71 74 75 75 75 77 76 77 77 77 77 77 76 76 77 77 77 76 76 74 74 73 74 73 72 72 71 70 70 69 69 69 69 68 68 69 70 68 70 67 67 66 67 66 66 66 66 66 66 66 66 66 67 67 67 68 68 69 67 67 66 66 66 66 65 67 67 66 66 66 66 65 66 66 66 67 67 68 69 68 69 69
65 65 65 65 65 65 66 67 67 67 68 69 69 69 71 72 72 73 76 76 76 77 77 77 77 76 76 77 78 78 76 76 76 75 75 73 74 73 73 71 71 71 69 69 69 69 69 68 68 69 68 68 70 71 68 68 67 66 66 66 66 66 67 66 66 66 67 68 68 68 68 67 67 67 66 66 66 66 66 67 67 67 66 66 66 66 65 66 66 66 66 68 68 69 68 70
65 65 65 65 65 66 67 67 67 68 69 69 69 70 70 72 72 72 74 74 74 77 78 77 77 78 78 78 77 77 77 77 76 75 75 74 73 72 72 71 71 70 70 69 69 69 68 68 68 69 69 68 70 72 67 66 66 66 66 66 66 66 67 67 66 67 68 68 68 68 68 68 68 68 67 66 66 66 66 66 67 67 66 66 66 66 65 66 66 66 66 68 68 69 69 69
65 65 65 65 66 66 66 66 67 68 68 68 69 70 71 72 72 74 74 76 75 77 78 79 78 79 78 78 77 75 75 75 75 75 75 73 74 73 71 70 70 70 70 69 69 68 68 68 69 69 69 68 70 68 67 67 66 66 67 67 67 67 68 68 68 67 68 68 67 67 67 67 66 67 67 66 66 67 66 65 65 67 66 66 66 66 65 65 65 66 66 67 68 68 70 70
64 64 64 65 66 66 66 67 67 68 68 68 69 70 71 72 72 74 75 78 80 80 77 80 80 79 80 77 77 76 76 76 76 74 74 75 74 74 72 70 69 69 69 69 69 69 68 68 69 69 67 67 68 68 67 66 66 67 67 67 68 68 68 67 68 68 67 67 66 66 66 65 65 65 66 65 65 66 66 65 65 65 65 65 66 66 65 65 65 65 66 68 68 69 70 69
64 64 65 66 66 66 65 67 67 67 67 69 69 69 71 72 72 73 75 78 81 78 77 78 81 80 78 78 77 78 76 76 76 76 76 74 75 74 72 69 69 69 69 69 69 69 69 68 69 70 69 67 67 67 67 66 66 66 67 67 68 69 67 68 68 68 68 66 66 66 67 66 65 65 65 66 65 65 66 65 65 65 67 66 66 66 65 65 65 65 67 68 68 68 68 70
64 64 65 66 66 65 66 66 67 66 67 68 69 70 70 71 73 74 76 77 77 77 77 75 80 80 78 78 78 78 77 77 76 77 76 75 75 72 71 69 69 69 69 69 69 68 68 69 69 71 69 66 66 66 66 66 66 66 67 67 68 68 67 68 67 67 67 67 68 67 67 66 66 65 66 66 66 65 66 65 65 65 65 65 65 66 65 65 65 65 67 67 68 68 68 69
64 65 66 66 65 66 66 66 66 66 67 67 69 69 71 71 73 75 75 76 77 75 76 76 76 77 78 78 79 77 78 76 76 76 76 77 74 73 71 70 69 68 68 68 68 68 68 68 68 68 68 66 66 66 66 66 66 66 67 67 68 67 67 67 67 67 67 67 66 66 66 66 67 66 67 66 66 65 66 66 65 65 65 66 66 65 65 66 66 66 67 67 68 68 69 70
65 65 66 65 66 66 66 65 66 65 66 68 68 69 71 72 72 74 76 77 76 76 77 77 76 76 76 79 79 78 78 77 76 76 75 74 74 73 72 71 70 69 68 66 68 68 69 68 68 68 68 66 66 66 66 66 66 66 67 66 67 67 66 67 67 68 68 66 66 66 66 67 67 68 66 66 65 65 66 66 66 66 65 66 67 67 66 68 68 68 68 69 69 69 69 70
65 66 66 66 66 66 66 66 65 65 67 68 68 69 71 72 73 74 75 76 77 77 78 76 76 76 76 75 77 78 78 77 77 77 76 74 74 74 71 71 71 71 69 67 68 68 69 68 68 68 67 66 66 66 66 66 67 68 67 66 66 67 66 67 68 67 66 66 64 64 64 67 67 67 66 66 65 65 65 66 66 66 65 66 67 67 67 68 68 68 68 69 69 69 69 71
66 68 66 67 67 66 65 66 65 66 67 67 69 70 71 72 74 74 75 77 77 78 77 77 77 77 77 75 75 75 78 78 77 75 75 74 73 72 72 71 71 71 70 70 68 68 68 68 68 68 67 66 66 66 66 66 66 66 65 66 66 67 66 67 67 67 66 63 63 63 63 66 66 66 66 66 65 66 66 67 66 66 66 65 67 67 67 68 68 68 68 68 69 69 71 71
67 67 67 68 68 67 67 66 67 67 68 68 70 70 72 73 73 75 76 76 77 78 78 78 78 77 78 77 77 77 78 77 78 77 77 77 73 74 72 73 71 72 72 72 69 69 68 68 68 67 67 67 66 66 66 66 66 66 65 65 65 66 65 66 64 66 64 64 63 63 64 64 64 66 66 66 67 67 67 66 67 66 66 66 66 66 68 68 70 70 69 68 68 70 71 72
67 66 68 68 68 67 68 68 68 68 69 70 70 71 73 73 74 75 76 77 78 78 78 78 79 79 80 78 78 78 77 76 76 76 76 74 74 73 72 72 72 71 69 71 70 68 68 68 68 68 67 66 66 66 66 66 66 66 65 64 63 63 63 63 64 64 63 64 63 63 63 64 64 66 66 67 68 68 67 66 66 66 66 66 66 67 67 69 69 71 69 69 68 69 70 72
66 66 68 69 68 68 69 69 68 69 70 70 71 71 73 74 75 75 77 78 78 78 79 79 79 79 78 79 79 79 77 77 77 77 76 74 74 74 73 72 72 72 70 71 70 70 68 68 68 68 67 66 66 66 66 66 66 66 64 63 63 63 63 63 63 63 63 64 63 63 63 64 64 64 66 67 68 68 67 66 66 66 66 66 66 66 67 69 70 70 69 69 68 68 70 73
66 68 69 68 68 69 70 70 68 69 70 71 71 72 74 75 75 75 77 78 78 79 79 79 80 80 79 79 79 79 78 77 77 77 76 74 74 74 73 73 72 72 71 71 70 70 70 68 68 68 67 66 66 66 66 66 66 64 64 63 63 63 63 63 63 63 63 63 63 63 63 64 64 64 65 67 67 68 67 66 66 65 65 66 67 67 67 68 70 70 68 68 68 69 71 71
68 67 69 69 69 70 70 69 69 70 71 71 72 73 74 75 75 76 78 77 78 79 80 80 81 80 80 81 80 80 80 79 78 77 77 75 74 74 74 73 72 72 72 71 71 71 70 69 69 68 67 67 66 66 66 65 64 64 64 63 63 62 63 62 63 62 62 62 63 63 63 63 64 64 65 65 65 66 66 66 64 66 65 66 67 66 67 68 68 69 68 67 68 69 71 71
67 68 69 68 69 70 70 72 71 71 72 74 75 75 76 76 77 78 78 78 79 79 80 80 81 81 81 82 82 81 81 79 79 78 76 75 75 74 74 73 73 72 72 72 72 71 71 69 69 69 67 67 66 66 65 64 63 63 63 62 62 62 62 62 62 62 62 61 61 61 62 62 62 63 63 63 64 66 66 66 64 64 66 65 65 65 67 67 66 66 66 67 67 68 69 71
68 69 69 70 71 71 71 72 71 72 73 74 75 75 77 78 77 78 78 79 79 80 81 81 81 81 82 83 83 82 81 79 79 79 77 76 75 74 74 73 73 73 72 72 72 71 71 69 69 69 67 66 66 66 65 63 63 63 62 62 62 62 62 62 62 62 61 61 61 61 61 62 62 62 62 64 64 64 65 64 64 64 64 65 65 66 67 67 66 65 65 67 67 68 69 71
68 69 70 70 69 70 70 71 72 72 73 74 75 75 77 78 78 78 78 79 79 79 80 81 81 82 83 83 83 83 82 80 79 79 77 76 75 75 74 74 73 72 74 72 72 71 71 70 69 69 68 66 66 65 65 63 63 62 62 62 62 62 62 62 62 62 61 61 61 61 61 61 62 62 62 63 65 64 64 64 64 64 64 65 65 65 66 65 65 65 65 64 66 66 68 69
68 69 69 69 70 69 70 71 72 72 73 75 75 76 78 79 79 80 79 80 79 79 81 81 82 83 83 83 83 83 83 82 81 79 78 76 77 76 75 75 74 74 74 74 73 71 71 70 69 69 68 66 66 65 64 63 62 62 62 61 61 61 61 62 61 61 61 61 61 61 61 61 61 61 61 63 64 64 64 65 63 63 64 64 65 64 63 63 63 64 65 65 65 67 68 69
68 69 69 69 70 70 71 70 72 72 73 75 75 76 78 80 79 79 79 79 79 80 82 83 84 83 84 84 86 84 84 82 81 81 79 77 77 76 76 75 74 74 74 74 73 72 71 70 69 69 68 66 66 65 64 62 62 62 62 61 60 60 61 61 61 61 61 62 62 61 61 61 61 61 61 62 63 63 63 62 62 63 63 62 63 63 63 63 63 63 64 64 64 65 68 69
68 70 71 70 70 70 71 71 72 72 73 75 75 75 77 79 79 79 78 79 79 80 82 83 84 83 84 87 86 86 84 83 82 83 80 79 77 76 76 74 74 74 74 73 73 72 71 69 69 69 68 66 66 66 64 62 62 62 62 60 59 60 60 61 61 61 62 62 62 62 61 61 61 61 62 62 63 63 63 62 62 62 63 62 61 61 62 63 63 63 64 64 63 63 65 68
68 70 72 71 70 70 71 72 73 73 73 75 75 77 77 78 78 80 79 79 79 80 81 84 84 83 83 84 83 84 84 84 83 81 80 80 78 79 76 75 74 74 74 73 73 72 71 70 69 69 68 66 66 65 65 63 62 62 62 60 60 60 60 61 61 61 62 62 62 62 62 61 61 61 61 62 63 63 62 62 62 62 61 61 61 61 60 62 63 63 62 63 63 63 65 66
71 72 73 72 72 70 71 74 75 74 73 74 75 77 78 78 79 80 80 82 82 81 82 83 84 83 82 80 82 83 84 86 83 81 80 81 79 79 77 75 75 74 74 73 73 72 71 69 69 69 68 67 66 65 65 64 63 63 62 61 61 60 60 61 61 62 62 62 63 62 62 62 61 61 61 62 62 61 62 61 61 60 60 60 60 60 60 59 60 60 60 62 63 64 64 66
71 73 73 73 74 71 72 73 75 74 74 74 75 77 78 78 80 81 82 83 83 84 82 83 84 84 82 82 83 83 83 86 84 81 81 77 78 79 76 75 76 75 75 76 75 74 73 70 70 70 69 68 67 67 66 64 64 63 63 62 61 61 61 61 61 62 62 62 62 62 61 61 60 60 60 59 60 60 61 61 61 60 59 59 58 59 59 59 58 60 61 61 61 61 63 65
71 72 73 74 74 72 73 75 75 75 74 74 76 76 79 79 80 81 81 81 83 83 83 83 83 82 81 83 84 83 82 84 84 82 81 79 78 77 76 76 76 77 75 76 75 74 74 70 70 70 68 68 69 67 66 64 64 64 63 61 61 61 61 61 61 61 61 62 62 62 61 60 60 60 59 59 59 59 60 61 60 60 59 58 58 59 59 59 59 59 59 61 61 61 63 64
73 73 74 74 73 72 74 75 76 75 74 75 76 77 78 79 80 80 79 80 81 82 82 83 83 82 81 83 83 84 83 83 83 82 81 78 78 76 76 76 76 75 75 75 75 72 73 70 71 70 70 69 69 69 66 66 64 64 62 62 61 61 61 61 61 60 61 61 62 61 60 60 60 60 58 59 59 59 59 59 60 59 59 59 60 59 59 58 59 61 60 59 61 60 61 62
74 76 77 75 74 73 74 74 75 72 74 75 75 77 77 79 79 80 80 80 80 81 82 81 82 81 81 81 83 83 83 82 82 83 82 79 80 78 78 76 75 74 75 74 73 73 72 72 72 71 70 69 69 68 67 64 64 63 62 62 62 61 61 60 60 60 61 60 60 60 59 59 59 58 58 58 58 57 59 58 58 58 59 59 59 59 58 57 56 61 59 60 61 61 62 63
77 78 79 76 74 73 72 72 72 72 72 75 75 75 78 80 81 80 80 81 80 80 81 82 81 82 81 82 81 83 82 82 82 83 82 81 80 79 77 77 76 75 75 74 73 72 71 71 71 72 70 69 70 69 69 67 64 64 63 62 61 61 60 60 59 59 59 59 59 59 59 59 58 58 58 57 57 57 57 57 57 57 60 58 58 57 59 58 58 59 60 59 60 60 62 62
76 78 79 77 75 74 74 72 71 72 72 74 75 78 78 80 82 81 82 79 80 80 80 82 82 82 80 81 81 82 83 81 81 83 82 80 80 80 78 76 76 76 75 74 73 72 72 71 70 72 72 71 70 70 68 65 63 65 65 64 61 61 60 59 59 59 59 59 59 59 59 58 58 58 58 57 57 57 57 57 57 58 58 57 58 58 57 57 57 57 58 60 59 59 60 61
77 78 78 80 76 74 73 72 72 72 72 74 75 76 78 80 81 81 80 78 79 80 80 81 81 81 81 81 82 83 81 81 80 82 81 80 80 78 76 77 76 76 75 74 72 73 72 73 72 72 70 69 70 69 67 64 63 66 67 66 63 61 59 59 59 59 58 59 59 58 57 57 58 57 56 57 57 57 57 57 57 57 56 56 56 56 55 55 56 57 57 58 59 59 59 60
77 79 80 79 76 75 73 74 74 74 74 73 74 75 76 78 80 79 79 80 81 80 81 80 82 80 80 79 80 82 82 80 80 80 79 80 79 78 78 75 75 75 75 75 75 73 72 73 73 72 71 71 68 67 64 65 64 65 66 65 63 60 59 59 58 58 58 56 57 56 57 57 57 57 57 56 56 56 57 57 56 56 56 56 56 56 55 55 55 56 56 58 58 58 59 59
74 77 77 77 75 76 75 76 76 75 74 74 75 77 77 77 77 78 79 80 80 80 80 80 79 80 79 80 80 80 80 81 80 80 77 78 79 78 76 74 74 75 77 77 75 74 73 73 72 71 71 68 68 68 66 67 65 63 64 63 62 61 60 61 58 58 56 56 56 56 56 57 56 57 57 56 56 56 56 56 56 56 56 56 55 56 56 56 56 56 57 57 57 58 58 59
