grids/precipitation/aug/RSMS_08_1882_01.asc
NCOLS 654
NROWS 866
XLLCORNER 3280414.711633467
YLLCORNER 5237500.62890625
CELLSIZE 1000
NODATA_VALUE -999
[rows 611 to 657 of 866, columns 0 to 95 of 654]
-999 -999 -999 -999 -999 -999 -999 -999 -999 -999 -999 -999 -999 -999 -999 -999 -999 -999 -999 -999 -999 -999 -999 -999 -999 -999 -999 -999 89 88 88 90 93 96 101 105 107 104 101 101 104 109 111 109 109 94 99 103 111 110 108 107 111 109 109 119 108 107 105 105 104 103 105 103 101 101 99 100 100 112 110 108 115 118 114 112 112 118 112 112 108 112 112 108 109 112 111 105 102 104 110 105 103 104 111 100
-999 -999 -999 -999 -999 -999 -999 -999 -999 -999 -999 -999 -999 -999 -999 -999 -999 -999 -999 -999 -999 -999 -999 -999 -999 -999 -999 -999 86 86 89 92 96 97 107 108 105 104 105 104 107 109 110 110 109 110 87 95 109 106 107 104 104 104 103 104 105 105 103 104 101 101 103 103 99 99 98 100 104 105 105 111 108 111 108 116 115 116 112 111 108 111 115 112 106 105 113 102 104 106 107 107 107 104 96 94
-999 -999 -999 -999 -999 -999 -999 -999 -999 -999 -999 -999 -999 -999 -999 -999 -999 -999 -999 -999 -999 -999 -999 -999 -999 -999 -999 -999 86 86 89 93 95 99 107 108 105 104 105 107 108 109 107 106 106 96 87 106 107 102 107 107 103 99 101 103 100 103 101 101 103 101 101 102 101 97 101 98 100 101 104 107 110 111 107 121 118 114 111 114 114 117 112 106 108 103 105 99 99 101 103 107 100 97 95 93
-999 -999 -999 -999 -999 -999 -999 -999 -999 -999 -999 -999 -999 -999 -999 -999 -999 -999 -999 -999 -999 -999 -999 -999 -999 -999 -999 -999 85 85 88 92 97 103 107 105 104 107 107 109 111 109 106 107 105 88 94 91 96 105 109 103 97 99 99 100 101 101 101 101 101 100 99 103 103 98 97 101 102 107 110 116 116 112 105 109 110 109 107 113 107 109 105 104 99 99 98 102 103 103 104 105 107 94 91 95
-999 -999 -999 -999 -999 -999 -999 -999 -999 -999 -999 -999 -999 -999 -999 -999 -999 -999 -999 -999 -999 -999 -999 -999 -999 -999 -999 -999 85 86 89 93 99 104 105 106 106 107 107 109 109 106 91 99 96 88 95 98 103 102 101 96 94 101 100 99 99 100 101 99 100 100 99 101 97 96 103 103 108 107 116 112 113 112 109 105 105 107 107 107 101 101 103 99 98 98 95 97 98 100 96 101 103 93 88 89
-999 -999 -999 -999 -999 -999 -999 -999 -999 -999 -999 -999 -999 -999 -999 -999 -999 -999 -999 -999 -999 -999 -999 -999 -999 -999 -999 -999 85 86 90 96 100 105 105 106 107 107 111 107 105 106 99 98 88 90 92 95 102 102 107 98 95 94 98 99 107 100 100 99 97 97 99 97 97 96 105 104 104 111 103 107 107 114 106 106 105 107 106 101 101 100 98 97 100 97 95 96 100 99 101 95 99 98 88 91
-999 -999 -999 -999 -999 -999 -999 -999 -999 -999 -999 -999 -999 -999 -999 -999 -999 -999 -999 -999 -999 -999 -999 -999 -999 -999 -999 -999 85 86 90 99 101 105 107 107 109 109 109 106 105 101 98 94 91 98 96 98 96 99 98 101 95 92 95 97 107 101 103 104 107 101 96 96 95 103 103 101 109 101 104 110 107 102 103 106 106 109 104 107 101 99 99 94 97 96 93 98 96 99 98 95 94 93 89 92
-999 -999 -999 -999 -999 -999 -999 -999 -999 -999 -999 -999 -999 -999 -999 -999 -999 -999 -999 -999 -999 -999 -999 -999 -999 -999 -999 -999 88 86 90 99 105 109 107 110 109 109 109 105 102 98 92 105 95 91 91 96 102 99 95 98 94 92 94 99 103 104 104 100 105 99 97 99 105 99 97 104 97 100 99 105 107 105 101 109 113 116 105 103 102 102 97 96 95 94 94 96 92 101 103 93 90 88 93 93
-999 -999 -999 -999 -999 -999 -999 -999 -999 -999 -999 -999 -999 -999 -999 -999 -999 -999 -999 -999 -999 -999 -999 -999 -999 -999 -999 -999 89 86 97 100 103 108 108 109 109 109 111 101 101 98 96 99 94 92 94 95 98 101 96 95 96 101 92 99 102 101 106 106 101 99 98 98 96 99 102 96 99 102 104 105 101 100 99 103 111 103 105 102 98 104 98 98 94 95 93 92 95 104 98 99 95 90 90 92
-999 -999 -999 -999 -999 -999 -999 -999 -999 -999 -999 -999 -999 -999 -999 -999 -999 -999 -999 -999 -999 -999 -999 -999 -999 -999 -999 -999 -999 -999 93 -999 -999 -999 -999 109 107 110 102 101 99 96 92 102 94 92 95 96 99 102 103 92 101 101 99 101 95 94 103 106 98 98 99 94 92 106 99 96 98 101 105 99 96 93 97 97 101 103 102 100 98 102 98 96 98 96 94 91 96 99 95 92 93 91 88 92
-999 -999 -999 -999 -999 -999 -999 -999 -999 -999 -999 -999 -999 -999 -999 -999 -999 -999 -999 -999 -999 -999 -999 -999 -999 -999 -999 -999 -999 -999 -999 -999 -999 -999 -999 -999 107 107 107 99 99 96 102 107 99 96 96 99 105 103 99 99 107 105 92 98 99 91 91 96 99 102 99 94 96 96 94 95 101 94 90 90 90 95 96 100 103 105 96 100 108 100 98 96 95 92 94 96 103 98 95 88 95 97 94 91
-999 -999 -999 -999 -999 -999 -999 -999 -999 -999 -999 -999 -999 -999 -999 -999 -999 -999 -999 -999 -999 -999 -999 -999 -999 -999 -999 -999 -999 -999 -999 -999 -999 -999 -999 -999 -999 105 105 106 107 106 107 110 105 99 98 96 99 101 107 101 105 105 96 90 87 87 94 95 102 103 101 96 99 98 94 92 90 82 86 86 95 96 99 98 103 105 100 106 109 102 98 94 92 92 92 93 100 95 92 95 90 92 95 90
-999 -999 -999 -999 -999 -999 -999 -999 -999 -999 -999 -999 -999 -999 -999 -999 -999 -999 -999 -999 -999 -999 -999 -999 -999 -999 -999 -999 -999 -999 -999 -999 -999 -999 -999 -999 -999 103 103 102 106 103 106 107 105 99 101 96 101 97 98 101 103 99 94 84 86 87 95 96 99 99 101 98 101 101 95 86 88 87 83 89 98 94 101 101 98 96 106 110 108 103 99 98 92 99 96 94 96 98 90 90 95 97 93 93
-999 -999 -999 -999 -999 -999 -999 -999 -999 -999 -999 -999 -999 -999 -999 -999 -999 -999 -999 -999 -999 -999 -999 -999 -999 -999 -999 -999 -999 -999 -999 -999 -999 -999 -999 -999 -999 101 101 102 102 103 103 102 102 98 99 93 97 106 106 105 105 95 83 83 82 83 90 99 98 101 103 98 102 101 98 91 87 86 90 90 97 98 96 97 94 101 112 107 107 107 96 94 95 91 92 92 96 94 91 89 95 92 92 95
-999 -999 -999 -999 -999 -999 -999 -999 -999 -999 -999 -999 -999 -999 -999 -999 -999 -999 -999 -999 -999 -999 -999 -999 -999 -999 -999 -999 -999 -999 -999 -999 -999 -999 -999 -999 -999 99 101 98 101 102 103 105 102 105 97 90 94 101 96 105 103 95 83 86 84 80 91 99 98 105 106 101 102 101 92 90 86 86 89 93 89 94 97 96 100 102 108 106 108 107 98 95 95 92 94 93 94 90 90 86 92 93 97 97
-999 -999 -999 -999 -999 -999 -999 -999 -999 -999 -999 -999 -999 -999 -999 -999 -999 -999 -999 -999 -999 -999 -999 -999 -999 -999 -999 -999 -999 -999 -999 -999 -999 -999 -999 -999 -999 -999 101 98 101 100 100 101 100 101 102 104 89 93 93 101 94 87 84 84 82 88 96 98 102 101 108 97 98 92 91 88 92 88 89 86 94 95 91 92 102 103 106 100 103 104 99 100 99 92 93 90 90 91 92 87 92 90 97 97
-999 -999 -999 -999 -999 -999 -999 -999 -999 -999 -999 -999 -999 -999 -999 -999 -999 -999 -999 -999 -999 -999 -999 -999 -999 -999 -999 -999 -999 -999 -999 -999 -999 -999 -999 -999 -999 -999 96 97 96 98 97 98 98 100 102 102 92 88 100 100 90 84 86 82 89 93 98 96 96 98 98 93 93 94 94 92 89 94 94 90 92 98 100 91 98 100 99 98 98 99 102 96 90 90 89 94 97 92 86 91 90 98 95 98
-999 -999 -999 -999 -999 -999 -999 -999 -999 -999 -999 -999 -999 -999 -999 -999 -999 -999 -999 -999 -999 -999 -999 -999 -999 -999 -999 -999 -999 -999 -999 -999 -999 -999 -999 -999 -999 -999 -999 96 96 97 96 96 97 98 98 100 98 92 86 90 85 88 86 86 86 88 90 92 92 89 90 98 104 108 101 93 93 92 97 91 99 98 99 96 91 95 99 98 95 96 102 99 98 90 88 96 97 92 86 88 98 101 95 93
-999 -999 -999 -999 -999 -999 -999 -999 -999 -999 -999 -999 -999 -999 -999 -999 -999 -999 -999 -999 -999 -999 -999 -999 -999 -999 -999 -999 -999 -999 -999 -999 -999 -999 -999 -999 -999 -999 -999 -999 96 96 97 94 97 97 97 100 100 88 85 84 84 82 85 85 86 86 88 86 86 92 94 102 100 100 97 96 93 93 96 92 96 99 100 96 91 92 95 94 100 100 99 99 98 98 88 90 96 86 96 94 98 94 91 90
-999 -999 -999 -999 -999 -999 -999 -999 -999 -999 -999 -999 -999 -999 -999 -999 -999 -999 -999 -999 -999 -999 -999 -999 -999 -999 -999 -999 -999 -999 -999 -999 -999 -999 -999 -999 -999 -999 -999 -999 94 94 94 96 94 96 96 88 89 92 85 82 82 82 82 84 85 84 85 86 92 92 92 93 93 95 96 91 94 96 96 95 94 98 100 94 92 94 96 94 96 99 98 95 95 94 86 89 90 86 92 97 93 83 86 88
-999 -999 -999 -999 -999 -999 -999 -999 -999 -999 -999 -999 -999 -999 -999 -999 -999 -999 -999 -999 -999 -999 -999 -999 -999 -999 -999 -999 -999 -999 -999 -999 -999 -999 -999 -999 -999 -999 -999 -999 -999 93 94 96 96 90 88 92 86 85 86 81 79 81 84 82 80 82 85 86 88 89 92 91 88 90 88 92 91 91 92 96 96 96 96 96 95 94 92 92 96 94 94 93 93 93 88 86 89 89 96 93 88 86 85 86
-999 -999 -999 -999 -999 -999 -999 -999 -999 -999 -999 -999 -999 -999 -999 -999 -999 -999 -999 -999 -999 -999 -999 -999 -999 -999 -999 -999 -999 -999 -999 -999 -999 -999 -999 -999 -999 -999 -999 -999 -999 -999 92 92 92 92 94 94 92 88 86 82 79 79 78 80 81 81 85 86 86 88 89 87 88 91 94 96 91 91 95 96 96 95 99 98 99 94 99 100 98 95 95 89 94 94 89 92 96 90 93 89 86 86 85 88
-999 -999 -999 -999 -999 -999 -999 -999 -999 -999 -999 -999 -999 -999 -999 -999 -999 -999 -999 -999 -999 -999 -999 -999 -999 -999 -999 -999 -999 -999 -999 -999 -999 -999 -999 -999 -999 -999 -999 -999 -999 -999 -999 90 89 90 98 98 93 88 90 91 79 77 75 78 81 82 84 85 86 86 87 90 90 90 88 91 92 88 92 91 94 96 98 102 99 96 98 99 98 95 92 93 89 90 88 86 86 86 85 90 89 86 85 86
-999 -999 -999 -999 -999 -999 -999 -999 -999 -999 -999 -999 -999 -999 -999 -999 -999 -999 -999 -999 -999 -999 -999 -999 -999 -999 -999 -999 -999 -999 -999 -999 -999 -999 -999 -999 -999 -999 -999 -999 -999 -999 -999 -999 94 89 98 97 96 94 84 84 86 79 74 77 79 82 84 86 87 87 87 86 87 90 88 88 90 89 88 92 94 95 102 106 103 100 96 100 100 93 94 96 92 90 89 92 93 90 85 85 86 89 86 88
-999 -999 -999 -999 -999 -999 -999 -999 -999 -999 -999 -999 -999 -999 -999 -999 -999 -999 -999 -999 -999 -999 -999 -999 -999 -999 -999 -999 -999 -999 -999 -999 -999 -999 -999 -999 -999 -999 -999 -999 -999 -999 -999 -999 -999 88 92 95 94 95 94 83 79 77 75 77 78 79 81 83 84 86 88 88 88 88 90 89 88 89 90 93 94 96 105 101 96 94 94 97 98 100 94 93 92 92 93 93 90 90 88 86 86 88 88 88
-999 -999 -999 -999 -999 -999 -999 -999 -999 -999 -999 -999 -999 -999 -999 -999 -999 -999 -999 -999 -999 -999 -999 -999 -999 -999 -999 -999 -999 -999 -999 -999 -999 -999 -999 -999 -999 -999 -999 -999 -999 -999 -999 -999 -999 -999 90 94 95 99 92 81 79 81 77 78 78 78 81 84 83 83 86 88 87 90 91 89 89 92 92 96 100 100 97 101 98 97 92 96 98 97 98 94 94 97 98 92 92 92 92 88 89 86 86 88
-999 -999 -999 -999 -999 -999 -999 -999 -999 -999 -999 -999 -999 -999 -999 -999 -999 -999 -999 -999 -999 -999 -999 -999 -999 -999 -999 -999 -999 -999 -999 -999 -999 -999 -999 -999 -999 -999 -999 -999 -999 -999 -999 -999 -999 -999 -999 88 92 92 92 82 82 79 78 78 78 78 81 82 84 84 84 86 88 87 86 85 92 90 90 97 93 96 94 94 98 97 96 94 93 97 98 101 100 96 97 98 94 93 93 89 88 86 87 87
-999 -999 -999 -999 -999 -999 -999 -999 -999 -999 -999 -999 -999 -999 -999 -999 -999 -999 -999 -999 -999 -999 -999 -999 -999 -999 -999 -999 -999 -999 -999 -999 -999 -999 -999 -999 -999 -999 -999 -999 -999 -999 -999 -999 -999 -999 -999 -999 88 86 89 92 83 80 81 77 78 77 82 81 82 81 84 83 85 88 81 86 93 94 94 97 97 94 96 96 89 93 96 92 92 94 96 94 96 94 101 97 97 96 95 91 87 87 88 87
-999 -999 -999 -999 -999 -999 -999 -999 -999 -999 -999 -999 -999 -999 -999 -999 -999 -999 -999 -999 -999 -999 -999 -999 -999 -999 -999 -999 -999 -999 -999 -999 -999 -999 -999 -999 -999 -999 -999 -999 -999 -999 -999 -999 -999 -999 -999 -999 90 89 90 93 81 81 81 83 81 79 81 80 81 84 80 84 85 84 84 88 94 93 89 96 96 94 93 86 89 88 88 92 98 97 96 97 96 96 97 96 96 94 91 88 88 92 90 88
-999 -999 -999 -999 -999 -999 -999 -999 -999 -999 -999 -999 -999 -999 -999 -999 -999 -999 -999 -999 -999 -999 -999 -999 -999 -999 -999 -999 -999 -999 -999 -999 -999 -999 -999 -999 -999 -999 -999 -999 -999 -999 -999 -999 -999 -999 -999 -999 -999 90 92 93 84 83 81 83 84 79 80 79 80 81 83 84 88 80 81 84 90 90 86 96 93 94 89 88 92 85 92 94 94 93 94 92 92 92 96 98 95 95 92 90 94 92 92 95
-999 -999 -999 -999 -999 -999 -999 -999 -999 -999 -999 -999 -999 -999 -999 -999 -999 -999 -999 -999 -999 -999 -999 -999 -999 -999 -999 -999 -999 -999 -999 -999 -999 -999 -999 -999 -999 -999 -999 -999 -999 -999 -999 -999 -999 -999 -999 -999 -999 -999 90 88 83 81 83 83 84 84 79 77 80 85 84 84 81 76 84 85 85 92 86 93 89 93 90 94 89 90 97 94 93 93 92 94 93 92 95 96 95 94 92 88 95 91 91 92
-999 -999 -999 -999 -999 -999 -999 -999 -999 -999 -999 -999 -999 -999 -999 -999 -999 -999 -999 -999 -999 -999 -999 -999 -999 -999 -999 -999 -999 -999 -999 -999 -999 -999 -999 -999 -999 -999 -999 -999 -999 -999 -999 -999 -999 -999 -999 -999 -999 -999 90 91 90 80 80 81 85 83 82 79 78 78 78 82 77 76 86 83 86 89 85 91 87 87 96 90 93 94 97 100 97 94 94 93 94 101 96 94 92 96 92 90 87 95 86 87
-999 -999 -999 -999 -999 -999 -999 -999 -999 -999 -999 -999 -999 -999 -999 -999 -999 -999 -999 -999 -999 -999 -999 -999 -999 -999 -999 -999 -999 -999 -999 -999 -999 -999 -999 -999 -999 -999 -999 -999 -999 -999 -999 -999 -999 -999 -999 -999 -999 -999 82 88 88 79 79 79 82 85 83 78 81 79 75 78 75 79 79 79 82 85 86 90 86 91 90 95 99 100 100 102 96 101 102 100 96 94 94 94 92 90 92 91 90 95 84 84
-999 -999 -999 -999 -999 -999 -999 -999 -999 -999 -999 -999 -999 -999 -999 -999 -999 -999 -999 -999 -999 -999 -999 -999 -999 -999 -999 -999 -999 -999 -999 -999 -999 -999 -999 -999 -999 -999 -999 -999 -999 -999 -999 -999 -999 -999 -999 -999 -999 -999 -999 -999 79 79 81 81 81 79 83 79 83 83 77 78 77 79 78 78 81 82 85 87 87 92 91 98 99 99 107 97 103 101 103 94 103 101 96 92 91 88 90 88 87 86 86 94
-999 -999 -999 -999 -999 -999 -999 -999 -999 -999 -999 -999 -999 -999 -999 -999 -999 -999 -999 -999 -999 -999 -999 -999 -999 -999 -999 -999 -999 -999 -999 -999 -999 -999 -999 -999 -999 -999 -999 -999 -999 -999 -999 -999 -999 -999 -999 -999 -999 -999 -999 -999 81 81 82 82 82 81 81 81 85 83 79 82 82 81 82 82 85 83 83 85 85 88 91 94 100 110 103 113 103 105 101 105 94 92 99 98 88 87 94 95 94 86 91 91
-999 -999 -999 -999 -999 -999 -999 -999 -999 -999 -999 -999 -999 -999 -999 -999 -999 -999 -999 -999 -999 -999 -999 -999 -999 -999 -999 -999 -999 -999 -999 -999 -999 -999 -999 -999 -999 -999 -999 -999 -999 -999 -999 -999 -999 -999 -999 -999 -999 -999 -999 83 82 82 85 83 83 83 82 85 79 83 86 87 83 81 81 83 86 85 86 90 85 85 90 94 100 113 114 113 107 107 97 102 101 100 92 96 92 90 91 88 84 86 92 90
-999 -999 -999 -999 -999 -999 -999 -999 -999 -999 -999 -999 -999 -999 -999 -999 -999 -999 -999 -999 -999 -999 -999 -999 -999 -999 -999 -999 -999 -999 -999 -999 -999 -999 -999 -999 -999 -999 -999 -999 -999 -999 -999 -999 -999 -999 -999 -999 -999 -999 -999 84 84 84 85 83 81 83 83 79 79 85 83 86 86 85 82 -999 -999 87 86 88 90 87 90 90 95 99 109 103 103 96 101 98 101 100 100 100 98 95 95 92 86 90 94 95
-999 -999 -999 -999 -999 -999 -999 -999 -999 -999 -999 -999 -999 -999 -999 -999 -999 -999 -999 -999 -999 -999 -999 -999 -999 -999 -999 -999 -999 -999 -999 -999 -999 -999 -999 -999 -999 -999 -999 -999 -999 -999 -999 -999 -999 -999 -999 -999 -999 -999 -999 -999 -999 -999 83 83 85 85 81 83 83 79 81 -999 -999 87 -999 -999 -999 -999 87 90 91 94 90 87 91 103 100 100 98 99 92 98 96 98 100 99 99 96 92 88 86 90 87 95
-999 -999 -999 -999 -999 -999 -999 -999 -999 -999 -999 -999 -999 -999 -999 -999 -999 -999 -999 -999 -999 -999 -999 -999 -999 -999 -999 -999 -999 -999 -999 -999 -999 -999 -999 -999 -999 -999 -999 -999 -999 -999 -999 -999 -999 -999 -999 -999 -999 -999 -999 -999 -999 -999 84 83 82 81 82 86 86 81 79 -999 -999 -999 -999 -999 -999 -999 -999 -999 90 92 92 90 91 98 98 103 101 99 98 96 100 98 98 100 98 96 91 87 92 95 92 95
-999 -999 -999 -999 -999 -999 -999 -999 -999 -999 -999 -999 -999 -999 -999 -999 -999 -999 -999 -999 -999 -999 -999 -999 -999 -999 -999 -999 -999 -999 -999 -999 -999 -999 -999 -999 -999 -999 -999 -999 -999 -999 -999 -999 -999 -999 -999 -999 -999 -999 -999 -999 -999 84 81 84 81 85 85 84 84 84 79 -999 -999 -999 -999 -999 -999 -999 -999 -999 -999 92 94 92 95 96 96 100 100 96 98 95 101 98 98 103 102 103 95 89 95 97 96 96
-999 -999 -999 -999 -999 -999 -999 -999 -999 -999 -999 -999 -999 -999 -999 -999 -999 -999 -999 -999 -999 -999 -999 -999 -999 -999 -999 -999 -999 -999 -999 -999 -999 -999 -999 -999 -999 -999 -999 -999 -999 -999 -999 -999 -999 -999 -999 -999 -999 -999 -999 -999 -999 84 81 81 85 85 84 85 83 83 83 -999 -999 -999 -999 -999 -999 -999 -999 -999 -999 -999 96 94 99 103 96 100 96 95 96 99 105 98 98 106 105 98 96 90 98 102 98 97
-999 -999 -999 -999 -999 -999 -999 -999 -999 -999 -999 -999 -999 -999 -999 -999 -999 -999 -999 -999 -999 -999 -999 -999 -999 -999 -999 -999 -999 -999 -999 -999 -999 -999 -999 -999 -999 -999 -999 -999 -999 -999 -999 -999 -999 -999 -999 -999 -999 -999 -999 -999 -999 83 83 84 85 86 84 83 84 80 83 -999 -999 -999 -999 -999 -999 -999 -999 -999 -999 -999 -999 96 98 107 108 101 105 100 100 107 103 98 107 106 98 105 94 93 102 103 100 97
-999 -999 -999 -999 -999 -999 -999 -999 -999 -999 -999 -999 -999 -999 -999 -999 -999 -999 -999 -999 -999 -999 -999 -999 -999 -999 -999 -999 -999 -999 -999 -999 -999 -999 -999 -999 -999 -999 -999 -999 -999 -999 -999 -999 -999 -999 -999 -999 -999 -999 -999 -999 -999 -999 86 86 84 86 88 84 83 83 -999 -999 -999 -999 -999 -999 -999 -999 -999 -999 -999 -999 -999 100 101 107 107 108 104 107 105 108 101 100 107 101 97 98 96 98 98 103 98 98
-999 -999 -999 -999 -999 -999 -999 -999 -999 -999 -999 -999 -999 -999 -999 -999 -999 -999 -999 -999 -999 -999 -999 -999 -999 -999 -999 -999 -999 -999 -999 -999 -999 -999 -999 -999 -999 -999 -999 -999 -999 -999 -999 -999 -999 -999 -999 -999 -999 -999 -999 -999 -999 -999 -999 -999 -999 -999 -999 -999 83 81 -999 -999 -999 -999 -999 -999 -999 -999 -999 -999 -999 -999 -999 -999 109 114 109 101 101 104 100 107 105 101 105 105 101 97 105 100 102 102 101 100
-999 -999 -999 -999 -999 -999 -999 -999 -999 -999 -999 -999 -999 -999 -999 -999 -999 -999 -999 -999 -999 -999 -999 -999 -999 -999 -999 -999 -999 -999 -999 -999 -999 -999 -999 -999 -999 -999 -999 -999 -999 -999 -999 -999 -999 -999 -999 -999 -999 -999 -999 -999 -999 -999 -999 -999 -999 -999 -999 -999 -999 -999 -999 -999 -999 -999 -999 -999 -999 -999 -999 -999 -999 -999 -999 -999 110 116 109 103 99 98 103 108 104 108 109 107 98 103 98 105 107 101 100 98
-999 -999 -999 -999 -999 -999 -999 -999 -999 -999 -999 -999 -999 -999 -999 -999 -999 -999 -999 -999 -999 -999 -999 -999 -999 -999 -999 -999 -999 -999 -999 -999 -999 -999 -999 -999 -999 -999 -999 -999 -999 -999 -999 -999 -999 -999 -999 -999 -999 -999 -999 -999 -999 -999 -999 -999 -999 -999 -999 -999 -999 -999 -999 -999 -999 -999 -999 -999 -999 -999 -999 -999 -999 -999 -999 -999 106 112 111 100 99 99 100 105 101 107 104 104 99 99 100 109 103 102 98 101
-999 -999 -999 -999 -999 -999 -999 -999 -999 -999 -999 -999 -999 -999 -999 -999 -999 -999 -999 -999 -999 -999 -999 -999 -999 -999 -999 -999 -999 -999 -999 -999 -999 -999 -999 -999 -999 -999 -999 -999 -999 -999 -999 -999 -999 -999 -999 -999 -999 -999 -999 -999 -999 -999 -999 -999 -999 -999 -999 -999 -999 -999 -999 -999 -999 -999 -999 -999 -999 -999 -999 -999 -999 -999 -999 -999 -999 110 108 104 -999 -999 -999 98 104 105 96 99 100 108 105 107 103 102 101 101
