grids/precipitation/aug/RSMS_08_1883_01.asc
NCOLS 654
NROWS 866
XLLCORNER 3280414.711633467
YLLCORNER 5237500.62890625
CELLSIZE 1000
NODATA_VALUE -999
[rows 468 to 519 of 866, columns 96 to 191 of 654]
49 51 53 54 52 54 56 56 57 55 57 57 55 55 56 56 55 55 59 57 58 60 60 57 54 56 56 53 57 54 56 55 53 57 57 58 55 55 59 59 59 56 55 55 61 58 63 65 61 57 56 55 55 57 58 62 59 62 60 54 57 57 55 55 56 55 57 59 61 63 60 58 55 57 61 57 58 55 57 53 53 50 51 53 52 50 49 48 45 46 43 43 44 43 43 44
51 51 53 52 50 54 54 56 54 56 53 58 58 57 57 56 57 59 60 61 62 54 53 55 54 53 51 56 56 50 53 57 53 54 55 57 57 55 55 57 58 56 54 55 59 59 60 67 64 59 53 56 55 59 60 63 61 59 58 56 57 58 54 54 55 57 58 61 62 59 59 62 58 53 56 58 56 55 55 55 50 53 51 50 49 50 49 48 46 46 43 45 48 47 44 48
48 50 50 50 50 53 54 51 50 52 58 58 58 58 57 58 57 59 60 58 54 54 53 55 54 54 53 55 56 51 50 53 52 51 53 54 53 55 57 56 57 59 55 60 57 57 60 60 61 54 56 59 53 54 57 53 55 58 56 59 57 57 55 57 56 59 62 61 60 58 57 61 57 58 55 52 51 53 55 53 51 53 51 53 51 49 51 50 47 46 47 45 45 48 45 48
46 49 50 48 51 53 52 49 53 55 57 59 60 58 60 58 58 56 56 55 52 53 55 49 50 53 50 52 53 55 53 49 51 51 51 53 53 51 53 55 56 59 58 58 58 56 56 55 54 55 59 61 55 59 59 57 58 55 57 57 56 58 55 57 57 61 58 59 57 59 57 55 59 58 54 53 51 50 53 50 51 54 54 51 48 53 51 51 51 48 44 44 44 48 48 46
44 47 49 51 51 50 51 54 53 54 56 57 58 56 56 58 55 56 54 49 49 50 49 54 49 48 48 53 51 53 55 50 53 49 53 50 51 55 55 55 57 58 59 57 58 59 59 63 61 59 63 61 61 57 54 57 59 55 55 55 57 57 57 57 60 57 55 55 60 61 58 55 53 54 58 55 50 50 48 48 53 52 51 50 50 54 50 50 50 48 44 45 48 48 46 42
44 44 48 51 46 48 50 54 55 57 57 56 58 55 58 54 53 53 52 51 50 57 52 49 52 48 47 53 54 54 50 52 51 48 50 50 53 51 50 50 52 56 54 61 57 65 63 63 67 64 57 57 59 55 52 55 53 55 56 55 59 59 61 60 61 57 56 55 57 54 55 54 56 56 54 50 50 49 47 51 51 50 49 50 51 53 52 53 52 48 48 47 48 45 44 43
44 44 44 44 45 45 50 52 52 52 54 57 52 51 53 54 51 53 53 55 56 57 55 49 52 51 47 51 46 51 50 52 47 50 51 51 49 49 49 53 54 52 56 57 55 61 63 62 63 60 57 55 54 51 52 53 55 56 59 56 54 61 61 60 56 55 57 52 53 52 52 55 55 53 53 48 45 50 53 50 51 50 50 52 53 53 52 52 51 53 54 46 44 42 41 41
44 44 44 46 45 48 51 51 45 51 53 49 46 47 49 49 51 50 49 53 52 57 57 55 53 51 48 51 49 47 46 48 48 49 49 48 50 50 51 55 55 51 56 57 53 54 58 62 58 55 53 52 51 53 50 52 55 55 56 59 57 57 57 58 58 55 51 48 47 49 53 56 51 50 48 46 48 55 52 54 52 51 52 55 53 53 53 52 53 50 48 46 44 44 42 42
46 46 47 45 45 44 45 47 48 48 46 50 49 49 47 47 47 49 53 48 51 58 55 54 53 49 51 48 49 49 51 52 49 50 51 50 54 53 51 53 57 55 58 57 55 55 53 55 53 55 56 57 57 55 55 55 52 58 57 57 57 60 59 55 56 52 48 47 49 50 53 51 47 46 46 48 50 51 51 48 48 51 53 52 51 52 51 51 50 48 47 44 43 43 41 43
47 48 47 46 48 48 49 48 50 47 49 47 51 47 51 51 48 48 47 47 57 57 57 53 51 54 51 52 50 50 51 53 53 48 53 57 51 50 51 52 58 53 60 56 58 58 60 57 60 58 57 60 58 57 58 54 54 56 55 58 59 57 57 53 53 48 46 47 50 48 46 46 44 43 49 47 50 50 50 46 52 49 51 51 50 48 49 49 49 46 44 44 42 42 40 42
47 48 45 48 47 49 48 50 50 50 48 47 50 49 52 51 49 49 52 55 58 59 56 53 52 55 53 52 51 49 50 51 53 49 52 53 52 55 57 56 57 55 63 59 61 60 53 54 56 59 60 60 61 58 60 58 55 53 57 58 54 53 54 53 53 49 47 44 47 45 43 44 44 44 47 50 48 51 47 49 49 51 50 50 48 48 47 48 46 44 44 42 42 41 40 40
43 45 48 47 44 49 50 51 51 48 49 47 50 49 51 54 58 52 51 58 58 58 57 53 50 54 53 53 53 51 53 55 53 51 50 53 52 53 58 58 57 57 56 58 62 60 59 56 55 55 58 58 60 60 58 59 60 57 56 56 58 59 58 50 47 46 44 43 46 44 44 43 40 43 44 46 46 46 48 46 48 49 49 48 50 49 49 46 45 46 43 42 41 43 40 39
44 43 47 49 49 47 49 50 51 48 50 49 51 50 52 57 56 55 58 58 58 57 55 51 53 57 57 57 52 55 55 55 53 54 49 54 55 55 58 60 57 58 56 60 61 64 62 58 55 58 53 53 58 55 62 63 62 64 60 58 63 58 53 49 49 47 46 44 45 43 47 42 40 40 43 46 48 44 46 48 51 47 46 49 51 50 47 47 48 46 45 44 45 45 44 44
46 43 45 49 50 46 49 47 51 50 51 52 51 51 50 54 57 56 58 57 57 58 56 53 54 57 55 56 52 55 55 56 55 51 53 55 55 57 58 58 57 58 59 60 62 62 62 62 58 62 55 59 54 58 61 65 63 64 61 63 61 57 51 49 50 47 46 51 49 47 47 43 41 38 44 42 42 44 50 50 48 48 46 48 49 46 48 50 48 47 47 47 47 46 44 42
45 44 45 47 49 48 48 49 50 51 53 53 53 52 55 55 59 58 58 55 56 57 56 55 55 57 55 55 55 53 54 55 55 52 53 53 55 55 57 57 60 61 60 62 62 62 62 61 61 62 58 60 56 62 59 63 63 60 64 61 57 54 52 53 55 52 47 50 49 46 48 46 44 41 40 45 46 48 48 49 47 47 45 44 45 47 46 46 46 46 47 44 42 43 44 42
43 45 45 47 50 48 45 50 51 52 51 52 54 56 56 57 57 55 54 54 56 55 56 56 57 55 55 55 54 57 57 57 57 57 52 51 53 53 57 54 57 56 55 60 60 60 61 61 62 62 58 60 59 60 62 63 64 63 64 62 60 58 52 56 55 49 50 51 48 45 44 43 44 44 40 43 44 45 45 45 45 49 47 46 44 46 45 44 44 46 47 45 45 41 41 41
46 46 45 48 52 49 49 50 48 49 51 54 53 54 54 55 55 54 54 54 56 57 54 55 56 55 55 56 55 55 55 55 57 58 57 52 53 53 53 54 56 55 60 60 60 60 60 61 61 63 62 64 62 64 67 66 64 64 62 62 60 57 56 57 55 51 53 50 47 47 46 45 40 41 39 43 44 42 46 44 48 45 46 43 43 43 43 44 44 44 42 44 44 41 41 44
49 48 47 47 47 50 51 51 51 50 53 54 54 54 54 55 54 54 54 54 56 55 54 56 55 57 56 56 57 58 58 55 56 58 56 55 56 54 53 54 55 56 54 59 58 58 58 59 60 62 64 64 64 64 66 66 65 64 62 60 60 57 59 57 55 55 55 51 49 46 44 41 47 43 39 40 40 42 43 43 43 42 42 44 46 43 42 42 43 41 41 43 43 42 41 41
52 47 48 48 48 49 50 52 54 51 53 54 54 54 52 53 54 52 56 56 55 56 53 56 54 54 55 57 57 55 56 55 57 58 58 56 57 54 53 52 55 55 57 57 58 58 59 60 61 59 61 61 64 62 64 62 63 62 61 60 60 58 60 56 56 54 52 49 48 47 46 44 47 42 39 45 42 44 42 44 44 48 44 46 43 45 41 40 42 42 43 42 41 41 41 40
49 49 48 49 47 49 50 54 52 53 53 52 54 52 52 53 50 55 56 56 54 55 53 54 54 53 55 56 58 58 59 58 54 56 56 58 54 55 55 52 51 51 50 54 54 60 60 60 61 61 60 60 61 63 61 63 63 62 61 60 60 59 58 56 56 56 54 51 49 46 47 46 44 42 39 42 44 44 44 47 46 45 47 44 44 43 43 41 40 39 39 41 43 42 41 43
44 46 49 51 51 50 52 54 51 49 52 54 54 51 52 53 53 55 54 54 55 54 54 55 56 56 58 60 60 58 58 57 56 54 54 54 54 55 54 55 54 56 58 52 55 58 58 60 61 63 63 63 62 61 61 62 63 61 58 60 61 60 58 57 58 55 52 49 47 49 46 44 42 43 40 40 46 45 44 47 48 46 46 45 45 44 41 39 39 39 41 43 42 43 43 43
44 50 50 52 52 52 54 50 50 50 52 52 51 52 52 52 52 51 53 54 55 55 54 56 56 58 56 57 59 59 60 58 57 55 53 53 54 54 55 54 56 58 58 55 55 53 57 60 63 61 61 61 60 61 60 60 61 60 60 61 61 59 59 58 56 54 53 52 51 50 45 43 44 42 40 40 42 44 46 44 43 44 44 44 44 46 43 40 41 40 41 43 41 43 43 44
47 47 52 52 50 52 54 53 51 50 52 54 50 52 52 51 51 52 56 54 54 55 54 55 58 56 57 58 60 59 58 56 56 55 55 56 56 57 57 57 58 58 60 58 57 53 56 61 61 58 60 60 60 59 60 59 58 60 59 59 61 60 60 58 57 55 55 56 52 49 45 45 44 42 42 41 40 44 46 44 42 42 43 42 42 44 44 42 43 45 43 45 41 46 46 45
48 49 53 55 53 52 51 51 53 47 51 52 50 50 52 50 52 54 56 56 55 55 58 56 54 56 58 56 58 56 58 57 58 56 55 54 55 58 60 58 58 60 61 59 56 54 58 58 56 58 60 60 57 58 60 58 58 59 57 58 60 59 58 60 57 55 55 54 51 47 49 51 47 42 41 40 41 44 42 44 42 40 43 44 46 46 44 45 46 45 46 41 41 44 45 43
44 50 49 54 54 49 50 50 47 47 50 47 46 47 49 50 51 52 53 54 53 52 55 53 56 55 56 56 56 56 58 58 58 56 57 56 56 60 61 61 61 60 61 60 56 54 58 54 57 58 56 56 60 58 58 58 58 58 58 58 58 57 58 57 58 55 54 54 52 52 52 49 45 44 40 39 42 43 44 42 40 41 42 44 45 46 48 46 47 46 46 46 44 41 43 45
44 50 48 56 52 52 51 50 52 50 49 48 49 52 50 49 50 50 53 52 51 54 54 53 56 58 57 56 55 57 56 58 58 58 57 59 60 59 61 61 61 61 62 58 56 57 55 56 60 60 59 59 59 58 59 59 58 57 58 59 58 57 57 56 56 56 54 52 51 52 51 49 49 47 42 40 38 40 42 42 40 43 46 48 44 44 45 44 46 45 47 43 43 41 43 43
47 47 51 54 51 53 52 53 47 43 46 50 52 54 51 50 53 54 53 55 51 56 53 51 53 56 56 54 55 56 56 56 56 56 56 60 61 56 56 58 60 62 62 58 58 61 58 60 60 59 58 58 58 58 56 58 58 56 58 58 58 58 57 57 55 54 54 52 50 49 48 45 45 44 42 42 38 38 39 41 42 43 43 46 46 42 44 43 45 44 43 43 43 43 43 42
43 48 49 51 51 53 55 53 50 45 50 52 52 54 53 53 56 52 56 56 55 51 56 54 53 52 54 52 54 56 54 56 54 55 58 60 60 59 58 58 60 61 61 60 60 59 58 60 60 58 58 58 58 57 55 56 57 54 55 57 57 55 56 57 55 56 54 54 51 49 48 45 44 42 41 41 43 40 40 40 43 41 42 43 42 44 42 46 43 44 43 44 43 46 44 43
46 47 51 50 51 53 52 52 51 49 52 49 52 54 54 52 55 52 57 56 53 56 53 56 54 52 54 54 56 56 54 54 55 56 57 57 58 58 58 58 58 58 60 61 60 60 59 61 60 60 58 57 55 56 56 56 56 54 54 54 55 55 54 57 59 56 54 52 51 51 48 44 41 42 44 45 46 41 40 40 40 40 40 42 42 42 44 44 44 44 43 43 41 43 44 43
41 44 46 48 50 53 53 54 47 43 48 44 52 55 58 57 57 55 58 56 56 56 57 57 56 55 54 56 56 54 54 54 54 55 54 54 58 60 60 59 58 58 60 60 60 61 60 59 59 59 57 58 56 56 56 55 54 53 53 51 53 52 55 57 54 51 51 50 51 52 50 47 45 40 41 42 46 45 42 44 42 41 42 44 42 40 42 42 42 41 41 41 42 41 43 43
42 45 48 49 49 54 54 54 52 48 47 43 48 49 57 54 58 60 59 58 58 58 57 57 54 54 52 55 55 54 54 52 56 53 54 55 55 56 58 58 58 58 59 59 60 61 59 58 57 58 58 58 58 57 56 54 53 54 53 51 50 50 52 54 53 50 46 46 45 47 49 48 44 41 41 44 46 44 44 44 44 44 42 44 44 42 40 41 42 41 41 41 41 41 41 41
42 43 49 49 52 51 54 48 49 44 44 44 47 54 53 54 58 54 57 59 60 59 56 54 54 55 52 54 54 54 52 54 54 53 54 54 56 55 56 57 57 56 57 59 57 57 56 60 58 57 56 57 57 54 54 52 53 53 52 50 50 51 54 52 52 50 49 47 45 43 47 49 44 41 44 45 44 42 42 44 43 44 41 44 44 43 42 42 42 41 42 42 41 41 41 41
42 42 44 47 50 50 52 52 47 49 49 48 49 52 51 56 54 55 58 58 59 58 57 56 57 55 54 52 52 53 53 54 53 54 53 55 54 55 58 56 57 57 59 57 58 57 55 57 58 57 54 52 52 54 51 54 53 52 52 49 50 52 50 51 50 49 47 46 47 43 44 47 44 41 44 44 41 43 42 44 42 42 42 42 42 42 42 42 42 44 43 43 43 44 41 41
41 40 45 49 49 53 47 53 52 46 44 47 53 45 57 54 56 54 57 57 56 56 57 58 55 55 54 53 52 53 52 53 53 52 53 53 54 54 52 55 57 57 59 57 57 56 54 54 55 55 54 54 50 50 50 50 50 52 52 48 49 50 50 50 49 46 45 45 46 44 42 46 42 40 43 42 39 39 42 43 40 40 41 40 42 41 42 42 44 46 47 46 44 43 42 42
45 40 42 47 48 43 47 47 50 52 42 44 45 55 58 58 56 58 54 53 54 53 60 58 56 54 54 53 51 52 52 52 53 52 52 53 53 55 54 56 55 55 57 56 57 55 54 54 54 53 52 50 50 49 47 48 48 50 50 49 48 50 50 49 48 47 44 42 42 43 42 43 42 42 42 40 40 41 40 40 40 40 40 41 42 44 44 46 44 47 47 46 44 44 43 42
45 43 38 39 43 43 50 52 51 51 52 42 47 52 54 53 55 54 54 52 53 56 56 54 54 54 53 52 52 53 52 51 52 50 52 52 55 57 57 57 54 54 55 56 56 55 54 51 51 50 51 55 55 51 48 44 46 49 50 46 47 48 48 45 46 47 48 45 45 40 42 43 41 41 40 40 41 44 40 44 43 40 43 43 44 45 46 45 46 48 48 46 46 45 44 42
45 45 38 38 39 42 45 47 51 52 52 42 49 53 54 51 53 52 52 51 54 56 54 54 51 55 54 53 52 52 51 52 50 50 51 52 54 54 54 53 55 57 57 56 55 54 51 51 50 53 52 55 53 51 51 45 44 47 46 45 47 47 46 46 44 45 44 42 41 40 41 43 40 40 41 43 42 45 44 42 44 40 42 44 46 45 44 46 47 49 48 46 45 44 43 42
41 39 41 37 38 44 45 49 53 49 48 50 42 51 50 48 51 49 51 49 52 53 54 51 51 52 53 53 51 57 49 49 50 52 54 52 53 54 54 53 54 53 55 54 54 52 52 50 52 50 50 51 50 48 46 44 43 44 45 44 45 43 43 44 43 43 43 46 47 45 40 40 40 43 45 45 44 42 44 42 42 40 44 44 44 44 46 46 46 47 47 47 45 44 43 42
42 44 45 38 37 40 44 49 51 55 54 47 44 43 44 45 47 46 51 44 51 54 50 48 50 51 53 53 51 49 49 50 51 54 51 53 52 52 53 51 50 52 50 50 50 50 49 49 51 48 46 50 47 45 43 42 43 43 45 45 45 44 43 44 43 45 45 47 47 45 42 41 42 43 43 45 45 43 44 44 44 43 42 43 44 44 46 44 46 47 47 46 45 45 44 42
39 44 38 45 42 38 49 47 55 53 51 51 53 51 43 42 42 47 47 50 54 52 51 51 51 51 52 51 49 48 49 50 53 54 52 50 51 51 51 50 50 49 50 49 50 48 48 47 48 46 45 43 42 43 42 42 41 43 46 44 43 42 42 43 44 44 44 45 46 43 42 42 40 42 43 45 45 45 45 43 46 45 42 43 44 44 46 44 46 47 46 46 46 46 44 42
43 42 45 42 40 38 40 50 47 49 55 52 51 51 47 43 43 44 51 54 52 51 49 50 43 50 49 50 52 52 53 54 54 55 52 51 50 50 50 48 48 48 48 47 48 49 47 47 47 47 46 45 43 41 42 42 41 45 47 45 45 44 45 43 43 44 43 46 46 44 41 40 42 42 44 43 45 45 45 44 46 44 44 42 45 45 47 45 46 46 47 46 46 46 43 42
44 44 44 37 47 45 38 47 42 51 53 53 50 46 44 42 40 41 46 51 54 53 51 48 51 53 51 52 53 53 52 52 54 52 51 51 49 48 47 47 47 47 46 47 49 48 48 47 47 48 49 46 43 43 40 40 41 44 45 45 45 45 43 43 42 44 43 44 44 40 41 40 43 43 43 44 46 46 45 47 46 45 42 42 44 44 45 47 46 47 47 47 46 46 44 42
38 36 36 44 44 49 38 38 47 51 50 47 48 42 40 40 43 43 44 45 45 52 46 51 52 51 52 52 52 49 51 52 52 51 50 50 50 48 47 47 45 46 45 47 48 46 47 45 45 46 45 45 43 42 41 39 40 41 42 43 43 44 44 45 45 43 43 45 46 40 41 41 40 42 43 44 43 46 47 45 47 45 46 44 44 45 47 47 48 49 50 48 46 46 45 44
37 40 40 44 42 47 40 39 38 47 47 43 40 41 40 41 42 42 43 43 45 48 42 49 51 50 52 51 49 54 53 54 52 53 51 50 51 47 46 45 47 45 45 43 44 45 45 45 45 44 45 44 43 41 40 40 40 41 42 42 42 43 45 43 43 43 43 45 43 41 41 44 41 40 41 43 42 43 44 46 45 46 46 46 43 46 47 49 51 51 49 46 45 44 44 42
41 40 44 44 42 47 49 47 47 38 39 39 38 41 40 41 41 41 42 43 43 46 42 47 46 48 45 50 53 50 52 52 54 55 55 51 51 48 47 47 45 45 44 45 45 44 43 42 43 43 43 43 43 41 41 40 40 41 41 41 42 42 46 45 43 43 42 43 42 41 40 41 43 41 43 43 43 40 44 45 45 47 47 46 44 45 49 49 50 51 47 45 44 44 45 44
47 41 44 43 46 47 46 46 44 40 40 39 39 40 40 40 40 42 42 42 42 43 44 47 50 51 51 52 49 51 52 51 54 55 56 53 52 48 47 46 44 46 43 42 42 43 41 43 43 42 40 43 43 41 40 38 40 40 41 40 41 42 44 46 44 44 44 45 43 41 40 42 41 41 43 44 43 43 43 45 46 46 49 50 47 46 51 53 52 52 50 48 45 45 45 44
41 40 44 44 47 46 44 44 43 42 41 39 39 39 40 40 40 42 42 43 42 43 44 48 47 48 49 48 49 50 49 53 55 57 59 56 53 48 46 45 44 42 43 40 41 42 43 42 39 40 39 41 43 40 37 35 38 38 38 38 39 40 43 45 44 45 45 44 43 41 39 39 40 40 41 44 46 45 45 44 46 47 49 50 48 49 52 54 51 49 47 47 47 44 44 45
42 42 49 43 43 42 43 45 45 44 42 40 41 40 40 40 41 42 42 43 43 44 44 48 49 49 47 50 49 47 49 52 56 59 59 54 52 50 47 46 44 42 42 40 43 44 43 41 41 38 38 38 37 38 37 34 37 37 37 36 38 39 42 43 44 42 44 43 42 42 38 41 40 41 42 43 45 44 43 43 44 47 47 49 50 51 53 51 49 47 45 44 44 43 45 45
42 44 52 47 44 40 40 43 44 43 41 40 42 42 40 41 41 42 42 43 44 44 43 44 48 49 46 46 47 49 51 53 52 53 54 55 54 50 47 45 45 45 44 41 43 43 42 41 40 41 41 41 38 37 35 33 35 35 37 35 35 37 41 40 42 41 41 40 40 41 38 43 41 43 44 46 44 43 41 45 43 47 47 48 50 50 51 50 50 48 43 40 40 42 45 47
43 44 42 40 40 39 40 40 42 42 40 41 44 44 40 40 41 41 42 43 44 44 44 42 42 45 44 47 47 44 47 51 47 54 52 54 52 48 47 45 48 46 44 42 41 40 42 41 40 38 38 38 38 37 34 32 35 35 35 35 37 36 39 38 41 40 38 38 40 39 37 41 43 43 43 44 43 45 45 45 43 45 48 50 50 50 50 47 47 45 43 40 43 44 40 44
42 42 42 40 40 40 41 42 40 40 40 42 45 44 44 40 41 41 42 42 43 43 43 43 43 46 47 49 48 51 51 47 51 52 52 50 48 50 49 46 46 46 45 42 39 42 41 43 41 40 38 37 38 36 35 34 33 34 35 34 35 37 38 38 37 39 39 38 38 37 40 38 42 42 44 44 41 45 44 42 44 46 46 48 50 48 50 47 46 43 39 37 41 41 42 41
42 42 40 41 40 40 45 44 40 42 41 43 46 43 46 45 41 46 46 46 44 44 43 43 43 44 48 49 50 51 52 52 50 47 47 48 52 53 50 47 48 45 43 40 38 41 40 43 42 38 38 37 32 34 32 33 34 33 34 35 35 34 38 37 36 36 38 39 40 41 41 42 42 42 43 44 44 44 43 43 42 44 46 44 45 45 45 45 46 45 42 39 40 42 40 41
