grids/precipitation/aug/RSMS_08_1883_01.asc
NCOLS 654
NROWS 866
XLLCORNER 3280414.711633467
YLLCORNER 5237500.62890625
CELLSIZE 1000
NODATA_VALUE -999
[rows 468 to 519 of 866, columns 384 to 479 of 654]
37 36 36 36 36 35 36 37 37 37 37 38 38 37 36 34 33 31 31 31 33 33 33 36 35 34 34 38 39 38 37 37 39 40 40 38 40 40 41 41 40 40 39 41 41 41 40 40 39 40 40 40 39 40 41 43 43 43 43 43 43 43 43 44 44 44 45 46 46 46 44 44 43 42 41 43 43 43 43 44 43 42 42 43 43 44 44 44 44 44 43 45 46 45 44 44
37 37 36 36 35 36 34 33 33 35 36 34 33 33 34 34 32 31 34 34 35 34 34 35 36 35 36 36 39 38 39 37 40 40 40 40 39 42 41 41 41 40 40 41 42 41 41 40 41 39 39 40 40 40 39 43 43 42 41 43 43 42 41 42 44 44 45 45 45 46 44 44 43 43 41 42 42 43 43 43 44 42 42 43 44 44 44 45 46 44 44 44 44 44 45 44
38 37 39 38 38 37 37 35 36 34 33 34 33 34 32 33 32 31 35 36 37 36 36 36 37 36 37 37 38 38 37 37 39 38 41 42 41 41 41 40 41 40 39 40 41 41 39 39 39 41 40 39 39 40 40 41 42 42 41 41 41 43 43 43 43 44 44 45 44 45 44 45 44 42 41 41 41 41 43 43 43 41 43 43 42 44 45 46 45 45 46 46 44 45 46 44
39 39 39 37 35 37 36 39 38 38 39 37 37 36 34 33 33 32 31 34 36 36 37 37 37 37 36 38 38 38 38 39 38 38 41 42 41 39 41 39 40 40 40 39 39 39 39 39 38 39 39 39 39 41 41 40 41 42 42 42 42 42 42 41 42 44 43 44 44 44 45 44 44 43 43 41 42 42 43 42 43 41 42 43 44 44 44 45 45 45 45 45 45 46 44 46
40 40 39 39 37 35 35 36 37 39 37 37 35 34 34 33 32 32 32 36 37 37 37 37 37 37 35 36 37 37 38 40 38 38 41 42 41 40 39 40 39 39 38 38 38 38 39 39 38 38 38 39 39 40 40 42 42 43 43 42 43 43 42 42 42 42 44 45 44 45 45 45 44 43 43 43 42 43 43 43 43 41 42 43 44 44 45 44 45 46 46 46 46 46 45 46
39 41 38 36 36 35 36 35 34 34 36 39 35 35 34 33 32 34 34 36 36 36 37 38 38 37 37 38 38 37 39 40 39 39 39 41 40 39 38 40 39 38 38 38 38 38 39 39 38 38 37 38 40 40 42 42 41 42 42 43 43 43 42 42 43 43 44 45 44 45 45 45 44 43 44 43 43 43 44 44 43 42 42 44 44 44 46 44 45 46 46 46 45 48 46 47
38 37 36 36 36 38 35 37 36 35 34 34 34 32 33 32 35 35 36 36 38 38 38 37 37 37 37 37 38 38 39 40 39 38 39 40 40 39 38 38 38 37 37 38 38 38 39 39 39 39 39 39 38 41 42 42 42 43 41 42 43 42 43 43 43 43 44 43 43 44 45 44 43 44 43 42 42 44 44 43 42 42 43 43 45 45 46 45 46 46 48 48 47 46 48 46
37 38 38 35 37 37 37 38 40 40 36 33 34 32 33 33 36 36 36 35 36 38 37 36 37 38 37 37 38 37 37 38 37 37 37 38 39 38 37 37 36 36 37 37 38 38 38 40 40 39 39 39 38 41 41 41 41 41 42 43 41 43 43 44 43 43 43 43 43 43 44 44 44 43 42 42 43 45 44 43 43 42 42 43 45 45 46 46 45 47 48 47 48 47 46 47
36 37 36 35 38 38 35 38 38 39 36 33 32 34 34 35 33 35 36 37 36 38 35 37 37 37 38 38 37 37 37 36 36 36 36 36 37 37 37 37 37 37 36 38 38 38 39 40 40 39 39 37 38 40 41 42 43 43 41 41 43 42 44 45 43 42 43 43 43 43 43 44 43 43 43 43 43 43 43 43 43 42 42 43 44 45 46 46 46 47 46 46 47 48 46 47
38 39 38 35 38 36 36 36 34 34 33 33 33 36 36 34 36 33 34 36 36 35 36 37 37 35 36 36 36 37 36 37 37 37 37 37 37 37 37 37 38 38 37 38 39 39 40 41 40 39 37 39 40 39 41 43 43 41 40 41 43 43 44 44 42 42 42 44 43 43 43 43 42 42 43 44 45 43 43 43 43 43 43 43 43 44 46 46 48 47 46 48 48 47 48 47
37 38 40 36 34 34 33 33 33 36 36 38 37 35 36 36 36 36 34 33 34 35 35 36 35 35 35 36 36 37 37 38 38 38 38 38 38 38 38 38 38 38 38 38 40 39 41 40 39 38 39 39 38 39 40 40 41 41 42 41 42 42 41 42 40 42 42 43 43 42 42 42 43 42 42 42 43 43 43 43 43 43 43 42 45 44 46 46 47 48 47 48 48 48 48 48
35 38 36 33 33 33 33 34 38 37 40 37 36 37 35 35 36 36 36 33 33 35 34 34 34 33 35 35 37 38 38 39 39 38 40 39 40 39 39 38 37 37 37 38 37 39 39 39 38 39 39 40 37 39 39 40 40 40 41 40 40 39 40 41 42 43 43 43 43 43 42 42 42 41 42 43 42 43 43 43 44 43 43 44 44 45 45 46 47 48 48 48 50 48 49 48
34 35 33 34 34 35 34 37 37 38 39 38 37 38 36 35 36 36 35 33 33 34 34 33 34 35 35 37 38 38 40 39 40 40 41 41 41 40 39 38 37 38 37 38 38 37 37 38 38 40 39 40 38 39 40 40 39 40 41 41 39 41 41 41 41 42 43 43 43 43 42 42 42 42 42 43 43 43 44 45 45 45 43 43 44 45 46 47 47 48 48 50 50 50 48 48
33 34 34 39 38 35 36 39 39 38 39 37 39 39 36 35 34 35 34 33 33 33 33 34 35 36 36 37 40 39 40 41 41 40 40 40 39 39 38 37 37 38 38 38 38 37 37 40 39 38 39 39 39 39 39 40 41 40 40 41 41 42 43 42 42 43 43 42 42 42 42 42 42 42 42 43 44 44 45 45 45 46 46 43 45 45 46 47 47 47 47 48 50 48 48 47
36 38 37 38 37 39 38 39 38 41 40 38 39 37 36 34 34 34 34 33 33 33 34 35 36 37 38 38 40 40 41 41 40 39 38 38 38 38 37 37 37 37 37 36 37 37 36 38 39 38 39 40 39 39 39 40 41 40 40 41 38 43 41 41 43 42 42 42 42 43 43 42 42 42 42 42 43 45 45 46 46 46 46 45 44 43 46 47 46 47 46 48 48 47 47 47
35 37 39 41 38 37 37 39 39 42 39 39 38 36 35 35 34 34 34 34 34 34 35 36 37 37 39 38 41 41 41 40 39 38 39 38 37 37 36 36 37 37 36 36 37 36 35 38 36 37 39 39 39 39 39 40 41 41 41 41 41 38 39 41 42 41 41 43 42 42 43 42 42 42 42 43 43 45 44 44 44 45 44 44 44 44 44 44 45 46 47 47 47 48 47 46
35 39 41 37 40 39 38 41 41 40 38 36 35 35 34 34 35 36 36 36 36 36 36 37 38 39 40 40 40 40 40 40 40 39 38 39 38 37 37 37 36 36 36 37 36 35 35 37 37 37 37 40 39 39 39 40 40 41 41 40 40 38 40 42 41 39 41 43 43 43 43 42 42 42 42 43 43 44 44 44 45 44 45 45 43 44 44 44 44 45 46 44 46 44 45 46
35 38 37 38 37 38 39 39 38 37 36 34 34 34 34 34 34 35 36 38 38 38 37 39 40 41 40 40 39 40 40 40 40 40 39 39 38 38 37 35 35 35 36 35 35 35 36 36 36 38 37 39 39 39 40 40 41 40 41 41 41 39 39 39 41 41 42 44 44 44 43 42 42 43 43 43 44 45 45 44 44 44 44 44 44 46 46 46 45 45 45 45 45 46 46 48
36 35 36 36 36 37 38 37 36 36 35 34 35 34 34 34 35 37 38 40 41 40 40 39 40 39 40 39 39 39 39 38 38 39 39 38 37 37 37 35 35 34 35 34 35 35 35 36 36 37 37 38 38 38 40 40 41 41 41 41 42 40 41 42 41 42 43 42 43 44 44 43 42 43 44 44 43 44 44 43 42 42 43 44 44 46 49 48 47 46 47 48 48 48 48 46
36 36 36 36 37 38 38 36 36 36 36 36 36 35 34 35 36 38 41 42 41 40 40 39 39 39 38 38 39 38 38 37 38 38 38 37 36 36 36 35 35 34 35 35 35 36 35 35 35 36 38 38 38 38 39 39 40 40 42 42 40 40 38 41 40 40 41 42 42 43 42 43 43 43 43 43 43 43 42 41 41 39 41 44 45 46 48 50 48 48 49 50 50 49 47 45
37 37 36 37 39 40 41 38 38 38 37 37 38 39 37 38 38 40 40 41 39 40 39 39 39 39 37 39 39 39 37 38 38 37 37 37 36 36 35 35 36 34 35 36 36 37 36 36 35 36 37 38 39 40 40 41 40 39 41 39 40 41 40 40 41 41 41 42 42 42 42 43 42 42 42 42 43 42 42 40 40 39 41 45 47 46 48 50 50 50 51 50 50 48 49 45
39 37 37 37 40 41 39 39 36 37 38 39 40 40 38 40 39 39 40 41 38 40 40 41 38 38 39 39 38 38 38 37 37 37 37 37 36 35 35 34 34 34 36 36 37 36 37 37 36 36 36 37 40 39 40 40 40 40 40 38 41 43 42 41 41 40 40 40 42 41 42 42 41 43 43 43 42 42 41 40 41 40 41 44 46 47 47 49 50 51 51 49 50 48 47 46
40 38 38 37 39 36 34 35 40 40 41 40 40 39 39 39 38 38 40 39 38 40 41 38 41 41 40 39 38 38 37 37 37 36 36 36 36 35 35 34 36 35 36 35 36 37 38 36 36 36 37 37 38 38 37 37 38 38 39 37 40 40 40 41 41 41 41 41 42 42 41 41 43 43 43 42 42 41 41 40 41 41 41 44 45 47 48 50 51 51 50 50 47 47 48 48
43 41 38 35 35 34 37 34 33 36 38 37 39 38 35 37 37 40 40 37 39 40 39 43 39 40 39 39 38 38 38 37 36 36 35 36 36 36 35 37 37 36 37 37 36 37 37 36 37 37 37 37 37 37 37 36 37 37 38 37 38 40 41 42 40 40 41 40 39 42 41 42 42 43 42 42 42 42 40 40 40 41 42 45 46 47 48 52 52 51 50 48 46 48 48 48
43 42 39 39 36 36 38 35 36 37 33 39 36 40 35 36 35 37 35 36 35 34 37 41 40 40 39 38 38 39 37 36 35 36 35 36 36 36 37 38 37 36 36 37 36 36 37 36 38 38 37 37 36 35 37 36 38 37 39 37 39 40 40 41 41 38 41 41 39 40 42 41 41 42 42 42 42 43 41 39 41 40 42 46 47 47 49 51 52 53 52 49 47 49 50 48
44 42 39 42 40 39 41 34 39 40 38 43 43 40 41 41 37 37 34 36 39 34 34 37 39 39 38 38 38 38 36 36 36 36 35 35 36 37 37 38 37 37 37 37 37 38 36 37 37 38 37 36 36 35 35 38 38 38 38 39 38 39 40 41 41 40 41 41 40 39 39 41 41 40 40 41 42 42 42 41 42 42 43 45 47 49 51 51 52 55 53 51 50 50 50 50
45 40 43 39 39 37 34 37 39 41 43 45 42 40 42 42 42 39 39 38 38 36 37 35 38 37 37 37 36 36 35 36 36 35 35 37 37 36 36 36 37 37 37 38 38 37 36 35 37 36 36 35 35 36 35 36 38 38 40 39 40 41 41 41 42 41 41 41 40 40 40 39 39 41 41 40 41 41 42 43 43 44 44 46 48 48 52 53 55 55 55 53 52 50 51 51
42 41 40 38 35 36 40 36 41 39 42 41 43 43 43 38 39 41 39 37 38 38 36 36 33 33 35 34 35 35 36 36 36 38 38 37 39 38 37 37 37 36 38 37 37 37 37 35 35 34 35 36 35 35 36 37 37 39 39 39 40 41 41 41 41 41 42 42 41 41 41 39 40 40 41 41 41 42 42 43 44 44 46 47 49 49 53 54 56 54 55 54 52 54 52 50
44 42 42 38 41 43 45 41 39 37 42 37 37 42 42 41 40 41 39 40 37 38 37 35 36 36 33 34 36 37 37 35 37 37 37 38 39 38 38 38 38 37 37 37 36 37 36 36 35 35 35 36 34 37 37 38 38 38 40 40 40 41 41 41 41 41 41 42 42 42 41 40 40 40 43 41 43 42 44 44 45 47 48 48 49 50 54 55 55 54 53 52 54 56 54 50
43 42 39 36 39 43 46 43 39 38 39 40 42 43 39 41 41 41 40 40 38 37 37 37 37 36 36 34 37 37 37 38 39 38 38 40 39 38 39 38 37 37 35 36 36 37 36 35 35 33 32 34 35 35 36 37 37 38 39 41 40 42 41 41 41 41 41 42 42 42 41 40 41 42 44 42 42 43 43 45 45 46 47 48 49 51 53 52 53 52 53 52 54 54 52 54
39 41 37 45 44 45 45 43 40 43 40 42 43 41 42 41 41 41 40 40 40 37 39 39 38 38 37 35 34 35 35 38 39 40 40 39 39 40 40 39 37 37 36 36 36 37 36 37 35 34 34 35 36 35 36 37 38 39 39 39 40 41 39 40 41 40 42 41 41 41 40 40 42 43 44 45 43 43 44 45 46 47 48 50 52 51 53 54 53 52 50 49 53 53 51 56
44 38 38 46 42 44 45 44 45 43 41 42 41 43 42 41 41 42 41 40 39 38 39 40 38 38 37 37 37 36 38 38 38 39 38 37 38 39 39 39 38 37 36 36 36 36 36 36 35 35 33 35 35 35 35 36 37 37 39 39 38 41 41 40 41 41 41 40 40 41 42 43 43 43 44 45 44 43 44 46 47 46 50 52 51 50 51 53 51 50 49 50 50 48 54 56
40 40 42 40 39 41 46 45 46 43 42 42 41 44 42 42 42 40 39 38 38 37 37 39 39 39 38 38 38 39 36 37 38 37 37 37 37 38 38 39 38 38 36 36 36 37 36 35 35 34 34 37 37 35 35 36 37 36 37 38 38 40 41 41 41 39 40 42 42 41 42 43 45 44 45 46 45 45 46 46 47 49 50 51 51 52 51 50 50 50 49 50 50 50 53 53
42 43 42 42 43 40 43 44 45 44 42 37 43 42 41 41 42 40 40 39 39 39 41 40 39 38 36 36 35 36 38 35 37 36 36 39 38 38 40 40 39 38 37 37 36 37 35 35 35 35 35 36 37 36 35 36 36 36 37 37 37 38 41 41 40 41 42 42 42 41 42 44 45 46 46 46 45 46 47 46 48 50 50 50 51 52 52 50 52 51 49 50 51 53 53 55
41 38 39 40 44 41 41 39 42 45 44 41 40 37 40 40 39 38 38 39 39 39 39 40 38 37 38 38 35 36 39 39 38 39 37 41 38 39 39 40 39 37 36 36 37 36 36 36 34 35 35 35 36 36 36 36 36 34 35 35 36 38 40 41 40 42 42 43 42 42 43 45 46 46 47 48 46 47 48 48 50 49 50 49 49 52 51 50 51 51 51 52 51 54 53 54
46 43 45 42 41 39 44 43 40 45 43 41 40 41 38 39 40 39 39 40 41 41 39 39 39 38 37 38 35 35 36 37 36 38 39 39 39 40 39 39 38 38 36 36 37 37 37 36 36 37 36 35 35 36 35 35 34 33 34 35 37 37 39 40 40 41 43 44 43 43 43 45 46 47 47 48 46 48 49 50 51 50 50 50 50 49 50 51 53 55 54 52 53 55 54 55
47 47 46 43 42 42 43 44 44 43 44 43 40 44 42 39 39 40 40 41 41 40 39 39 38 38 38 38 36 35 35 37 37 36 38 38 39 40 39 38 38 38 36 36 37 37 36 38 37 36 36 34 35 35 34 34 33 33 34 36 38 37 38 40 41 40 43 45 43 43 44 45 47 47 48 48 48 48 49 51 51 51 50 50 51 49 52 54 55 56 56 56 55 53 56 56
46 43 44 38 40 43 42 45 45 44 44 40 40 42 42 40 39 40 44 42 41 41 40 38 38 38 38 38 37 35 36 38 38 38 39 38 40 40 39 39 39 37 36 36 37 37 35 36 39 38 35 34 34 34 33 34 35 34 35 37 38 37 39 41 41 41 43 43 43 44 45 47 47 48 49 49 49 49 51 51 51 52 53 50 51 52 53 54 56 57 57 58 56 54 58 57
41 42 39 42 41 38 43 41 46 45 43 43 44 43 43 41 39 40 41 42 40 39 39 39 38 38 37 36 35 37 38 38 38 38 38 38 39 39 39 39 39 37 36 36 36 37 36 36 36 36 35 34 34 32 34 34 35 35 35 37 38 38 40 41 42 42 43 43 43 45 46 48 48 48 50 49 51 50 51 51 50 50 50 50 53 54 54 54 55 57 58 59 57 55 60 59
46 44 45 41 44 40 44 43 44 45 44 44 43 43 42 41 39 42 43 42 41 39 39 39 39 38 37 35 35 38 37 38 39 39 39 39 38 39 38 39 37 36 35 34 35 35 36 35 35 35 34 34 33 32 34 35 34 36 36 38 39 38 41 42 43 43 43 45 44 44 47 49 49 49 50 51 52 51 51 51 52 50 51 51 52 53 56 56 56 57 58 58 57 56 58 57
47 46 44 41 41 45 45 43 45 46 48 43 43 42 41 39 44 44 43 42 41 40 39 39 38 39 35 36 37 37 38 39 39 39 39 38 38 39 38 39 37 36 36 35 35 35 36 36 35 35 34 33 33 33 34 34 35 35 36 38 40 40 41 41 43 43 44 46 46 46 47 48 48 49 51 49 51 52 51 52 52 51 53 53 54 53 56 57 58 57 56 58 57 58 56 57
48 47 45 44 42 43 45 45 44 48 46 44 43 42 40 39 41 43 42 42 41 40 40 40 38 37 36 36 38 38 39 38 39 39 37 37 39 38 38 37 38 39 36 35 35 34 33 35 35 35 36 35 33 34 33 34 34 34 36 38 39 39 40 42 41 43 43 43 45 47 47 48 50 50 51 50 51 52 52 53 54 52 53 55 55 54 56 55 57 60 58 59 58 59 57 59
47 45 45 43 42 44 44 47 46 48 46 44 41 41 41 41 41 40 43 43 42 42 39 38 38 35 36 35 37 37 39 38 39 37 36 38 38 38 37 37 38 37 37 35 33 32 32 33 34 36 35 35 33 32 32 31 32 34 35 36 37 38 39 40 43 42 43 43 45 48 47 48 51 51 53 53 53 52 53 54 54 54 54 56 57 54 56 58 59 59 58 58 59 59 58 58
47 46 45 44 42 44 44 44 46 45 48 42 43 44 42 41 40 42 41 43 43 42 40 37 36 37 36 37 38 39 37 38 37 38 37 37 38 38 36 37 37 37 36 35 34 32 32 33 34 34 35 35 33 34 34 34 35 34 34 35 36 37 38 41 41 41 42 44 44 45 45 47 50 50 54 53 52 53 54 55 56 57 57 57 57 57 57 58 59 59 58 59 -999 -999 -999 -999
47 45 45 43 42 44 44 44 45 45 43 44 43 44 44 41 41 41 43 43 44 44 40 39 36 36 35 38 39 39 36 36 36 36 37 38 38 37 39 37 36 37 36 35 35 35 33 35 35 32 34 34 35 34 34 34 35 35 36 36 36 36 39 40 41 42 43 42 44 45 47 48 50 51 54 53 53 53 55 55 55 57 59 58 59 60 61 60 -999 -999 -999 -999 -999 -999 -999 -999
43 43 44 44 43 44 42 43 44 42 43 42 42 41 42 41 41 42 43 43 43 41 41 41 38 39 35 38 39 38 35 35 36 38 37 37 38 39 37 36 37 36 36 35 35 35 35 36 35 36 33 35 35 34 35 34 34 36 37 37 38 36 37 39 41 42 43 44 46 46 47 49 50 52 51 53 54 54 54 54 54 57 60 60 61 -999 -999 -999 -999 -999 -999 -999 -999 -999 -999 -999
44 44 43 42 45 45 42 43 40 43 39 39 40 39 40 40 39 41 42 41 42 41 41 40 39 39 35 37 38 35 37 38 38 39 39 37 36 36 36 37 36 35 36 36 36 34 36 36 35 36 35 34 34 36 36 35 35 35 38 38 38 37 39 38 40 41 43 43 44 45 47 49 49 52 52 52 52 55 57 58 59 59 63 62 -999 -999 -999 -999 -999 -999 -999 -999 -999 -999 -999 -999
45 47 42 44 45 44 41 42 40 41 38 37 36 35 38 38 40 40 41 40 40 42 39 39 39 39 37 36 35 37 37 38 38 38 38 37 36 37 36 36 35 37 37 36 36 35 36 36 34 35 34 33 34 34 39 36 35 35 36 39 38 38 36 39 40 40 41 42 43 44 45 47 48 51 51 52 53 54 55 58 61 63 70 -999 -999 -999 -999 -999 -999 -999 -999 -999 -999 -999 -999 -999
45 45 43 45 44 44 43 42 43 41 38 38 34 37 37 38 38 39 41 41 41 40 39 37 37 37 35 38 36 39 39 38 39 38 36 36 36 35 37 36 36 36 36 37 36 35 35 35 34 33 33 35 33 34 36 36 36 35 36 39 38 37 38 38 38 38 40 42 43 42 45 47 50 51 50 50 52 52 53 59 61 64 77 -999 -999 -999 -999 -999 -999 -999 -999 -999 -999 -999 -999 -999
44 43 42 45 44 42 40 40 42 41 37 37 32 32 33 37 39 40 41 43 41 40 41 40 39 38 36 38 38 39 37 39 40 40 38 37 35 36 35 36 36 36 35 36 35 36 35 35 34 32 34 35 34 35 36 36 36 35 37 39 38 38 39 38 38 40 41 43 44 44 45 47 48 49 49 51 51 53 53 56 58 64 71 72 -999 -999 -999 -999 -999 -999 -999 -999 -999 -999 -999 -999
46 45 46 46 45 42 42 43 40 41 38 37 35 35 34 38 40 40 43 43 43 42 41 41 40 38 36 36 37 40 39 38 39 38 38 38 37 34 34 36 36 36 35 36 35 34 36 35 33 34 34 34 33 35 35 37 36 36 37 38 39 40 39 38 37 40 40 41 42 43 44 46 46 49 49 49 50 52 54 57 60 65 -999 -999 -999 -999 -999 -999 -999 -999 -999 -999 -999 -999 -999 -999
48 47 47 40 44 40 39 42 41 42 40 36 35 37 34 39 40 41 42 42 44 42 40 39 39 37 36 38 39 39 36 40 38 39 38 38 37 37 36 34 33 34 34 34 33 34 34 34 34 33 33 34 33 33 34 36 36 36 38 37 39 38 38 39 39 39 38 41 41 42 43 44 45 46 46 49 49 51 52 55 57 -999 -999 -999 -999 -999 -999 -999 -999 -999 -999 -999 -999 -999 -999 -999
