grids/precipitation/aug/RSMS_08_1883_01.asc
NCOLS 654
NROWS 866
XLLCORNER 3280414.711633467
YLLCORNER 5237500.62890625
CELLSIZE 1000
NODATA_VALUE -999
[rows 416 to 467 of 866, columns 96 to 191 of 654]
61 59 57 56 58 55 57 58 53 62 62 58 56 57 63 59 60 59 58 58 52 57 59 56 54 63 66 65 55 52 53 63 65 69 67 61 66 63 64 59 57 54 51 53 52 50 51 52 54 51 50 50 49 51 49 52 54 54 50 50 51 51 55 57 54 54 56 56 61 54 54 57 53 56 54 58 55 53 58 59 58 56 57 62 59 59 63 57 54 58 58 63 65 64 61 62
56 57 56 54 54 54 55 56 52 56 56 63 57 62 64 60 60 61 60 63 56 57 58 63 59 61 65 69 66 54 58 59 61 63 62 58 60 65 61 63 58 54 51 55 51 51 51 50 51 49 49 50 50 52 53 50 50 57 57 55 51 59 55 57 54 54 61 62 57 54 58 55 57 55 55 55 55 56 58 59 65 56 55 66 63 57 65 55 57 57 59 60 66 62 63 68
58 54 52 55 55 57 58 55 58 60 56 58 60 65 61 61 61 60 61 63 54 60 65 66 64 60 65 66 65 59 64 59 67 69 63 60 60 64 57 56 54 52 54 53 53 55 53 52 52 49 47 51 51 55 55 56 54 53 55 54 54 58 55 55 53 50 52 58 58 58 57 53 54 55 55 55 55 61 61 61 68 57 58 64 63 61 61 57 57 58 61 59 58 66 66 63
56 56 56 58 62 60 62 55 56 62 61 55 61 60 64 63 61 56 59 56 56 58 59 58 64 62 64 63 68 63 65 63 65 64 62 60 62 60 56 54 54 52 57 56 57 55 56 51 54 51 46 50 54 55 57 55 56 57 63 58 58 62 58 60 60 53 51 55 55 57 57 53 53 53 56 60 55 62 66 64 59 55 56 65 58 63 63 57 58 59 64 61 61 65 65 61
55 58 62 56 60 58 61 60 60 61 62 58 57 63 62 65 61 57 59 61 54 58 62 62 59 66 64 68 69 67 65 66 61 60 56 61 60 58 58 59 58 57 54 55 57 56 57 56 52 51 52 56 55 60 60 60 56 57 58 60 60 60 63 60 56 55 55 53 54 56 57 54 52 59 62 62 56 56 62 64 63 56 57 61 59 63 63 58 61 58 63 66 65 65 67 67
55 61 58 53 58 58 60 62 61 61 63 64 62 61 60 63 63 62 59 62 55 61 61 63 65 64 65 65 65 63 63 64 64 61 54 52 54 58 54 59 60 58 58 58 59 58 59 55 54 54 52 58 58 61 65 62 58 62 63 61 62 63 63 63 61 55 54 53 55 56 55 54 54 59 61 57 60 57 57 60 57 58 57 64 57 59 60 60 67 63 63 67 66 64 67 67
62 60 58 60 55 54 58 60 64 62 63 64 62 60 61 62 65 63 61 62 61 64 65 63 65 63 61 58 59 61 59 65 62 61 56 58 50 49 52 48 49 60 60 59 59 59 59 59 57 56 54 56 60 63 66 62 62 68 65 64 67 61 60 57 55 53 55 54 57 52 52 57 56 53 57 60 61 57 57 59 57 60 57 64 60 61 57 59 65 63 59 61 65 67 66 65
57 62 55 57 54 54 58 60 62 62 63 64 59 64 66 64 66 64 63 61 54 61 61 63 65 63 63 61 62 57 59 63 62 61 60 56 55 50 57 55 49 50 55 59 62 59 57 60 58 60 59 58 60 68 66 65 67 73 68 62 59 58 55 57 57 54 57 53 52 52 55 57 53 59 54 55 59 57 59 55 57 57 57 59 59 59 56 59 65 64 61 59 67 68 67 62
60 60 55 57 58 57 59 60 64 64 63 64 60 63 63 64 64 62 60 62 61 56 56 62 61 58 61 61 61 59 60 64 61 56 57 60 57 53 54 57 53 49 54 57 55 57 53 56 61 62 64 62 61 64 68 67 71 69 65 62 62 66 61 55 58 54 58 55 53 57 58 55 58 55 58 59 61 63 59 63 58 58 59 59 62 60 57 57 63 63 61 63 59 60 62 67
62 62 57 60 57 53 57 62 62 63 64 62 62 64 60 65 62 64 63 63 61 64 63 61 62 63 63 58 60 59 58 58 60 60 54 55 57 60 61 60 58 54 50 49 49 50 52 54 56 62 53 53 55 60 67 67 68 64 65 62 64 61 58 58 57 54 58 57 52 53 53 56 57 56 55 60 57 64 58 63 64 60 61 65 66 65 59 58 63 65 61 62 59 60 64 63
62 61 61 60 61 57 61 59 61 61 63 63 62 65 62 64 67 66 64 65 61 58 64 60 61 62 60 59 58 58 61 62 58 60 56 58 64 59 63 63 65 61 60 57 53 63 51 51 49 48 50 50 54 56 60 66 66 66 66 62 59 60 57 57 56 55 55 57 52 51 53 53 53 60 55 60 59 63 59 65 65 60 67 67 60 57 63 59 65 61 63 63 62 59 61 62
63 64 64 60 56 60 61 60 63 61 61 63 63 64 64 62 63 66 66 62 60 58 60 56 60 59 60 58 60 61 64 62 58 61 56 59 63 65 62 61 63 67 61 59 55 53 59 59 57 61 51 53 62 64 62 64 58 62 60 57 60 60 60 58 55 57 56 55 53 53 53 53 53 56 57 63 60 63 61 61 64 66 67 64 64 59 64 61 62 65 62 61 61 61 61 58
64 65 64 62 59 61 64 63 63 63 64 63 66 63 61 62 62 64 64 62 62 62 63 62 56 60 59 60 58 64 61 59 59 60 56 63 64 61 61 61 63 58 55 53 50 54 55 57 65 58 53 51 61 58 57 61 58 59 55 57 62 62 63 57 57 56 56 55 53 53 53 52 57 57 60 62 63 65 67 65 69 66 67 65 62 62 61 65 62 62 63 63 61 60 57 59
65 65 63 64 60 61 64 64 63 65 63 65 65 65 62 61 64 66 65 64 64 63 60 61 62 60 59 60 59 59 62 60 62 56 62 61 63 58 55 53 53 53 53 55 53 61 63 59 57 63 53 52 51 57 54 57 54 53 55 60 61 62 59 59 56 58 58 56 55 53 57 52 52 57 57 58 59 61 64 65 63 61 63 61 66 67 66 63 64 62 63 63 57 55 63 58
67 66 64 62 62 62 60 63 65 65 61 62 62 61 64 63 64 65 66 66 64 60 60 58 58 61 60 62 62 64 64 60 61 60 61 64 59 59 57 60 60 63 62 55 57 59 63 63 56 60 53 50 50 53 53 53 53 57 58 58 58 57 57 61 56 61 59 56 55 53 54 55 55 53 53 55 59 56 63 59 59 64 64 64 60 63 68 63 68 63 61 63 59 53 55 54
65 65 66 65 62 62 63 66 66 63 63 63 65 65 63 65 64 64 66 66 64 63 62 59 59 59 58 64 66 65 60 63 66 62 64 59 61 57 57 58 63 57 57 56 56 61 63 59 59 59 53 50 52 53 52 54 55 59 59 59 57 55 57 59 60 61 57 54 55 53 53 53 57 54 56 57 55 56 58 59 65 60 59 64 61 65 63 69 65 63 59 61 61 57 54 51
62 66 64 62 64 64 65 62 65 63 63 63 63 64 63 63 65 65 66 66 65 59 62 60 58 63 63 64 66 67 66 61 62 67 64 65 61 63 59 63 59 56 54 58 57 60 63 61 57 53 53 50 52 53 56 57 54 59 54 55 57 54 55 57 59 59 57 56 55 54 53 54 55 57 58 54 55 55 55 59 61 59 59 59 63 59 63 67 65 63 60 56 57 62 59 58
66 67 65 64 64 66 64 63 63 63 61 62 64 62 62 63 63 62 63 64 64 63 65 62 62 61 64 65 68 67 68 64 64 65 67 64 61 61 58 59 62 62 60 57 63 60 56 55 56 53 52 52 50 53 55 53 54 55 52 54 55 58 61 60 61 61 57 56 57 55 57 57 57 55 55 53 53 55 57 59 61 55 57 61 58 63 64 64 59 60 60 58 55 58 58 56
65 67 67 65 66 67 65 61 63 61 61 63 63 61 63 62 63 63 64 61 61 61 62 62 64 64 59 64 64 65 66 63 65 63 64 65 72 68 67 69 67 61 57 62 57 56 56 55 52 53 50 55 54 51 52 51 50 53 54 57 55 56 61 61 60 63 61 60 63 61 58 58 57 54 55 55 61 57 57 56 58 60 61 59 63 63 60 61 61 57 57 56 53 53 56 55
63 64 64 65 62 65 65 62 60 61 62 61 61 63 61 61 65 63 63 62 64 65 64 63 64 64 62 60 60 64 67 64 67 70 69 71 67 68 67 67 62 62 63 61 58 55 53 52 52 53 50 53 52 52 50 51 59 57 59 58 59 60 62 59 59 63 60 59 58 55 61 59 54 55 53 55 54 57 58 58 57 57 59 63 64 61 57 63 63 58 57 53 55 57 52 53
65 65 62 64 61 63 63 61 59 61 62 62 61 60 60 64 62 63 63 64 66 68 69 64 62 64 62 61 62 66 68 67 69 67 65 68 67 66 61 63 62 58 61 54 56 53 51 51 51 50 57 54 53 53 51 51 53 58 60 60 65 62 62 57 63 63 61 57 53 53 53 54 57 57 57 57 58 61 61 65 61 64 65 65 59 57 62 61 61 57 57 57 58 53 50 53
61 61 61 63 61 63 64 64 61 63 59 59 59 60 60 61 63 61 63 64 64 65 68 66 64 65 62 64 65 63 69 69 65 63 64 65 63 62 63 61 59 62 55 58 51 51 49 50 50 57 56 53 53 54 54 56 52 53 54 63 59 59 61 55 59 54 55 55 57 55 55 57 55 57 59 63 63 57 62 61 66 65 65 63 63 60 61 58 58 61 61 61 57 52 51 51
61 59 63 63 59 61 62 60 62 64 62 61 62 61 63 63 60 61 64 64 66 64 64 62 65 64 64 64 63 64 66 66 63 61 60 63 62 61 59 58 59 57 59 57 51 48 51 55 56 53 53 53 56 57 53 56 53 58 55 59 59 57 57 53 53 52 61 55 57 61 58 55 62 55 57 57 60 57 58 59 65 63 64 59 63 57 57 60 60 59 61 61 58 57 55 50
62 61 62 60 59 63 63 63 64 64 61 63 64 65 63 65 64 67 66 67 68 66 63 64 64 67 67 64 64 63 63 62 61 64 61 61 62 61 64 61 61 61 59 57 53 51 53 57 55 55 53 56 59 57 57 57 56 62 55 54 56 59 55 61 58 62 63 63 57 61 65 59 61 63 55 57 57 55 62 63 63 59 61 57 57 57 61 56 59 57 59 57 59 54 51 49
58 60 60 59 62 62 63 63 63 61 61 64 66 65 65 65 65 67 68 67 66 67 67 65 65 66 65 62 64 63 63 64 65 63 63 60 61 63 63 62 63 61 59 54 53 56 59 57 56 53 55 60 61 62 61 55 60 56 55 62 60 58 59 57 55 60 63 65 61 66 64 65 64 64 63 60 62 58 64 63 59 57 63 57 55 60 57 54 57 52 56 58 55 55 55 50
59 59 63 63 63 63 63 63 63 60 63 63 63 62 63 65 65 64 68 69 65 66 65 66 68 65 61 60 61 60 60 63 63 61 60 63 58 61 61 62 59 58 60 55 54 55 57 61 60 59 60 58 58 57 59 57 62 58 57 57 56 55 57 54 56 56 57 64 67 63 62 59 61 61 59 60 63 64 62 60 58 56 59 54 58 59 54 56 55 51 54 55 55 53 50 47
63 62 62 61 62 60 63 63 59 61 62 63 63 63 61 63 63 68 68 66 65 64 65 66 68 67 62 62 64 60 61 64 64 61 61 57 58 58 61 57 58 60 61 55 57 59 57 63 61 59 57 60 60 59 63 60 65 61 57 57 55 54 57 55 57 55 55 61 63 65 59 59 59 59 59 62 57 60 61 60 58 57 55 57 55 55 57 56 51 52 51 55 52 48 48 50
66 66 63 62 60 64 60 64 64 63 63 62 61 64 66 66 64 64 63 63 62 66 66 66 66 63 65 61 62 60 59 61 63 61 61 61 63 61 57 58 57 59 56 55 59 61 61 62 60 60 61 60 59 65 63 63 59 55 55 55 56 57 57 55 57 60 60 63 61 60 60 59 57 58 57 58 58 60 58 56 57 56 52 54 53 56 55 55 48 50 48 50 48 49 49 49
64 61 62 64 62 61 64 63 64 63 64 61 64 63 64 63 64 65 63 62 64 64 68 64 66 68 66 57 59 61 59 59 65 65 59 63 61 60 61 62 58 58 56 55 59 59 61 61 64 63 63 63 63 64 59 57 57 62 59 55 60 55 57 61 61 63 61 62 60 58 62 61 59 56 60 57 55 59 54 54 55 53 56 55 57 57 55 55 53 50 49 50 48 49 48 50
66 64 63 61 60 63 64 66 64 63 60 63 60 64 61 62 63 63 64 65 64 66 64 63 60 65 62 61 63 59 61 62 65 63 64 63 62 63 61 61 60 58 57 59 59 57 62 63 60 62 65 63 66 61 57 61 62 58 57 57 63 57 57 57 62 63 59 58 60 56 63 59 59 55 58 57 55 57 53 55 52 53 54 55 57 54 55 53 50 48 51 50 48 47 44 48
61 63 62 62 63 63 63 63 62 59 65 65 63 63 60 65 67 62 65 70 65 62 62 66 62 64 62 58 60 66 65 59 56 56 62 59 61 62 61 61 59 56 60 59 59 60 61 59 63 63 63 61 60 58 62 67 59 60 58 61 59 59 62 57 59 63 61 59 60 57 57 56 55 59 54 55 53 53 53 53 50 53 53 55 56 53 51 52 51 51 51 49 47 46 46 44
62 60 60 61 61 62 62 61 64 59 69 66 68 66 66 67 60 62 65 64 64 63 63 62 63 63 58 62 64 60 59 55 57 62 61 61 62 59 58 59 59 55 57 57 57 59 57 59 63 63 61 61 59 60 60 62 59 62 63 61 65 59 61 59 60 60 62 62 61 58 57 57 57 59 59 59 53 53 51 51 50 54 52 56 53 53 50 50 51 48 51 48 50 44 43 44
62 63 58 60 62 61 60 62 61 63 66 68 66 60 60 66 66 62 66 62 64 64 62 58 60 62 59 62 57 56 53 58 60 63 63 62 59 57 57 59 57 57 55 59 61 62 61 60 62 63 63 61 57 59 63 62 63 59 61 63 63 63 63 57 58 63 63 62 61 61 61 61 61 59 60 55 53 54 51 50 50 51 50 53 50 50 51 49 48 47 48 46 46 44 43 44
59 61 58 61 61 60 62 62 62 62 66 66 64 59 64 64 64 62 61 62 65 60 60 60 60 62 58 57 66 57 57 59 59 59 63 60 61 63 61 57 58 58 58 61 60 61 57 61 61 61 59 55 57 65 63 63 61 61 63 58 58 61 62 63 61 65 67 64 62 61 61 59 59 61 60 56 54 53 53 51 52 50 48 50 48 48 47 51 48 45 48 46 47 42 42 42
62 58 60 64 64 62 66 62 63 65 65 63 62 60 64 63 62 64 64 64 66 63 59 58 57 57 56 56 60 60 62 61 61 63 63 65 62 60 59 57 61 59 57 60 60 59 61 58 59 57 55 55 56 58 57 59 60 62 63 59 61 56 61 58 63 65 66 64 64 61 64 58 60 59 59 57 55 53 54 53 53 53 51 48 48 50 49 46 49 44 46 51 46 46 42 45
57 61 62 62 60 61 62 64 66 68 59 65 60 64 64 61 62 62 57 66 64 61 58 60 63 64 64 60 60 56 59 59 61 65 65 64 61 59 59 60 59 57 58 60 63 63 61 61 61 58 54 55 57 58 62 57 58 63 58 58 56 56 57 60 67 64 64 64 63 62 61 59 59 58 59 58 54 54 57 55 57 54 51 51 48 50 48 44 47 44 43 47 46 45 42 46
57 59 57 62 63 64 66 66 67 60 59 60 60 61 59 66 56 65 60 55 58 58 62 62 63 62 62 58 56 55 59 57 61 63 65 61 62 61 62 63 63 58 57 57 58 60 61 62 61 57 53 55 59 67 63 61 56 59 58 60 57 58 57 59 65 67 65 61 61 63 62 59 61 60 59 57 56 57 55 55 57 55 54 50 48 48 50 46 45 42 42 42 45 41 41 42
57 59 60 65 60 59 61 58 62 64 64 66 66 63 64 65 63 62 60 59 60 61 60 63 61 61 60 58 60 57 57 56 58 60 65 65 65 64 64 63 61 59 59 60 58 60 59 60 60 60 55 54 56 59 61 58 56 57 58 56 54 61 59 59 64 65 64 63 64 61 61 59 62 63 61 57 57 59 57 57 55 57 54 54 53 49 51 49 46 43 44 44 43 41 46 44
55 61 61 58 57 57 58 64 65 68 67 64 68 67 67 63 60 62 60 62 60 61 60 60 59 62 58 60 60 60 58 59 59 63 63 63 62 61 63 63 61 61 60 61 58 59 59 60 59 59 54 55 56 57 59 58 55 55 55 57 59 57 58 64 65 66 65 61 61 62 63 59 62 61 57 63 59 58 57 55 54 53 56 55 52 52 51 48 48 42 46 44 44 46 44 45
61 59 61 60 55 59 62 65 68 70 66 63 61 63 66 67 65 65 59 59 58 60 60 61 62 57 59 59 60 58 59 60 63 59 63 62 61 61 63 63 61 62 62 63 61 61 59 59 59 56 58 55 54 58 55 55 56 61 59 55 56 59 60 61 61 64 63 63 63 65 62 60 62 59 57 60 59 55 57 57 50 54 54 52 54 51 47 47 47 44 46 46 44 45 43 46
61 61 60 55 54 61 59 61 65 67 69 67 67 65 65 63 61 58 63 62 60 57 58 58 58 59 59 59 60 61 57 61 61 60 61 61 60 63 63 64 61 63 61 61 61 61 61 60 57 55 56 55 54 57 57 56 59 57 57 55 59 57 57 59 59 62 63 64 65 63 62 61 61 58 55 54 57 57 52 53 53 51 53 52 51 50 46 48 42 45 46 50 48 44 44 47
61 60 55 53 60 63 61 64 65 66 65 65 65 63 64 64 63 63 61 63 61 60 61 60 56 60 58 59 57 58 61 58 57 58 59 61 61 64 65 62 63 62 62 63 60 61 63 61 57 55 58 58 55 54 58 58 59 56 58 55 59 62 57 57 61 61 64 64 65 64 60 63 61 57 57 55 57 53 50 48 50 50 55 49 47 53 46 46 42 40 44 44 44 46 46 47
60 58 53 57 57 59 61 63 62 65 65 63 62 62 63 62 63 62 63 61 63 63 58 57 61 55 58 59 57 55 60 61 62 63 63 60 62 64 62 64 63 63 63 62 62 62 63 63 61 59 61 57 56 54 55 56 57 58 55 60 58 56 55 61 65 65 64 63 64 63 61 63 58 55 56 54 53 53 54 50 52 48 49 48 49 49 44 44 42 46 44 43 47 46 41 46
56 53 53 59 57 56 59 60 61 62 61 59 63 60 63 61 61 63 59 57 59 57 57 55 57 59 60 55 56 61 62 63 61 65 62 65 63 62 61 60 63 65 63 64 63 62 62 63 59 59 58 58 57 58 56 57 61 61 55 59 56 56 57 58 57 62 65 65 63 61 62 57 57 55 55 58 57 57 55 50 47 48 45 44 46 50 46 46 44 46 42 44 51 49 45 42
57 51 54 57 56 57 57 57 60 61 59 60 59 61 65 63 59 60 56 57 58 57 59 58 57 57 58 57 58 58 59 62 63 63 65 65 64 59 59 61 61 62 63 60 59 60 63 61 60 58 59 59 59 56 56 59 58 57 56 58 56 57 56 56 57 64 57 59 61 61 61 61 57 62 60 58 55 54 50 51 48 46 50 48 44 45 44 44 45 46 44 48 48 47 45 46
52 51 53 57 55 55 58 60 59 62 60 59 59 61 61 61 58 57 61 58 59 61 59 57 57 55 57 59 58 59 61 61 63 62 61 61 61 63 57 59 61 62 60 61 58 58 62 61 59 60 60 57 59 61 57 55 59 55 55 55 56 56 59 59 55 57 59 59 55 59 62 61 59 61 62 57 55 53 53 57 51 51 48 48 46 44 44 47 45 44 44 46 48 50 51 46
50 54 57 56 52 55 58 57 58 57 58 57 59 60 59 57 57 61 61 60 59 59 60 58 55 55 56 57 58 57 62 62 63 61 59 58 63 62 57 59 57 61 59 59 58 62 61 59 60 59 59 60 61 63 58 56 59 60 58 62 61 54 55 59 61 58 55 55 59 59 61 59 61 62 58 58 55 51 53 59 57 51 51 48 47 46 50 50 50 50 46 45 46 49 47 48
49 53 53 51 53 57 57 56 57 56 56 58 57 57 57 56 55 58 60 61 57 59 58 60 57 55 57 55 57 60 62 62 61 60 57 61 62 59 56 58 58 59 59 58 57 59 60 59 60 59 60 59 58 59 59 57 60 58 63 61 60 57 55 55 58 59 54 61 60 61 61 62 63 63 60 57 54 55 56 57 56 53 48 48 46 48 48 50 51 48 46 43 45 46 45 48
49 53 51 57 55 57 58 55 56 57 57 57 56 55 55 56 56 59 59 59 56 56 58 52 57 55 55 57 58 57 61 58 63 60 61 57 60 57 55 58 59 57 59 57 59 59 59 59 60 59 58 59 59 57 58 58 57 59 61 57 56 59 55 54 55 57 58 61 61 63 63 62 65 65 61 63 57 55 53 54 53 53 52 47 47 47 50 51 50 48 46 42 46 43 44 46
51 51 51 54 57 57 56 54 57 55 58 57 57 57 54 58 59 59 56 55 59 57 55 55 54 53 56 57 57 57 60 56 60 58 59 61 57 55 59 57 59 57 56 59 57 59 59 58 60 59 63 61 62 59 57 57 58 57 58 57 55 59 61 56 55 58 56 60 57 57 59 63 61 61 63 59 59 59 57 55 53 54 51 50 48 46 46 48 50 52 48 42 42 44 43 42
52 52 54 56 56 51 51 56 55 56 57 58 57 55 57 58 57 57 57 56 53 53 52 53 56 58 57 55 57 57 57 59 57 61 61 59 58 59 57 60 60 57 54 57 55 56 56 59 61 61 63 61 58 57 59 58 58 58 57 59 56 56 57 59 56 56 55 55 60 57 60 63 63 58 61 60 60 59 57 53 51 52 52 49 48 51 47 48 51 47 48 45 42 44 42 41
51 50 54 54 52 51 54 56 57 58 57 57 57 54 58 57 57 56 54 57 57 56 58 59 57 55 53 57 57 53 55 57 53 60 61 58 59 58 57 59 56 54 54 53 57 59 59 61 61 63 57 62 57 54 57 61 59 58 57 54 54 54 55 57 58 59 59 56 57 63 60 61 57 58 61 60 59 55 56 55 51 49 50 53 52 52 47 50 48 46 45 44 42 42 44 42
