grids/precipitation/aug/RSMS_08_1882_01.asc
NCOLS 654
NROWS 866
XLLCORNER 3280414.711633467
YLLCORNER 5237500.62890625
CELLSIZE 1000
NODATA_VALUE -999
[rows 235 to 281 of 866, columns 288 to 383 of 654]
111 110 109 110 108 108 107 107 107 106 107 106 106 106 102 102 102 101 100 102 100 100 99 97 99 99 96 96 96 96 97 97 96 94 96 94 96 94 97 94 94 94 94 94 96 96 94 92 92 91 91 89 89 89 88 88 89 89 91 91 89 86 84 84 85 85 84 84 84 82 85 84 84 84 84 84 85 84 84 86 86 88 88 88 85 85 85 84 84 84 84 83 84 84 83 81
111 111 109 110 110 108 108 107 107 107 106 106 106 106 104 102 102 104 104 100 102 100 100 97 99 97 96 96 94 96 94 97 96 96 96 96 96 94 94 94 94 94 94 94 96 96 93 92 94 94 91 89 89 89 89 89 89 91 89 92 89 86 84 84 84 84 84 84 84 84 84 85 85 85 85 85 85 85 86 86 86 86 86 88 85 86 85 84 84 84 84 83 83 83 81 80
111 111 109 109 108 110 108 107 107 107 106 106 106 104 106 105 104 104 104 103 102 100 100 99 99 96 96 96 96 94 96 97 96 96 96 96 94 94 94 94 94 94 94 94 96 94 93 92 92 94 91 91 89 89 91 91 88 88 89 89 89 88 84 84 84 84 84 82 82 82 84 85 85 85 86 85 85 88 88 86 86 86 86 86 85 86 86 85 85 85 85 84 83 83 81 80
110 110 110 109 110 111 111 110 110 107 107 106 106 106 106 107 105 104 105 105 104 102 102 99 99 96 96 96 96 96 95 96 96 96 96 96 96 94 94 94 94 94 94 96 94 94 96 93 92 92 92 91 91 89 89 88 88 91 89 86 86 85 84 84 84 82 82 81 82 82 84 85 86 86 86 88 88 88 88 86 86 86 85 85 85 85 86 85 86 85 84 83 83 83 83 81
112 111 110 112 110 112 111 110 110 110 107 106 106 106 107 107 107 107 105 105 105 104 102 101 101 98 96 95 96 96 95 98 96 96 96 96 96 96 94 94 96 96 97 96 96 94 94 94 96 93 92 91 91 89 91 86 88 86 86 85 84 85 84 85 85 82 84 82 84 85 84 85 86 86 88 88 89 89 88 88 88 86 86 85 85 86 85 85 85 84 84 83 84 83 83 81
112 112 113 110 110 112 110 110 110 110 107 106 106 107 107 107 107 107 105 105 105 105 104 101 101 99 96 96 95 95 98 98 98 96 96 96 96 96 96 97 97 97 96 97 97 97 94 94 96 96 94 91 91 92 91 86 86 85 85 84 85 85 86 85 85 85 85 85 85 85 86 86 86 86 88 89 89 89 89 88 88 88 86 85 85 85 84 84 84 85 84 83 84 84 83 80
112 113 113 112 112 110 110 108 110 110 107 107 109 109 110 109 110 109 110 108 107 105 104 102 102 99 96 98 96 96 98 102 99 98 98 96 96 96 97 97 99 97 97 96 96 96 96 96 96 96 94 92 91 91 91 89 86 86 85 85 85 88 86 85 85 85 88 85 85 85 86 88 88 89 89 91 91 91 89 89 89 89 86 85 85 85 85 84 84 85 85 84 84 83 83 81
113 113 113 113 112 112 109 110 110 110 110 107 107 110 110 112 113 113 112 112 109 107 105 104 102 99 99 99 99 98 101 101 102 101 98 98 99 97 97 99 100 100 97 96 97 97 97 97 96 94 94 92 94 91 92 91 86 86 86 86 88 86 85 85 86 86 88 86 86 88 88 88 89 91 91 92 92 91 91 89 89 88 88 88 86 86 86 86 85 85 85 84 84 83 83 81
113 113 114 113 113 112 108 110 110 110 110 112 110 110 112 115 115 116 113 113 112 110 107 104 102 102 102 101 101 101 104 104 104 101 101 98 99 99 100 102 103 103 100 99 99 100 97 97 99 96 94 94 94 92 92 88 88 85 86 86 89 88 86 86 88 88 86 88 88 89 89 89 89 91 91 92 91 91 89 91 89 89 88 88 88 88 86 86 86 86 85 84 84 84 83 81
115 113 113 112 113 110 110 110 110 110 112 113 110 110 115 116 118 118 116 113 112 110 107 104 104 104 102 102 102 104 105 107 107 104 102 99 99 99 102 102 102 103 102 99 99 99 99 97 99 96 94 94 95 95 92 89 89 88 86 86 86 86 86 88 88 88 88 88 88 88 91 89 89 89 91 92 91 92 91 89 89 91 89 88 88 88 88 86 86 86 85 84 84 84 83 81
115 115 114 114 112 110 110 111 110 111 112 112 110 113 115 118 118 119 118 115 112 110 107 107 104 105 104 105 104 105 108 108 107 105 104 101 101 101 102 100 100 102 100 100 99 99 99 97 99 97 97 95 94 94 94 91 91 89 91 91 88 89 88 88 88 88 89 88 88 89 89 89 89 91 91 92 92 91 91 91 91 91 89 89 88 88 88 88 86 86 85 84 84 82 83 81
116 116 116 114 113 112 112 112 111 112 111 111 112 113 115 116 118 118 116 115 113 112 110 109 107 105 105 107 107 107 110 110 108 107 105 102 102 104 104 102 102 102 100 100 100 100 99 99 99 96 96 96 96 94 92 92 92 92 92 92 92 92 91 91 89 89 89 89 89 89 91 91 91 91 92 92 92 92 89 91 89 89 89 89 89 89 89 88 86 86 86 84 84 83 83 83
116 116 116 114 113 113 113 112 112 112 110 111 111 114 115 116 116 116 116 115 112 112 110 109 107 109 107 107 107 108 110 110 108 108 105 104 104 104 104 102 102 101 102 100 100 100 99 99 97 97 96 96 96 96 94 94 94 91 92 94 94 92 91 92 91 91 89 91 91 91 91 91 94 94 95 94 92 91 89 89 89 89 89 89 89 91 89 88 87 86 84 84 83 83 83 83
116 116 116 114 114 113 110 112 113 115 111 114 111 111 113 113 115 115 113 113 112 112 109 107 107 107 107 107 107 108 108 110 108 107 107 102 102 102 102 102 102 102 101 100 100 100 100 99 99 99 96 96 97 97 95 94 94 92 92 92 91 91 91 91 91 91 91 91 91 91 92 94 94 94 94 94 92 92 89 88 89 89 89 89 89 91 91 90 87 87 84 83 83 83 84 83
116 116 114 114 113 113 110 112 113 113 112 112 111 111 111 112 112 112 112 112 110 110 109 107 107 107 106 107 105 107 107 108 108 107 104 104 102 102 102 102 102 101 102 100 100 102 100 100 99 97 96 97 97 99 95 94 94 92 92 92 92 92 92 91 91 91 91 91 91 92 94 95 94 95 94 94 92 92 89 88 89 89 89 89 89 91 88 90 87 86 84 83 83 84 84 83
115 115 113 113 111 111 111 110 113 112 113 111 111 110 111 111 110 110 110 107 109 107 109 107 107 104 104 106 106 105 106 107 107 105 107 105 105 102 104 102 102 102 101 101 100 100 100 100 99 99 99 99 98 98 95 94 92 92 92 94 94 95 94 92 92 92 92 92 92 94 95 96 96 96 95 93 94 92 89 91 89 89 89 88 88 88 90 88 86 87 86 83 84 84 83 84
113 115 113 111 110 110 110 110 110 110 111 111 110 110 111 110 110 108 107 109 107 107 106 104 104 104 104 104 104 104 106 106 106 104 107 108 107 105 104 104 104 104 102 101 101 101 99 99 100 99 99 96 96 98 94 92 94 94 92 92 92 94 94 94 94 92 92 92 93 93 96 96 96 96 94 94 93 93 91 91 89 89 88 90 88 88 88 88 87 87 86 84 84 84 83 83
112 113 110 110 110 110 109 109 110 110 108 108 108 108 108 108 108 108 109 106 106 107 106 103 103 104 103 104 104 104 104 106 106 106 107 107 107 107 105 105 104 104 102 101 101 101 102 100 100 100 99 96 96 96 95 92 92 94 94 92 92 92 92 92 92 92 92 93 94 94 97 100 96 96 96 94 93 93 91 89 89 89 88 87 88 88 88 87 87 87 86 84 84 84 83 83
112 112 110 110 110 110 107 109 110 109 110 108 108 108 108 108 108 108 106 106 106 106 104 103 104 104 103 103 104 103 104 104 106 106 107 107 107 105 108 105 104 104 102 102 101 101 102 100 100 100 98 96 96 96 95 95 95 94 95 94 92 92 94 95 94 94 93 93 94 97 97 97 97 99 97 96 94 93 90 89 89 88 87 87 87 87 87 87 88 88 86 84 84 83 83 83
110 109 110 110 108 108 107 109 109 108 108 107 107 107 107 107 107 107 107 106 106 104 104 103 104 101 103 103 103 101 104 103 106 105 107 107 108 108 107 107 105 105 104 102 102 101 102 100 100 99 99 98 96 96 95 96 94 95 94 94 92 92 92 94 94 93 96 96 96 97 96 94 94 96 96 96 93 92 91 89 88 88 87 87 87 86 87 87 87 87 87 86 84 83 83 83
109 109 109 108 108 108 107 107 107 108 107 107 107 107 107 107 105 107 106 106 106 106 104 103 103 103 103 103 103 103 103 102 105 105 107 107 108 108 107 108 107 105 104 104 102 102 101 100 100 100 99 96 96 96 95 96 95 95 94 94 92 92 92 93 93 93 96 97 96 94 94 94 93 94 94 93 93 93 90 89 88 86 87 86 86 86 87 87 87 88 86 86 85 83 85 86
109 109 109 108 108 108 107 107 107 107 107 105 105 105 105 105 105 105 106 106 106 106 104 103 103 103 101 103 103 103 103 104 105 105 107 107 108 108 108 110 108 107 105 102 102 102 100 100 100 100 98 96 96 96 95 95 95 96 94 94 92 94 95 94 93 94 96 96 94 94 94 93 93 93 93 93 93 92 91 88 88 88 85 86 86 87 87 87 87 87 86 83 83 85 86 86
109 109 109 108 108 108 107 107 107 108 107 105 105 105 105 107 105 105 104 106 106 104 104 104 103 103 103 101 101 103 104 104 104 104 105 108 108 108 110 110 110 107 105 104 102 102 102 100 100 100 98 96 96 96 95 95 95 95 96 94 94 94 94 94 93 94 94 94 94 94 94 93 93 93 93 93 93 92 91 88 88 86 88 87 87 86 86 86 87 84 85 83 83 85 86 86
109 109 109 108 108 108 109 107 107 107 107 105 105 105 105 104 107 106 106 106 106 104 104 103 104 103 103 104 104 102 104 104 104 105 105 105 107 108 107 108 107 107 105 104 102 100 100 102 100 99 99 98 96 96 95 95 95 95 95 95 95 94 94 93 93 94 94 93 92 93 93 92 92 92 93 92 92 91 91 89 88 86 87 88 87 87 86 87 86 85 83 83 83 85 86 86
109 109 109 108 108 108 109 107 107 107 107 105 105 105 104 106 106 106 106 107 107 106 104 104 104 104 104 104 104 104 102 105 105 105 105 105 105 107 108 108 105 105 104 102 102 102 102 100 100 100 99 96 96 96 95 95 95 95 95 96 96 96 96 94 94 94 93 93 92 93 92 92 92 92 92 92 91 92 91 88 88 88 87 87 87 87 87 86 86 85 85 83 85 85 85 87
109 109 108 108 110 110 107 107 107 107 105 105 105 105 105 106 104 106 106 107 107 106 104 104 104 104 106 104 104 104 104 104 105 105 105 105 105 105 107 107 107 105 103 102 102 102 100 99 100 100 98 96 96 96 96 95 95 95 94 96 96 97 97 96 94 94 93 93 92 93 92 92 92 92 92 92 91 92 92 88 88 88 87 87 87 87 88 86 86 86 85 83 85 85 85 85
107 109 108 108 110 110 107 107 107 109 105 105 105 105 104 104 104 104 107 107 106 106 106 104 104 104 105 105 104 104 105 104 105 105 105 105 105 105 105 107 107 102 102 102 102 100 99 100 100 99 98 96 96 96 95 95 95 95 96 97 97 97 96 96 94 93 93 93 92 93 90 93 92 92 90 92 92 92 91 89 88 88 88 87 87 87 88 86 86 86 85 85 83 84 84 85
107 108 108 110 109 107 107 107 107 105 105 105 105 105 105 104 104 106 106 106 106 106 106 107 107 105 107 105 105 105 105 105 105 104 104 104 105 104 105 102 100 100 100 100 100 98 99 100 98 98 98 96 96 96 96 94 94 94 94 96 96 96 96 96 94 94 92 92 92 92 92 90 90 90 92 92 91 92 91 89 88 88 90 90 89 89 88 88 87 87 87 85 85 85 85 84
105 108 108 107 106 107 107 105 105 105 105 107 107 107 106 106 106 106 106 106 106 106 106 105 107 107 107 108 108 107 107 104 104 104 103 102 102 102 102 100 99 99 99 98 96 96 98 96 98 98 98 96 97 97 94 94 94 94 94 94 94 94 94 94 94 94 92 89 89 91 93 90 89 89 90 90 90 92 92 90 88 90 90 92 92 91 88 90 90 87 87 87 87 86 86 86
105 107 107 107 107 107 107 105 105 105 105 107 107 107 106 104 106 106 106 106 106 106 105 105 105 105 107 108 108 108 106 104 104 104 103 102 102 100 99 99 99 99 99 96 96 98 96 96 98 98 98 96 96 96 94 94 94 94 94 94 94 94 94 94 94 94 91 89 89 91 91 90 90 89 90 90 92 92 91 90 90 90 92 92 92 91 91 92 89 89 87 87 87 87 86 86
105 107 107 107 106 106 104 105 105 105 105 105 107 107 106 104 106 106 107 106 106 106 105 105 105 107 108 108 108 108 107 106 104 103 102 102 102 99 97 97 99 97 96 96 96 98 98 98 98 99 96 97 96 96 94 94 94 94 94 94 94 94 94 92 92 91 91 91 91 92 91 89 90 89 90 90 92 92 89 88 90 92 93 92 91 91 92 90 89 89 89 87 87 87 88 88
104 105 108 107 104 104 104 105 105 105 104 104 104 104 106 107 107 107 107 107 107 105 107 105 107 107 106 109 109 109 107 106 104 103 102 100 100 97 97 97 96 96 95 96 96 98 98 99 99 98 99 97 97 94 94 94 94 92 92 94 94 92 92 92 91 89 89 91 91 91 89 88 88 88 88 88 90 90 89 90 91 92 94 94 93 95 95 93 92 92 89 89 88 88 88 88
104 104 105 104 104 104 104 104 105 104 104 103 104 104 104 106 107 109 107 105 105 107 107 106 106 106 107 107 110 109 107 106 103 103 102 97 97 96 96 95 95 95 95 95 95 96 98 98 99 99 97 97 96 96 94 94 92 92 92 92 92 92 92 91 91 91 89 90 90 90 89 87 87 89 89 89 91 89 89 90 92 93 94 96 95 97 97 97 95 92 91 89 90 90 89 90
104 104 103 104 104 104 104 104 104 104 103 103 103 104 106 107 107 107 106 107 107 107 107 106 106 106 106 107 107 107 107 104 104 103 99 99 97 96 94 95 95 95 95 95 95 95 98 98 98 99 99 97 96 96 94 94 92 92 92 92 92 92 92 91 91 91 91 90 90 90 89 87 87 89 91 91 91 89 91 91 93 93 96 96 95 97 98 97 97 94 91 92 90 90 90 91
104 104 103 103 104 104 104 104 102 102 103 103 103 104 104 107 107 107 107 107 107 108 108 107 106 107 106 106 107 106 106 104 103 102 99 99 97 94 92 94 95 95 95 95 95 95 95 98 98 98 97 96 96 96 95 94 92 92 92 91 91 92 91 91 91 91 90 90 90 90 90 87 87 89 92 92 89 90 92 93 95 96 96 96 97 98 98 100 94 92 92 92 90 90 91 91
102 104 101 101 101 102 102 102 102 101 101 101 103 103 104 106 107 107 109 108 108 108 108 107 107 107 106 104 106 106 106 104 103 102 99 97 96 94 94 92 95 95 95 95 95 95 98 98 97 97 99 97 96 95 95 94 94 92 92 92 92 91 91 91 91 90 90 90 89 87 87 89 89 90 90 89 91 92 94 95 96 96 96 95 98 100 95 94 94 97 92 92 90 91 91 91
102 102 101 101 101 101 102 101 101 101 101 101 103 103 104 106 106 106 107 107 107 108 110 109 109 109 107 106 106 106 104 104 103 102 100 98 98 96 95 94 95 95 95 95 95 95 96 97 97 97 99 97 97 95 95 94 94 92 92 92 92 91 89 89 90 89 89 89 87 87 87 87 89 89 89 89 89 89 93 94 94 93 96 95 96 96 97 98 92 91 92 92 91 91 91 91
101 101 101 101 101 101 101 101 101 101 101 101 103 103 104 106 106 106 105 107 108 107 109 110 109 109 107 104 106 106 104 103 103 103 100 98 98 96 96 94 94 95 95 95 95 95 96 97 97 99 97 97 97 97 95 94 92 92 92 92 92 92 90 89 89 89 90 87 87 87 87 87 87 89 89 89 89 91 92 94 93 93 95 95 95 95 98 98 95 95 93 91 92 91 91 91
101 100 100 101 101 101 100 101 101 101 101 101 101 103 104 104 106 106 105 107 107 108 110 109 110 109 107 107 106 106 104 103 103 102 99 99 98 98 96 96 95 94 94 95 95 95 96 97 97 97 99 97 97 95 97 95 92 94 91 91 92 92 90 89 89 89 87 87 87 87 87 87 87 87 89 89 89 91 90 91 93 93 93 94 95 95 97 97 97 96 94 91 91 91 92 93
100 100 100 99 101 101 101 100 100 101 101 101 101 101 104 104 104 105 105 107 107 108 108 109 109 109 107 106 104 104 104 104 103 102 102 99 99 98 96 96 95 95 95 96 96 96 96 96 97 99 99 98 97 95 95 94 92 92 91 91 92 92 92 90 90 89 87 87 87 87 87 87 87 87 87 87 89 89 90 90 91 91 92 92 93 93 98 98 96 95 96 93 92 92 92 92
100 100 100 99 99 99 100 100 100 100 101 101 103 101 104 104 104 105 105 107 107 108 108 107 107 107 107 106 104 104 103 103 103 103 102 99 98 98 98 96 96 95 95 96 96 96 97 97 97 97 98 97 95 97 95 92 91 91 91 90 90 92 92 88 88 88 87 87 87 87 87 87 87 87 87 87 87 87 88 87 89 90 90 91 91 93 98 96 97 95 95 92 91 91 93 95
100 100 100 99 99 99 98 100 100 100 100 103 103 103 103 104 104 104 105 107 107 107 107 107 107 107 106 104 104 104 104 103 103 103 101 99 98 98 99 96 96 96 98 96 96 96 97 97 97 97 97 95 95 95 94 91 91 91 90 90 90 90 88 88 88 88 87 87 87 87 87 87 87 87 87 87 87 87 87 87 88 88 88 88 91 93 93 95 97 94 93 93 92 92 92 95
100 100 99 99 99 99 98 100 100 100 100 103 103 103 102 104 104 104 105 105 107 107 107 107 107 107 106 106 104 104 104 103 103 103 101 101 98 98 98 98 96 96 97 96 96 96 97 97 97 97 97 95 95 94 92 91 91 91 90 90 90 90 88 88 88 88 87 87 87 85 85 85 85 86 86 86 87 87 87 87 87 87 87 88 90 91 93 92 95 97 95 95 94 94 93 96
100 98 98 98 99 99 99 98 100 100 100 101 103 102 102 102 104 104 105 105 105 107 107 106 106 106 106 104 104 103 103 103 102 102 101 101 99 98 98 98 98 98 99 97 97 96 96 96 96 96 94 94 94 94 92 92 91 91 90 90 90 90 88 88 88 86 86 86 86 85 85 85 86 86 86 87 88 86 87 86 86 85 85 86 86 89 91 90 92 94 94 95 94 95 96 95
98 98 98 98 98 98 98 98 100 98 100 99 101 101 102 102 102 104 104 105 105 105 107 106 106 106 106 104 104 104 103 102 102 102 101 99 99 99 99 99 99 98 99 97 97 97 96 94 94 94 94 94 92 92 92 91 91 91 90 90 90 90 88 88 86 86 86 85 83 83 83 84 82 85 84 86 86 87 86 85 84 84 85 85 85 85 86 88 89 90 93 97 95 96 97 97
98 98 98 98 98 98 98 100 100 100 100 101 101 101 101 102 102 102 104 105 105 105 106 106 106 106 106 104 104 104 103 101 102 102 101 101 99 99 99 99 99 99 99 97 97 97 96 94 94 94 94 92 92 92 92 91 91 91 90 90 90 90 87 85 86 85 83 83 83 83 83 82 82 82 84 86 86 86 86 83 83 83 84 84 84 85 85 86 88 88 93 96 95 96 98 97
100 100 98 98 98 98 98 100 100 100 99 99 101 101 101 101 102 102 104 104 105 105 105 106 106 106 106 106 104 104 104 102 102 102 101 101 99 99 99 99 99 99 99 97 97 96 96 94 94 94 92 92 94 92 91 91 91 90 90 90 90 88 88 85 85 83 83 83 83 81 81 82 82 82 83 83 84 84 84 83 83 83 83 83 84 84 84 85 86 87 89 91 94 95 97 98
