grids/precipitation/aug/RSMS_08_1882_01.asc
NCOLS 654
NROWS 866
XLLCORNER 3280414.711633467
YLLCORNER 5237500.62890625
CELLSIZE 1000
NODATA_VALUE -999
[rows 141 to 187 of 866, columns 96 to 191 of 654]
-999 -999 -999 -999 -999 -999 -999 -999 -999 -999 -999 -999 -999 -999 -999 -999 -999 -999 -999 -999 -999 -999 -999 -999 -999 -999 -999 -999 -999 -999 -999 -999 -999 -999 -999 -999 -999 -999 -999 -999 -999 -999 -999 -999 -999 -999 -999 -999 111 -999 -999 -999 107 109 110 -999 -999 -999 -999 -999 -999 -999 -999 -999 -999 -999 -999 -999 -999 -999 -999 -999 -999 -999 -999 -999 -999 -999 -999 -999 -999 -999 -999 -999 -999 -999 -999 -999 -999 -999 -999 -999 -999 140 139 139
-999 -999 -999 -999 -999 -999 -999 -999 -999 -999 -999 -999 -999 -999 -999 -999 -999 -999 -999 -999 -999 -999 -999 -999 -999 -999 -999 -999 -999 -999 -999 -999 -999 -999 -999 -999 135 135 135 131 130 126 125 123 119 -999 -999 -999 -999 -999 -999 -999 -999 -999 -999 -999 -999 -999 121 -999 -999 -999 -999 -999 -999 -999 -999 -999 -999 -999 -999 -999 -999 -999 -999 -999 -999 -999 -999 -999 -999 -999 -999 -999 -999 -999 -999 -999 -999 -999 -999 -999 -999 138 139 139
-999 -999 -999 -999 -999 -999 -999 -999 -999 -999 -999 -999 -999 -999 -999 -999 -999 -999 -999 -999 -999 -999 -999 -999 -999 -999 -999 -999 -999 -999 -999 -999 -999 -999 -999 -999 135 134 133 131 131 128 -999 -999 -999 -999 -999 -999 -999 -999 -999 -999 -999 -999 -999 -999 -999 -999 -999 -999 -999 -999 -999 -999 -999 -999 -999 -999 -999 -999 -999 -999 -999 -999 -999 -999 -999 -999 -999 -999 -999 -999 -999 -999 -999 -999 -999 -999 -999 -999 -999 -999 -999 138 139 139
-999 -999 -999 -999 -999 -999 -999 -999 -999 -999 -999 -999 -999 -999 -999 -999 -999 -999 -999 -999 -999 -999 141 141 140 139 138 141 140 139 143 143 140 -999 -999 -999 135 -999 -999 -999 -999 -999 -999 -999 -999 -999 -999 -999 -999 -999 -999 -999 -999 -999 -999 -999 -999 -999 -999 -999 -999 -999 -999 -999 -999 -999 -999 -999 -999 -999 -999 -999 -999 -999 -999 -999 -999 -999 -999 -999 -999 -999 -999 -999 -999 -999 -999 -999 -999 -999 -999 -999 138 138 138 139
-999 -999 -999 -999 -999 -999 -999 -999 -999 -999 -999 -999 -999 -999 -999 -999 -999 -999 -999 -999 -999 -999 139 139 138 137 138 -999 -999 -999 -999 -999 -999 -999 -999 -999 -999 -999 -999 -999 -999 -999 -999 -999 -999 -999 -999 -999 -999 -999 -999 -999 -999 -999 -999 -999 -999 -999 -999 -999 -999 -999 -999 -999 -999 -999 -999 -999 -999 -999 -999 -999 -999 -999 -999 -999 -999 -999 -999 -999 -999 -999 -999 -999 -999 -999 -999 -999 -999 -999 -999 -999 138 138 138 137
-999 -999 -999 -999 -999 -999 -999 -999 -999 -999 -999 -999 -999 -999 -999 158 156 155 152 -999 -999 142 139 139 -999 -999 -999 -999 -999 -999 -999 -999 -999 -999 -999 -999 -999 -999 -999 -999 -999 -999 -999 -999 -999 -999 -999 -999 -999 -999 -999 -999 -999 -999 -999 -999 -999 -999 -999 -999 -999 -999 -999 -999 -999 -999 -999 -999 -999 -999 -999 -999 -999 -999 -999 -999 -999 -999 -999 -999 -999 -999 -999 -999 -999 -999 -999 -999 -999 -999 -999 -999 138 136 138 137
-999 -999 -999 -999 -999 -999 -999 -999 -999 -999 -999 -999 -999 -999 -999 -999 -999 -999 -999 -999 -999 -999 -999 -999 -999 -999 -999 -999 -999 -999 -999 -999 -999 -999 -999 -999 -999 -999 -999 -999 -999 -999 -999 -999 -999 -999 -999 -999 -999 -999 -999 -999 -999 -999 -999 -999 -999 -999 -999 -999 -999 -999 -999 -999 -999 -999 -999 -999 -999 -999 -999 -999 -999 -999 -999 -999 -999 -999 -999 -999 -999 -999 -999 -999 -999 -999 -999 -999 -999 -999 -999 137 137 137 136 135
-999 -999 -999 161 164 161 164 161 161 161 162 161 161 -999 -999 -999 -999 -999 -999 -999 -999 -999 -999 -999 -999 -999 -999 -999 -999 -999 -999 -999 -999 -999 -999 -999 -999 -999 -999 -999 -999 -999 -999 -999 -999 -999 -999 -999 -999 -999 -999 -999 -999 -999 -999 -999 -999 -999 -999 -999 -999 -999 -999 -999 -999 -999 138 139 140 -999 -999 -999 -999 -999 -999 -999 -999 -999 -999 -999 -999 -999 -999 -999 -999 -999 -999 -999 -999 -999 -999 137 137 137 136 133
-999 161 162 164 164 163 161 161 161 161 162 162 -999 -999 -999 -999 -999 -999 -999 -999 -999 -999 -999 -999 -999 -999 -999 -999 -999 -999 -999 -999 -999 -999 -999 -999 -999 -999 -999 -999 -999 -999 -999 -999 -999 -999 138 138 133 132 129 130 128 128 129 129 129 -999 -999 -999 -999 -999 -999 -999 -999 -999 139 140 -999 -999 -999 -999 -999 -999 -999 -999 -999 -999 -999 -999 -999 -999 -999 -999 -999 -999 -999 -999 -999 -999 136 137 137 135 134 133
-999 160 -999 161 161 -999 -999 -999 -999 -999 -999 -999 -999 -999 -999 -999 -999 -999 -999 -999 -999 -999 -999 -999 -999 -999 -999 -999 -999 -999 -999 -999 -999 -999 -999 -999 -999 135 -999 -999 -999 -999 141 142 141 142 139 137 135 133 130 130 129 129 129 129 130 130 131 -999 -999 -999 -999 -999 -999 -999 -999 -999 -999 -999 -999 -999 -999 -999 -999 -999 -999 -999 -999 -999 -999 -999 -999 -999 -999 -999 -999 -999 -999 -999 136 135 135 135 134 134
-999 -999 -999 -999 -999 -999 -999 -999 -999 -999 -999 -999 -999 -999 -999 -999 -999 -999 -999 -999 -999 -999 -999 -999 -999 -999 -999 -999 -999 -999 -999 -999 -999 -999 139 137 136 136 137 137 137 138 139 141 140 141 140 137 135 135 131 129 130 129 129 130 130 130 132 -999 -999 -999 -999 -999 -999 -999 -999 -999 -999 -999 -999 -999 -999 -999 -999 -999 -999 -999 -999 -999 -999 -999 -999 -999 -999 -999 -999 -999 -999 -999 136 134 134 133 132 131
-999 -999 -999 -999 -999 -999 -999 -999 -999 -999 -999 163 163 163 162 163 162 164 163 161 160 159 158 158 -999 -999 -999 -999 -999 -999 144 143 142 141 139 137 136 136 136 137 137 137 138 141 141 141 138 136 136 136 132 130 130 130 130 130 130 131 133 -999 -999 -999 -999 -999 -999 -999 -999 -999 -999 -999 -999 -999 -999 -999 -999 -999 -999 -999 -999 -999 -999 -999 -999 -999 -999 -999 -999 -999 -999 136 134 134 134 134 133 131
-999 -999 -999 -999 -999 -999 -999 -999 -999 -999 163 163 163 164 162 163 162 163 163 162 160 159 158 158 154 150 149 148 146 146 144 143 142 141 140 137 137 136 136 136 137 137 138 140 139 139 139 136 136 135 133 130 130 130 131 131 131 132 134 -999 -999 -999 -999 -999 -999 -999 -999 -999 -999 -999 -999 -999 -999 -999 -999 -999 -999 -999 -999 -999 -999 -999 -999 -999 -999 -999 -999 -999 -999 135 135 134 134 134 133 132
-999 -999 -999 -999 -999 -999 161 160 162 163 163 163 164 163 164 163 164 165 165 164 163 161 159 156 154 149 149 146 146 145 144 143 142 141 140 139 137 137 137 136 136 137 137 138 138 138 138 136 136 134 132 132 132 130 131 131 132 133 134 -999 -999 -999 -999 -999 -999 -999 -999 -999 -999 -999 -999 -999 -999 -999 -999 -999 -999 -999 -999 -999 -999 -999 -999 -999 -999 -999 -999 -999 -999 135 135 132 134 134 133 133
-999 -999 -999 -999 158 158 160 162 161 161 163 164 162 162 164 164 164 165 165 166 163 162 159 154 152 151 148 146 145 145 144 143 143 142 140 137 137 136 135 134 134 136 135 135 135 137 135 135 133 133 132 131 131 131 132 134 134 134 136 -999 -999 -999 -999 -999 -999 -999 -999 -999 -999 -999 -999 -999 -999 -999 -999 -999 -999 -999 -999 -999 -999 -999 -999 -999 -999 -999 -999 -999 -999 134 133 132 132 132 134 133
-999 -999 -999 158 158 158 159 161 161 161 162 163 162 162 163 164 164 163 165 164 163 162 157 154 152 152 148 146 145 145 144 143 143 142 140 138 137 137 135 135 134 134 136 135 135 135 136 134 134 134 134 132 132 133 134 134 135 136 137 141 -999 -999 -999 -999 -999 -999 -999 -999 -999 -999 -999 -999 -999 -999 -999 -999 -999 -999 -999 -999 -999 -999 -999 -999 -999 -999 -999 -999 -999 -999 133 132 132 132 132 133
-999 -999 -999 155 157 157 158 161 161 160 161 162 162 162 162 164 164 163 163 164 161 160 157 154 152 149 148 146 145 145 144 143 143 142 139 138 138 137 134 135 135 135 135 134 136 136 135 135 135 135 134 133 133 132 133 134 136 137 139 141 -999 -999 -999 -999 -999 -999 -999 -999 -999 -999 -999 -999 -999 -999 -999 -999 -999 -999 -999 -999 -999 -999 -999 -999 -999 -999 -999 -999 -999 -999 133 133 132 132 132 134
-999 -999 152 154 156 158 158 160 159 161 160 162 161 163 162 161 163 162 161 162 159 158 155 154 152 149 148 146 146 145 144 143 143 143 140 139 138 136 136 135 134 134 134 135 135 135 136 136 136 136 134 134 133 134 133 135 136 139 140 144 147 150 150 -999 -999 -999 -999 -999 -999 -999 -999 -999 -999 -999 -999 -999 -999 -999 -999 -999 -999 -999 -999 -999 -999 -999 -999 -999 -999 -999 134 133 133 132 132 132
-999 151 149 153 157 157 157 158 158 158 160 161 160 160 161 161 160 161 160 160 157 156 155 152 150 149 148 146 146 145 144 143 143 143 140 140 137 137 137 134 134 134 135 135 135 135 137 138 138 138 136 134 135 135 135 137 139 140 144 148 149 150 152 154 -999 -999 -999 -999 -999 -999 -999 -999 -999 -999 -999 -999 -999 -999 -999 -999 -999 -999 -999 -999 -999 -999 -999 -999 -999 -999 -999 131 131 131 132 132
151 151 151 155 157 159 158 158 158 158 159 160 160 160 161 161 160 159 158 158 157 156 153 150 150 150 147 146 146 146 144 143 143 143 141 138 138 137 137 135 135 135 136 136 136 136 138 138 138 138 137 135 135 135 136 139 140 141 144 149 150 150 154 154 155 -999 -999 -999 -999 -999 -999 -999 -999 -999 -999 -999 -999 -999 -999 -999 -999 -999 -999 -999 -999 -999 -999 -999 -999 -999 -999 131 131 131 132 132
150 152 152 156 158 160 158 158 157 157 158 158 160 161 161 160 160 159 158 157 157 154 151 150 150 147 147 146 146 146 145 144 143 141 141 138 138 138 135 135 135 135 135 137 136 136 137 138 138 138 137 135 135 136 137 139 140 141 145 149 150 154 155 156 155 -999 -999 -999 -999 -999 -999 -999 -999 -999 -999 135 135 134 131 131 -999 -999 -999 -999 -999 -999 -999 -999 -999 -999 -999 132 131 131 133 132
151 153 153 155 158 157 157 157 156 156 156 158 159 159 161 160 157 156 156 155 154 151 150 149 148 147 147 146 146 146 145 144 144 141 141 139 138 138 138 135 135 135 137 137 137 137 138 138 139 139 137 138 138 139 139 139 140 142 144 149 150 154 158 159 158 155 -999 -999 -999 -999 -999 -999 -999 -999 -999 135 135 134 131 131 130 -999 -999 -999 -999 -999 -999 -999 -999 -999 -999 -999 132 131 133 132
152 153 155 155 156 156 156 154 153 155 155 157 157 159 159 158 157 156 156 154 151 151 149 148 146 146 147 146 146 146 145 142 142 141 141 139 138 138 138 138 138 137 137 137 137 137 137 139 139 139 138 138 139 139 139 139 139 141 144 149 150 154 155 156 155 155 -999 -999 -999 -999 -999 -999 -999 -999 137 136 135 135 131 131 130 -999 -999 -999 -999 -999 -999 -999 -999 -999 -999 -999 -999 133 133 132
152 152 155 156 156 156 156 153 153 153 155 157 157 157 159 157 157 156 156 152 151 153 149 146 146 146 145 146 146 146 145 144 142 142 141 138 138 138 138 138 138 138 137 137 137 137 138 139 139 139 138 139 139 139 139 139 139 140 144 149 150 151 154 155 155 154 154 -999 -999 -999 -999 -999 -999 137 137 135 135 135 132 131 130 130 -999 -999 -999 -999 -999 -999 -999 -999 -999 -999 -999 134 133 132
152 154 154 156 156 156 156 153 153 153 153 155 157 157 156 158 157 156 154 152 151 150 150 148 146 148 147 149 148 146 146 143 142 142 141 139 138 138 138 138 138 138 137 137 137 137 138 139 139 139 139 138 139 139 139 139 139 140 144 149 149 150 154 154 154 154 152 -999 -999 -999 -999 -999 -999 137 137 136 135 135 132 131 130 130 129 -999 -999 -999 -999 -999 -999 -999 -999 -999 -999 134 134 133
154 154 154 156 156 156 156 153 153 153 155 155 155 157 156 156 155 154 156 155 152 151 149 148 148 148 147 147 144 146 144 143 142 142 141 141 139 138 138 138 138 138 137 137 137 137 138 138 139 139 139 139 138 139 139 139 141 142 144 148 149 150 150 153 151 152 152 149 -999 -999 -999 -999 -999 137 137 136 135 135 132 131 131 130 130 127 127 127 -999 -999 -999 -999 -999 -999 -999 132 132 131
154 154 154 156 156 156 156 156 156 155 155 155 155 155 156 155 157 156 156 153 152 151 149 148 148 148 147 147 147 146 144 145 145 142 141 141 141 141 138 138 138 138 137 137 137 137 138 138 138 138 138 139 139 140 141 141 141 142 144 147 147 149 149 149 149 150 149 149 -999 -999 -999 -999 -999 137 137 136 135 135 132 131 131 130 128 127 127 127 129 131 -999 -999 -999 -999 -999 -999 132 132
154 154 154 156 156 156 156 156 156 156 155 155 155 155 156 155 155 154 156 153 152 152 149 149 148 148 148 147 147 147 146 143 145 145 141 141 141 141 140 138 138 138 137 137 137 137 138 138 138 138 138 139 139 139 140 141 141 142 143 146 147 148 149 149 149 149 148 147 147 -999 -999 -999 -999 137 137 135 135 135 132 131 131 131 128 127 127 127 129 131 131 131 130 130 -999 -999 133 132
154 154 155 156 156 156 156 156 156 156 156 155 155 155 154 156 155 156 154 153 152 152 149 149 148 148 148 147 147 146 146 146 145 143 142 141 141 141 141 138 138 138 138 137 137 137 138 138 138 138 140 138 139 139 140 141 141 142 145 146 147 147 148 149 149 149 147 146 146 -999 -999 -999 -999 -999 137 136 135 135 132 131 131 131 128 128 127 127 129 129 131 131 130 130 132 133 -999 133
155 155 155 157 157 157 157 157 157 156 158 156 157 155 157 156 153 153 152 154 153 152 150 149 149 148 148 148 147 146 146 146 145 145 142 141 141 141 143 140 140 140 140 139 139 139 139 138 138 138 138 138 139 139 140 141 141 144 145 146 146 147 147 148 146 147 147 147 -999 -999 -999 -999 141 137 136 136 135 135 132 131 131 131 131 128 130 130 130 129 129 129 130 130 132 133 -999 133
153 155 155 158 158 158 157 160 160 159 158 158 158 157 155 154 154 153 152 154 154 153 150 149 149 149 148 147 147 147 146 144 144 143 142 141 141 143 143 144 142 142 140 141 141 139 139 139 139 138 138 139 139 139 140 141 141 144 145 146 146 146 147 145 145 146 147 147 -999 -999 -999 -999 -999 -999 -999 -999 -999 -999 132 131 131 131 131 131 131 130 130 129 129 129 129 130 132 -999 -999 133
153 153 155 158 158 158 158 160 160 160 159 158 158 158 157 155 154 154 153 154 154 153 152 149 149 149 148 147 147 147 146 144 144 144 144 143 143 143 144 142 142 144 142 141 139 139 139 139 139 139 139 139 139 139 140 141 141 141 145 146 146 146 146 145 145 -999 -999 -999 -999 -999 -999 -999 -999 -999 -999 -999 -999 -999 132 131 131 131 131 131 131 131 130 129 129 129 129 130 -999 -999 134 133
153 154 156 158 158 158 158 160 160 160 160 159 158 158 157 155 154 154 153 154 152 151 151 148 147 149 149 148 147 147 144 144 144 143 143 144 143 143 144 144 144 144 140 141 141 139 139 139 139 139 139 139 139 140 141 141 141 142 142 145 146 -999 -999 -999 -999 -999 -999 -999 -999 -999 -999 -999 -999 -999 -999 -999 -999 -999 134 132 131 131 131 131 131 131 130 130 129 129 129 -999 132 134 134 134
154 157 157 157 159 159 161 161 161 160 160 160 160 159 158 157 157 156 155 154 152 151 151 150 149 149 149 146 146 145 144 144 144 143 143 144 144 143 145 146 144 144 142 142 140 137 142 137 138 138 138 138 138 139 141 141 141 142 142 143 -999 144 -999 -999 -999 -999 -999 -999 -999 -999 -999 -999 -999 -999 -999 -999 -999 -999 134 134 133 133 133 131 131 131 129 130 130 129 129 131 133 134 134 134
155 155 158 160 160 160 162 162 162 162 161 161 160 160 159 158 157 157 156 154 154 154 151 150 148 149 147 146 146 145 144 144 144 144 143 142 142 143 145 144 143 143 140 140 138 138 138 138 138 138 138 138 139 139 139 139 139 139 142 141 141 -999 -999 -999 -999 -999 -999 -999 -999 -999 -999 -999 -999 -999 -999 -999 -999 -999 136 135 135 133 133 131 131 129 129 128 130 130 131 133 133 133 135 135
155 155 158 161 161 161 163 163 163 163 162 161 161 160 160 158 158 157 156 154 154 154 153 148 150 150 147 146 146 146 145 144 144 144 143 142 142 142 143 143 143 143 139 138 138 138 138 138 138 138 138 139 139 139 139 139 139 139 140 141 141 141 -999 -999 -999 -999 -999 -999 -999 -999 -999 -999 -999 -999 -999 -999 -999 -999 136 135 135 135 133 131 131 131 129 130 130 130 132 133 133 133 135 135
155 156 158 158 161 161 163 163 163 165 165 164 161 161 160 159 158 157 156 154 154 156 153 150 150 147 145 145 146 146 143 144 144 144 141 142 142 142 141 141 141 141 139 140 138 138 138 138 138 138 139 139 139 139 139 139 139 139 139 140 141 141 -999 -999 -999 -999 -999 -999 -999 -999 -999 -999 -999 -999 -999 -999 -999 -999 136 135 135 135 133 133 131 131 131 131 130 130 132 134 133 133 133 135
156 156 158 158 161 161 163 163 165 165 165 165 164 163 160 160 158 157 156 157 156 157 155 151 148 145 143 143 142 144 141 142 140 142 141 141 140 139 139 138 138 137 139 137 137 137 137 136 137 139 139 139 139 139 139 137 138 138 138 138 138 138 139 -999 -999 -999 -999 -999 -999 -999 -999 -999 -999 -999 -999 -999 -999 -999 136 136 136 135 133 133 133 133 131 131 132 132 132 134 134 134 136 136
157 157 159 159 159 161 163 166 166 166 168 165 165 164 160 158 157 157 156 154 154 156 153 148 146 146 143 143 143 142 141 140 140 140 141 138 138 138 138 138 138 136 139 135 135 137 137 139 137 137 137 137 137 137 137 137 137 137 138 138 138 138 138 138 138 139 139 -999 -999 -999 -999 -999 -999 -999 -999 -999 -999 136 136 136 136 136 135 135 135 133 133 133 133 132 132 134 134 134 134 136
157 157 157 159 159 159 163 166 166 166 166 165 165 164 160 158 157 156 157 154 154 154 151 148 146 146 143 143 143 142 139 138 140 140 137 138 138 138 138 138 138 136 137 135 135 135 135 139 137 137 137 137 137 137 137 137 137 137 138 138 138 138 138 138 138 138 139 137 -999 -999 -999 -999 -999 -999 -999 -999 -999 136 136 136 136 136 136 135 135 135 133 133 133 133 135 134 134 134 136 136
157 158 158 158 159 160 162 163 166 166 166 165 165 162 161 158 157 156 155 155 154 152 151 149 146 146 143 143 143 140 139 139 138 136 136 135 138 138 138 138 138 138 138 137 135 137 137 137 137 139 137 137 137 139 137 137 137 137 137 138 138 138 138 138 138 138 136 137 137 -999 -999 -999 -999 -999 -999 -999 -999 136 136 136 136 136 136 135 135 135 135 133 133 133 135 135 134 134 134 136
158 158 158 158 158 161 162 162 164 163 163 163 163 162 159 158 158 156 155 154 153 149 149 147 146 144 143 141 141 140 138 137 137 134 136 135 136 136 136 138 138 136 136 135 135 133 137 137 135 137 137 137 139 139 137 139 139 137 137 136 138 136 136 136 136 136 136 136 137 137 -999 -999 -999 -999 -999 -999 136 136 136 136 136 136 136 136 136 136 136 136 136 136 136 136 135 135 137 136
156 157 157 157 157 159 161 161 163 162 161 161 161 160 159 156 155 155 153 152 149 148 147 147 145 144 141 141 139 138 135 133 133 132 132 135 134 136 136 136 136 136 136 135 133 135 135 135 135 137 137 137 137 137 137 135 135 135 135 136 136 138 136 136 136 136 136 136 136 136 -999 -999 -999 -999 -999 136 136 136 136 137 137 137 136 136 136 136 136 136 137 137 136 136 136 136 135 137
157 157 158 158 158 158 159 161 161 161 160 159 158 158 157 156 156 155 151 150 149 149 145 145 145 145 141 139 139 137 134 131 131 131 134 135 134 134 136 136 136 136 136 133 133 133 133 135 135 135 135 137 137 137 135 137 135 135 135 136 136 136 136 136 136 136 136 136 136 136 137 -999 -999 -999 136 136 136 136 137 137 137 137 137 136 136 136 137 137 137 137 137 137 137 137 138 137
158 158 156 158 158 158 158 159 158 158 158 157 156 156 155 155 154 153 152 150 149 147 146 145 143 143 140 139 137 134 132 129 129 129 130 133 132 134 134 134 136 134 134 133 133 133 133 133 133 133 135 135 135 137 137 135 135 135 135 136 138 136 138 138 136 138 136 136 136 136 136 135 135 135 136 136 136 136 137 137 137 137 137 137 137 137 137 137 137 137 137 137 137 137 138 138
156 157 157 159 159 159 158 158 157 156 156 156 155 154 155 153 152 150 150 148 148 145 144 143 141 141 140 137 135 132 130 127 127 127 128 130 131 132 134 134 134 134 132 132 132 131 132 131 131 133 133 135 135 135 135 135 133 133 136 134 138 136 138 138 138 138 136 136 136 134 135 135 135 135 136 136 137 137 137 137 137 137 137 137 137 137 137 137 139 139 139 139 139 139 138 138
155 155 158 160 162 160 157 156 155 155 154 153 153 154 153 153 150 149 148 146 144 143 142 141 139 139 138 135 133 133 130 127 125 129 129 132 132 133 132 132 132 132 132 130 130 130 130 130 130 132 131 133 133 135 135 135 135 133 135 136 136 136 136 136 134 134 134 134 134 134 135 135 135 135 136 136 137 137 137 137 138 138 137 135 136 136 138 140 140 140 140 142 142 141 139 139
