grids/precipitation/feb/RSMS_02_1883_01.asc
NCOLS 654
NROWS 866
XLLCORNER 3280414.711633467
YLLCORNER 5237500.62890625
CELLSIZE 1000
NODATA_VALUE -999
[rows 424 to 476 of 866, columns 0 to 95 of 654]
-999 -999 -999 -999 -999 -999 -999 -999 -999 -999 -999 -999 -999 -999 35 38 38 38 38 38 38 37 38 39 39 37 38 39 38 39 38 39 39 39 39 39 39 39 40 41 39 39 39 39 39 39 39 39 39 39 38 38 38 38 38 38 38 38 36 36 36 36 36 37 37 37 38 39 39 39 39 39 39 41 45 48 44 44 49 51 51 54 59 60 59 63 62 71 67 73 73 73 76 73 75 73
-999 -999 -999 -999 -999 -999 -999 -999 -999 -999 -999 -999 -999 -999 -999 37 38 38 38 38 38 38 37 39 38 36 38 38 39 39 38 39 39 39 39 39 39 39 40 41 40 40 40 40 39 39 39 39 39 39 38 38 38 38 38 38 38 36 36 36 36 36 36 37 37 37 38 39 39 39 42 43 42 44 44 48 48 48 50 51 51 52 54 60 65 65 60 66 70 71 71 73 75 75 76 73
-999 -999 -999 -999 -999 -999 -999 -999 -999 -999 -999 -999 -999 -999 -999 36 37 37 38 38 38 38 38 38 38 37 37 38 38 37 39 39 39 39 39 39 39 39 41 41 41 40 40 40 39 39 39 39 39 38 38 38 38 38 38 38 37 36 36 36 36 36 37 37 37 37 38 38 38 39 39 40 42 41 42 43 43 46 49 51 53 54 58 63 66 67 65 64 68 71 71 68 75 76 75 77
-999 -999 -999 -999 -999 -999 -999 -999 -999 -999 -999 -999 -999 -999 -999 35 36 36 36 36 37 37 38 37 37 37 37 36 36 37 37 39 39 39 39 39 39 39 40 39 38 38 39 39 38 39 39 38 38 38 38 38 37 37 37 37 36 36 36 36 37 37 37 37 37 37 38 38 38 38 39 39 39 40 41 43 43 45 49 52 55 56 59 61 62 66 63 64 69 71 72 67 74 74 71 80
-999 -999 -999 -999 -999 -999 -999 -999 -999 -999 -999 -999 -999 -999 -999 34 35 -999 -999 36 37 37 37 37 37 37 37 38 37 37 37 39 39 39 39 39 39 39 39 39 38 38 38 38 38 38 38 38 38 38 37 37 37 37 37 37 37 37 37 37 37 37 36 37 37 36 37 38 38 38 39 39 39 39 40 42 43 44 48 52 53 54 56 59 62 63 61 64 66 67 68 76 72 72 75 79
-999 -999 -999 -999 -999 -999 -999 -999 -999 -999 -999 -999 -999 -999 -999 -999 -999 -999 -999 -999 -999 37 37 37 37 37 36 38 37 37 36 37 39 39 39 39 39 39 39 39 38 37 38 38 38 38 37 37 38 37 38 38 38 37 37 37 37 37 37 37 37 37 36 36 36 36 37 37 38 38 38 39 39 39 40 41 43 46 47 51 52 53 54 60 60 62 58 56 65 63 69 82 84 82 89 87
-999 -999 -999 -999 -999 -999 -999 -999 -999 -999 -999 -999 -999 -999 -999 -999 -999 -999 -999 -999 -999 36 36 36 36 36 36 36 36 36 36 36 36 37 37 37 37 39 39 38 37 37 37 38 38 38 38 38 38 37 38 37 37 36 37 37 37 36 36 36 36 35 37 37 36 36 36 37 37 38 38 38 39 39 40 41 41 44 44 49 51 52 53 56 60 62 60 59 61 69 71 78 84 86 87 89
-999 -999 -999 -999 -999 -999 -999 -999 -999 -999 -999 -999 -999 -999 -999 -999 -999 -999 -999 -999 34 34 36 36 36 36 36 36 35 35 35 35 36 36 37 37 37 37 37 38 36 36 37 36 36 37 37 37 37 37 37 37 38 37 37 37 36 36 36 36 36 36 35 35 36 35 35 36 36 37 38 39 39 39 40 40 41 42 44 48 48 53 52 55 55 60 61 65 65 69 71 75 77 85 89 84
-999 -999 -999 -999 -999 -999 -999 -999 -999 -999 -999 -999 -999 -999 -999 -999 -999 32 33 34 35 36 36 35 36 36 36 36 35 35 35 35 36 36 37 37 37 37 37 36 36 36 37 37 37 37 38 37 38 37 37 38 38 37 38 37 36 36 36 36 36 36 36 36 36 35 35 35 35 35 36 39 39 39 39 40 41 42 44 48 50 51 50 54 56 59 64 68 64 70 69 76 76 80 78 80
-999 -999 -999 -999 -999 -999 -999 -999 -999 -999 -999 -999 -999 -999 -999 -999 32 32 33 33 34 34 35 36 36 36 36 36 36 35 35 36 36 35 36 37 37 37 37 37 37 37 38 38 38 37 37 38 38 37 39 39 39 38 37 37 36 36 36 36 36 36 36 36 36 35 35 35 36 35 36 37 39 39 39 40 41 42 44 47 49 48 50 53 55 52 59 64 66 67 65 71 77 74 76 83
-999 -999 -999 -999 -999 -999 -999 -999 -999 -999 -999 -999 -999 -999 -999 32 32 32 32 33 35 35 35 36 36 36 36 36 36 35 35 35 36 36 36 36 35 36 36 36 36 37 39 38 38 38 38 37 37 37 38 37 37 37 36 36 36 36 36 36 36 36 36 36 36 35 35 35 35 35 36 37 37 39 39 40 41 41 44 47 49 48 51 51 57 52 56 64 66 64 69 72 77 77 81 79
-999 -999 -999 -999 -999 -999 -999 -999 -999 -999 -999 -999 -999 32 32 32 32 32 32 32 33 35 35 35 35 36 36 36 36 36 36 36 34 35 36 36 36 35 36 37 37 37 38 38 38 37 37 37 37 38 38 36 36 36 36 36 36 36 37 36 36 36 36 36 35 35 34 33 33 33 36 37 38 39 39 39 40 40 43 45 48 48 50 55 58 59 61 64 67 64 67 72 73 76 79 75
-999 -999 -999 -999 -999 -999 -999 -999 -999 -999 -999 -999 -999 32 32 32 32 32 32 31 33 34 35 35 35 35 36 36 36 36 36 35 35 35 35 36 36 35 35 37 38 38 37 38 37 37 37 37 37 37 37 36 36 35 36 36 36 36 36 37 36 36 36 35 35 35 34 33 32 33 36 37 38 38 39 39 40 40 43 44 43 47 49 51 56 56 66 71 73 69 67 71 72 74 74 75
-999 -999 -999 -999 -999 -999 -999 -999 -999 -999 -999 32 31 31 32 32 32 32 31 31 33 34 34 36 35 35 36 36 36 36 36 35 35 35 35 35 36 36 35 37 38 38 38 39 37 37 38 38 39 37 36 36 36 36 36 36 37 37 37 37 36 36 36 35 35 35 34 33 33 34 35 37 38 38 39 39 40 40 43 45 46 50 50 54 57 60 64 69 70 71 69 71 72 71 68 72
-999 -999 -999 -999 -999 -999 -999 -999 -999 32 32 32 32 32 31 31 31 31 31 31 32 33 35 33 35 35 35 35 35 34 34 34 34 35 36 35 35 36 36 36 37 38 38 38 38 39 40 39 36 35 35 35 35 35 35 35 36 37 37 37 36 36 36 36 35 35 34 34 34 35 35 37 37 38 39 39 39 41 43 43 43 47 50 53 55 58 62 65 66 67 69 69 68 72 72 74
-999 -999 -999 32 -999 -999 -999 -999 -999 31 32 32 32 32 32 31 31 31 32 32 32 32 33 34 36 35 35 35 35 35 34 34 34 34 34 35 34 34 36 36 36 36 38 38 37 38 36 36 36 35 35 35 35 36 35 35 35 35 37 37 36 36 36 35 35 35 35 35 35 35 36 37 37 38 38 39 40 41 41 44 42 47 49 49 51 53 60 62 63 66 67 65 66 71 72 72
-999 -999 32 32 -999 -999 -999 -999 31 31 32 32 32 32 32 32 31 31 32 32 32 32 32 33 33 33 35 34 34 35 35 34 34 34 34 34 34 34 36 36 36 36 36 38 38 38 38 35 35 36 35 35 35 35 36 36 36 36 37 37 36 36 36 35 35 35 35 35 35 35 36 37 37 37 38 39 40 40 42 43 43 44 48 50 52 54 58 60 62 65 65 67 69 68 72 69
32 32 32 32 -999 -999 -999 32 32 32 32 32 32 32 32 32 32 32 32 32 32 32 32 32 32 34 35 33 34 34 35 34 34 34 34 35 34 34 35 36 36 36 36 36 38 38 38 34 35 35 35 42 42 35 35 36 36 36 37 38 37 36 35 35 35 35 35 35 35 36 36 37 37 37 38 38 39 40 41 43 44 46 47 50 52 52 57 58 63 61 63 66 62 70 66 66
-999 32 32 32 -999 -999 -999 33 33 32 32 32 32 32 32 31 32 32 32 32 32 32 32 32 32 32 32 34 34 33 35 35 35 35 34 34 35 35 35 35 36 36 37 37 37 37 37 36 36 33 36 41 35 34 35 35 35 36 36 37 37 35 36 35 36 35 36 35 36 36 36 37 37 37 37 38 39 40 41 41 43 43 47 50 50 52 57 56 58 53 55 61 59 66 66 63
-999 32 32 32 32 -999 -999 33 33 33 33 33 33 32 32 32 32 32 32 32 32 32 32 32 32 32 31 32 32 35 34 34 35 35 34 34 34 34 36 35 35 36 35 35 36 36 36 36 37 33 33 41 36 35 35 36 36 35 37 36 36 35 35 35 35 35 36 36 36 36 36 37 37 37 38 38 39 39 41 41 43 43 45 48 50 51 56 58 58 52 62 64 64 64 66 66
31 31 32 32 32 32 32 32 33 33 33 33 33 33 32 32 32 32 32 32 32 32 32 32 32 32 31 32 32 34 33 35 35 35 34 35 35 35 35 35 36 36 37 37 35 35 34 33 33 33 36 36 36 36 36 36 36 36 36 37 37 35 35 35 35 35 36 36 36 36 36 37 37 37 38 38 39 39 41 40 42 42 44 47 50 51 54 57 50 54 57 62 65 63 65 68
-999 31 31 32 33 33 33 33 32 32 33 33 33 33 33 33 33 32 32 33 32 31 32 32 32 32 32 32 32 32 34 34 35 33 33 35 35 35 35 36 37 37 37 37 36 36 34 33 33 33 33 36 36 36 36 37 36 36 35 37 37 36 35 35 35 35 35 36 36 36 36 37 37 37 38 38 39 39 39 40 41 41 43 46 50 51 51 54 50 54 59 61 61 64 67 68
-999 -999 31 33 32 33 33 33 33 33 33 32 33 34 34 33 33 33 33 33 33 32 34 33 32 32 31 31 33 34 34 34 34 34 35 35 35 35 35 35 36 36 36 35 36 34 34 33 32 33 36 37 37 37 37 36 36 35 36 37 36 37 37 35 35 35 36 36 36 36 37 37 37 37 38 38 38 38 38 39 41 41 43 45 47 51 52 51 52 57 57 54 59 61 66 68
-999 -999 32 31 33 33 33 33 33 33 33 34 34 34 34 34 34 34 34 34 33 32 34 33 33 32 31 31 34 34 34 35 34 34 34 34 34 34 35 35 35 35 35 35 35 34 34 34 33 34 36 36 36 36 36 36 36 36 37 36 36 36 35 35 35 35 35 36 36 36 36 37 37 37 38 38 38 38 38 38 40 41 42 44 44 46 47 46 48 51 56 59 61 62 64 66
-999 -999 32 32 32 33 34 33 33 33 34 34 34 34 34 34 34 34 35 34 33 33 34 33 34 33 31 31 33 34 34 34 34 33 34 34 33 34 33 35 35 34 35 35 35 35 35 34 33 34 36 36 36 36 35 36 36 36 36 36 36 36 35 35 35 35 35 36 36 36 36 37 37 37 38 38 38 38 37 38 40 40 42 44 54 48 48 51 55 54 57 57 55 57 58 62
-999 -999 -999 33 32 33 33 32 31 31 32 33 34 34 34 34 34 34 35 33 34 33 34 34 34 34 32 32 32 33 34 34 34 34 33 33 33 33 33 35 35 35 34 35 35 34 35 34 34 34 35 36 36 36 36 36 36 36 36 36 36 36 36 36 35 35 35 36 36 36 36 37 38 37 38 38 38 38 38 38 40 40 42 43 46 47 48 49 51 54 55 51 57 57 58 61
-999 -999 -999 -999 -999 -999 -999 -999 -999 32 33 33 34 34 35 34 34 35 34 33 35 35 34 34 33 34 32 32 32 32 34 34 34 32 32 33 33 33 33 33 33 34 34 35 34 34 33 34 33 33 34 34 35 35 35 35 36 36 36 37 37 38 36 36 36 35 36 36 35 36 37 37 37 38 38 38 38 38 38 38 40 40 41 42 43 44 46 46 50 52 50 52 55 58 55 59
-999 -999 -999 -999 -999 -999 -999 -999 -999 32 34 34 34 34 35 35 35 34 36 36 35 34 35 34 33 33 32 33 32 32 33 35 32 32 32 32 32 33 33 33 33 33 34 34 33 34 34 33 32 32 32 33 35 34 36 36 36 37 38 38 37 36 36 35 35 35 35 36 36 36 36 37 37 37 38 38 38 38 38 39 39 40 41 43 43 45 44 44 49 51 53 55 58 58 59 58
-999 -999 -999 -999 -999 -999 -999 -999 34 34 33 34 34 34 35 36 34 36 36 36 36 35 34 33 33 33 32 32 32 32 32 33 33 33 33 33 32 32 33 33 33 33 33 34 34 33 32 32 33 32 33 33 34 35 35 36 36 37 38 38 38 36 36 36 35 35 35 36 36 36 36 37 38 38 37 38 38 38 38 39 40 40 41 43 43 43 44 44 46 48 52 56 56 59 56 61
-999 -999 -999 -999 -999 -999 -999 -999 -999 34 34 35 34 34 35 36 34 36 36 36 36 35 34 33 34 33 33 32 33 32 32 32 33 33 33 33 33 32 33 33 33 33 33 33 34 33 33 33 33 32 32 33 33 34 37 37 38 38 38 38 38 36 36 36 35 35 35 35 36 36 35 36 37 37 37 38 38 38 38 39 39 40 41 42 43 43 44 45 45 48 49 55 55 53 53 57
-999 -999 -999 -999 -999 -999 -999 -999 -999 34 34 34 34 35 36 34 36 37 37 36 36 35 35 34 34 34 33 33 33 31 31 31 32 33 33 33 32 32 32 32 32 33 33 33 33 33 34 33 33 33 33 32 33 34 34 36 36 38 43 38 41 36 36 36 35 36 35 35 35 36 35 36 36 37 38 38 38 38 38 40 40 40 41 41 42 43 43 44 45 47 50 55 55 55 55 54
-999 -999 -999 -999 -999 -999 -999 -999 -999 -999 -999 35 34 34 35 33 36 36 36 36 34 34 35 34 34 34 33 33 32 33 31 31 31 32 33 32 32 32 33 32 32 32 32 32 32 33 33 32 32 32 32 32 32 32 33 33 34 37 39 41 38 36 36 35 35 35 35 35 35 36 36 37 37 37 37 37 38 39 39 40 40 41 42 42 42 43 44 44 44 46 47 50 50 51 50 58
-999 -999 -999 -999 -999 -999 -999 -999 -999 -999 -999 -999 36 35 35 35 36 36 36 35 34 35 34 34 34 34 34 33 32 32 31 31 31 31 33 32 32 32 32 32 32 32 32 32 32 32 33 33 33 32 32 32 32 32 32 32 32 34 39 38 38 38 36 36 36 35 35 35 35 35 37 37 37 37 38 38 38 38 39 41 41 41 41 42 42 42 43 43 44 44 46 51 52 46 50 55
-999 -999 -999 -999 -999 -999 -999 -999 -999 -999 -999 -999 -999 -999 34 36 36 36 35 35 35 35 34 34 34 34 33 34 33 32 32 31 31 31 31 32 32 32 32 32 32 32 32 33 33 32 33 33 33 32 32 32 32 32 31 31 32 33 38 38 38 38 38 37 36 35 35 35 35 35 37 36 37 37 37 37 38 38 38 39 41 41 41 42 42 42 43 45 45 46 46 48 45 56 54 52
-999 -999 -999 -999 -999 -999 -999 -999 -999 -999 -999 -999 -999 -999 33 35 34 36 36 35 35 35 36 34 34 34 34 33 32 32 33 32 31 31 31 31 31 30 31 32 32 32 32 32 32 32 32 32 32 32 32 32 32 32 32 31 31 33 36 36 36 38 38 38 37 35 35 35 35 36 36 36 36 37 38 37 38 38 38 38 40 41 41 41 41 41 42 43 45 45 49 50 45 51 54 58
-999 -999 -999 -999 -999 -999 -999 -999 -999 -999 -999 -999 -999 -999 35 34 34 35 36 36 36 35 34 34 34 33 33 33 33 33 32 32 32 31 31 31 31 31 31 31 32 32 32 32 32 32 32 32 31 31 32 32 32 31 31 31 32 32 33 35 35 37 37 39 39 35 35 35 35 34 36 36 36 37 38 37 37 38 39 39 40 41 41 41 41 42 43 43 43 46 48 48 47 49 50 56
-999 -999 -999 -999 -999 -999 -999 -999 -999 -999 -999 -999 -999 -999 33 34 35 35 36 36 36 36 34 34 34 34 34 33 33 33 33 33 32 32 31 31 31 31 31 31 32 32 32 32 32 32 32 31 31 31 31 32 32 31 32 31 31 31 32 33 36 36 36 37 38 36 35 35 35 35 36 36 36 36 37 37 38 37 38 40 40 40 41 41 41 41 42 42 43 45 46 47 47 52 54 56
-999 -999 -999 -999 -999 -999 -999 -999 -999 -999 -999 -999 -999 -999 -999 34 35 35 35 36 36 36 35 34 34 34 33 33 33 33 34 32 32 33 31 31 31 31 31 32 32 33 33 32 32 32 32 32 31 31 31 32 32 31 31 31 31 31 32 33 35 35 36 37 37 36 36 35 35 35 35 36 36 36 36 36 37 38 37 38 40 40 40 41 41 41 42 42 42 43 44 46 46 50 52 53
-999 -999 -999 -999 -999 -999 -999 -999 -999 -999 -999 -999 -999 -999 -999 33 34 34 35 36 35 36 36 34 35 34 34 34 33 33 33 33 33 32 31 31 31 31 31 32 32 31 32 32 32 32 32 32 32 31 31 31 31 31 31 30 30 30 31 32 33 35 36 36 36 35 35 35 35 35 36 36 35 36 36 36 37 37 38 39 39 39 41 41 42 41 42 41 42 43 45 44 46 51 48 51
-999 -999 -999 -999 -999 -999 -999 -999 -999 -999 -999 -999 -999 -999 32 33 33 33 35 34 35 36 36 36 35 35 34 34 34 33 33 33 33 32 31 31 31 32 31 31 32 32 32 32 32 32 32 32 31 31 31 32 31 30 31 30 30 30 31 31 32 33 34 36 36 34 37 35 35 37 36 35 35 36 36 37 37 37 38 39 39 39 40 42 41 41 41 40 42 42 43 44 42 45 49 48
-999 -999 -999 -999 -999 -999 -999 -999 -999 -999 -999 34 33 33 33 35 35 35 35 35 35 36 36 36 35 35 35 34 34 34 34 34 33 33 32 31 31 31 31 31 32 32 32 32 32 32 32 32 32 31 31 31 31 31 29 30 29 30 29 30 31 32 32 35 36 36 37 37 36 36 39 36 36 36 36 37 37 36 38 39 39 39 40 41 41 41 41 41 41 42 42 43 42 43 46 50
-999 -999 -999 -999 -999 -999 -999 -999 -999 -999 35 35 34 35 35 32 35 35 35 36 36 36 36 37 36 36 36 35 34 34 34 33 33 31 32 32 32 31 31 30 30 31 30 31 32 32 32 32 32 31 31 31 30 30 28 29 29 29 29 30 31 30 32 34 34 35 35 36 37 39 38 36 35 35 36 37 37 37 38 39 39 39 40 40 40 40 41 41 41 41 41 43 44 42 46 43
-999 -999 -999 -999 -999 -999 -999 -999 -999 -999 35 36 35 35 35 33 35 36 36 35 36 36 36 36 37 35 36 35 34 34 34 33 32 31 32 32 32 31 30 29 29 29 30 30 30 32 32 32 31 31 31 30 30 30 28 28 28 27 29 29 30 30 31 32 33 34 34 34 36 37 39 36 36 35 36 36 37 37 37 38 39 40 40 40 40 40 40 41 40 41 41 42 43 46 42 48
-999 -999 -999 -999 -999 -999 -999 -999 -999 -999 36 35 35 35 35 33 33 35 36 36 36 36 36 37 37 36 35 35 35 33 33 32 31 32 32 32 32 31 30 29 27 28 29 29 29 31 31 32 31 30 31 30 28 29 28 27 27 27 26 28 29 29 30 30 32 32 34 35 35 37 36 35 35 35 36 36 37 37 36 38 39 39 40 40 40 40 40 40 41 40 41 43 43 41 43 44
-999 -999 -999 -999 -999 -999 -999 -999 -999 -999 36 35 35 36 37 36 35 35 37 36 36 36 38 38 38 36 35 34 33 33 33 33 33 33 33 32 32 32 30 28 27 27 28 29 29 30 31 32 31 31 30 29 29 29 27 27 27 27 26 27 28 29 30 31 31 32 33 35 36 35 36 35 35 34 35 36 36 35 37 38 38 38 40 40 40 40 40 40 42 43 44 45 44 41 46 45
-999 -999 -999 -999 -999 -999 -999 35 37 37 38 37 37 35 35 34 35 37 37 36 36 35 38 38 37 35 37 35 33 33 34 34 35 34 33 34 32 32 29 29 27 27 27 28 29 29 30 32 32 30 30 30 29 28 28 27 27 27 26 28 29 28 29 30 31 31 33 34 34 36 38 34 35 34 35 36 37 36 37 37 39 39 39 40 41 40 40 39 40 41 44 42 41 41 43 45
-999 -999 -999 -999 -999 -999 34 37 37 38 38 36 35 33 33 33 33 37 37 36 36 36 37 35 36 38 37 36 36 36 36 36 38 37 37 34 32 32 30 29 29 27 27 29 29 29 29 30 31 30 30 30 29 28 29 28 28 27 28 28 29 29 28 29 30 31 32 34 35 35 37 36 34 36 35 35 37 36 36 37 37 39 39 39 39 40 40 40 40 42 42 42 41 44 44 45
-999 -999 -999 -999 -999 -999 -999 34 38 38 37 36 35 36 33 33 33 35 36 37 37 37 37 38 40 40 40 36 38 39 38 39 38 40 37 34 34 32 30 29 29 29 29 29 29 29 29 30 29 29 30 29 28 28 29 28 28 28 29 29 30 30 29 30 30 31 33 34 33 35 35 34 34 35 35 36 36 36 36 38 37 38 39 39 39 40 40 40 40 41 41 42 44 45 45 45
-999 -999 -999 -999 -999 -999 -999 -999 -999 38 37 37 36 36 33 33 34 35 36 38 39 37 37 37 42 40 41 39 38 40 40 40 40 42 36 36 34 33 32 30 29 29 29 30 29 29 30 30 30 29 29 29 28 29 29 29 29 28 29 30 30 30 29 30 30 31 33 36 35 37 37 37 35 34 36 37 37 37 36 38 38 38 38 39 39 39 39 41 41 41 41 43 45 44 43 43
-999 -999 -999 -999 -999 -999 -999 -999 -999 37 37 37 36 35 35 35 35 36 37 38 39 37 39 39 39 42 43 42 39 40 38 44 42 41 38 36 34 33 32 31 30 29 29 30 30 30 30 30 30 30 29 29 28 29 29 29 29 30 29 30 30 30 30 30 30 30 33 34 36 37 38 38 36 35 36 37 36 36 36 36 38 38 39 39 40 39 39 40 40 40 41 42 43 44 43 43
-999 -999 -999 -999 -999 -999 -999 -999 -999 39 40 37 35 35 36 36 37 38 38 39 40 40 40 40 40 42 42 41 41 40 38 41 43 43 38 37 34 34 33 32 31 31 31 31 31 31 31 31 30 30 29 29 29 29 29 29 29 30 30 30 30 30 30 30 30 30 32 34 35 37 39 40 37 36 36 36 35 36 37 36 38 38 38 38 39 39 39 39 40 40 40 42 43 43 44 44
-999 -999 -999 -999 -999 -999 -999 -999 -999 43 42 38 37 37 38 37 38 39 39 40 39 38 40 40 38 38 40 41 42 42 39 42 42 44 45 40 37 36 34 34 32 31 31 33 33 31 31 30 30 30 29 29 28 28 29 29 30 30 30 30 30 30 31 31 31 32 31 33 37 37 39 40 39 38 36 36 35 36 36 36 36 36 37 37 37 38 39 39 39 39 40 42 43 43 44 48
-999 -999 -999 -999 -999 -999 -999 -999 -999 -999 42 42 41 38 42 39 40 40 40 40 40 40 40 41 40 42 42 42 42 42 42 41 40 42 45 46 41 38 36 34 33 32 31 33 33 32 31 32 30 30 29 28 28 29 30 30 30 30 31 32 31 30 31 31 31 32 32 34 35 37 39 40 41 41 40 40 36 35 36 36 36 36 37 37 38 38 39 40 41 41 39 42 44 44 49 53
