grids/precipitation/feb/RSMS_02_1883_01.asc
NCOLS 654
NROWS 866
XLLCORNER 3280414.711633467
YLLCORNER 5237500.62890625
CELLSIZE 1000
NODATA_VALUE -999
[rows 689 to 741 of 866, columns 96 to 191 of 654]
-999 -999 -999 -999 -999 -999 -999 -999 -999 -999 -999 -999 -999 -999 -999 -999 -999 -999 -999 -999 -999 -999 -999 -999 -999 -999 -999 -999 -999 -999 -999 -999 -999 -999 -999 -999 -999 -999 -999 -999 -999 -999 -999 -999 -999 -999 -999 -999 -999 -999 -999 -999 -999 -999 -999 -999 -999 -999 -999 36 37 37 37 37 37 37 38 37 37 37 38 38 38 42 41 44 53 51 48 45 48 51 52 52 55 54 52 49 49 49 46 46 46 44 46 47
-999 -999 -999 -999 -999 -999 -999 -999 -999 -999 -999 -999 -999 -999 -999 -999 -999 -999 -999 -999 -999 -999 -999 -999 -999 -999 -999 -999 -999 -999 -999 -999 -999 -999 -999 -999 -999 -999 -999 -999 -999 -999 -999 -999 -999 -999 -999 -999 -999 -999 -999 -999 -999 -999 -999 -999 -999 -999 -999 36 36 36 37 37 37 37 38 38 38 37 38 39 41 44 46 47 53 53 50 49 49 52 49 54 55 55 53 52 50 49 50 49 49 50 46 41
-999 -999 -999 -999 -999 -999 -999 -999 -999 -999 -999 -999 -999 -999 -999 -999 -999 -999 -999 -999 -999 -999 -999 -999 -999 -999 -999 -999 -999 -999 -999 -999 -999 -999 -999 -999 -999 -999 -999 -999 -999 -999 -999 -999 -999 -999 -999 -999 -999 -999 -999 -999 -999 -999 -999 -999 -999 -999 36 36 36 36 36 36 36 37 37 38 38 38 38 41 42 46 57 48 47 53 53 56 55 54 50 56 52 55 53 53 53 52 53 52 53 45 50 45
-999 -999 -999 -999 -999 -999 -999 -999 -999 -999 -999 -999 -999 -999 -999 -999 -999 -999 -999 -999 -999 -999 -999 -999 -999 -999 -999 -999 -999 -999 -999 -999 -999 -999 -999 -999 -999 -999 -999 -999 -999 -999 -999 -999 -999 -999 -999 -999 -999 -999 -999 -999 -999 -999 -999 -999 -999 -999 36 36 36 36 37 37 37 37 38 38 38 38 38 40 42 45 47 46 52 53 55 56 58 59 50 58 58 56 58 55 54 57 56 54 55 45 51 53
-999 -999 -999 -999 -999 -999 -999 -999 -999 -999 -999 -999 -999 -999 -999 -999 -999 -999 -999 -999 -999 -999 -999 -999 -999 -999 -999 -999 -999 -999 -999 -999 -999 -999 -999 -999 -999 -999 -999 -999 -999 -999 -999 -999 -999 -999 -999 -999 -999 -999 -999 -999 -999 -999 -999 -999 -999 -999 37 36 36 37 37 37 38 38 38 38 39 40 41 40 41 44 44 46 47 50 55 59 60 60 53 62 62 56 60 62 60 59 60 59 47 57 55 50
-999 -999 -999 -999 -999 -999 -999 -999 -999 -999 -999 -999 -999 -999 -999 -999 -999 -999 -999 -999 -999 -999 -999 -999 -999 -999 -999 -999 -999 -999 -999 -999 -999 -999 -999 -999 -999 -999 -999 -999 -999 -999 -999 -999 -999 -999 -999 -999 -999 -999 -999 -999 -999 -999 -999 -999 -999 37 37 36 37 37 38 38 38 38 38 39 40 44 44 42 40 42 44 44 45 46 54 65 65 57 61 64 66 65 63 62 62 64 64 61 48 57 58 55
-999 -999 -999 -999 -999 -999 -999 -999 -999 -999 -999 -999 -999 -999 -999 -999 -999 -999 -999 -999 -999 -999 -999 -999 -999 -999 -999 -999 -999 -999 -999 -999 -999 -999 -999 -999 -999 -999 -999 -999 -999 -999 -999 -999 -999 -999 -999 -999 -999 -999 -999 -999 -999 -999 -999 -999 -999 36 36 37 37 37 37 38 38 39 39 41 44 43 48 44 41 41 44 43 44 50 56 67 72 63 58 64 61 65 67 67 67 66 63 54 55 57 60 59
-999 -999 -999 -999 -999 -999 -999 -999 -999 -999 -999 -999 -999 -999 -999 -999 -999 -999 -999 -999 -999 -999 -999 -999 -999 -999 -999 -999 -999 -999 -999 -999 -999 -999 -999 -999 -999 -999 -999 -999 -999 -999 -999 -999 -999 -999 -999 -999 -999 -999 -999 -999 -999 -999 -999 -999 36 36 36 37 37 37 38 39 39 40 43 44 47 45 46 45 43 42 43 44 48 51 63 66 64 64 58 68 66 70 69 68 68 63 56 62 55 55 50 58
-999 -999 -999 -999 -999 -999 -999 -999 -999 -999 -999 -999 -999 -999 -999 -999 -999 -999 -999 -999 -999 -999 -999 -999 -999 -999 -999 -999 -999 -999 -999 -999 -999 -999 -999 -999 -999 -999 -999 -999 -999 -999 -999 -999 -999 -999 -999 -999 -999 -999 -999 -999 34 34 34 35 35 35 36 36 37 37 38 39 40 41 43 46 46 48 47 46 45 43 41 44 50 48 62 61 59 58 60 67 75 70 67 67 63 65 55 63 49 61 60 56
-999 -999 -999 -999 -999 -999 -999 -999 -999 -999 -999 -999 -999 -999 -999 -999 -999 -999 -999 -999 -999 -999 -999 -999 -999 -999 -999 -999 -999 -999 -999 -999 -999 -999 -999 -999 -999 -999 -999 -999 -999 -999 -999 -999 -999 -999 -999 -999 -999 -999 -999 -999 33 33 33 33 33 34 35 35 36 37 38 38 40 40 45 46 56 56 56 46 45 44 42 42 44 47 53 57 68 57 66 62 70 72 68 63 58 59 63 65 51 63 60 56
-999 -999 -999 -999 -999 -999 -999 -999 -999 -999 -999 -999 -999 -999 -999 -999 -999 -999 -999 -999 -999 -999 -999 -999 -999 -999 -999 -999 -999 -999 -999 -999 -999 -999 -999 -999 -999 -999 -999 -999 -999 -999 -999 -999 -999 -999 -999 -999 -999 -999 -999 -999 33 33 33 32 32 33 33 35 36 36 37 42 43 45 41 43 48 46 55 49 47 46 44 43 49 49 52 55 62 64 65 66 63 71 58 68 66 67 66 57 59 58 55 55
-999 -999 -999 -999 -999 -999 -999 -999 -999 -999 -999 -999 -999 -999 -999 -999 -999 -999 -999 -999 -999 -999 -999 -999 -999 -999 -999 -999 -999 -999 -999 -999 -999 -999 -999 -999 -999 -999 -999 -999 -999 -999 -999 -999 -999 -999 -999 -999 33 -999 -999 33 33 33 32 32 32 32 33 35 36 36 38 43 48 49 42 41 46 47 60 51 50 48 44 45 51 52 59 64 75 64 68 73 73 65 63 69 68 66 57 65 72 58 59 56
-999 -999 -999 -999 -999 -999 -999 -999 -999 -999 -999 -999 -999 -999 -999 -999 -999 -999 -999 -999 -999 -999 -999 -999 -999 -999 -999 -999 -999 -999 -999 -999 -999 -999 -999 -999 -999 -999 -999 -999 -999 -999 -999 -999 -999 -999 -999 -999 33 33 33 33 33 33 32 32 32 31 32 35 36 37 38 43 52 51 44 44 45 47 54 56 52 49 55 46 49 55 65 71 71 67 73 64 63 59 68 66 62 58 53 70 60 63 51 50
-999 -999 -999 -999 -999 -999 -999 -999 -999 -999 -999 -999 -999 -999 -999 -999 -999 -999 -999 -999 -999 -999 -999 -999 -999 -999 -999 -999 -999 -999 -999 -999 -999 -999 -999 -999 -999 -999 -999 -999 -999 -999 -999 -999 -999 -999 -999 -999 33 33 33 33 33 32 32 32 32 32 33 34 36 37 41 42 47 48 50 44 47 44 47 51 54 58 50 47 53 66 67 75 73 76 72 72 70 59 64 68 66 63 54 65 54 60 50 55
-999 -999 -999 -999 -999 -999 -999 -999 -999 -999 -999 -999 -999 -999 -999 -999 -999 -999 -999 -999 -999 -999 -999 -999 -999 -999 -999 -999 -999 -999 -999 -999 -999 -999 -999 -999 -999 -999 -999 -999 -999 -999 -999 -999 -999 -999 -999 -999 32 32 33 33 33 33 33 33 33 33 34 37 38 38 41 43 49 50 52 52 41 47 47 53 51 61 51 48 51 56 59 60 63 74 72 67 61 62 67 66 59 56 59 62 51 60 56 52
-999 -999 -999 -999 -999 -999 -999 -999 -999 -999 -999 -999 -999 -999 -999 -999 -999 -999 -999 -999 -999 -999 -999 -999 -999 -999 -999 -999 -999 -999 -999 -999 -999 -999 -999 -999 -999 -999 -999 -999 -999 -999 -999 -999 -999 -999 -999 32 32 32 33 33 33 33 33 33 33 33 34 38 38 39 41 47 48 50 60 48 47 47 51 53 59 61 59 52 51 59 60 57 66 73 70 65 68 66 66 66 64 56 62 57 58 60 57 51
-999 -999 -999 -999 -999 -999 -999 -999 -999 -999 -999 -999 -999 -999 -999 -999 -999 -999 -999 -999 -999 -999 -999 -999 -999 -999 -999 -999 -999 -999 -999 -999 -999 -999 -999 -999 -999 -999 -999 -999 -999 -999 -999 -999 -999 -999 -999 32 32 33 32 32 33 33 33 33 33 34 35 37 37 40 43 46 46 49 50 53 57 57 59 57 65 63 64 64 51 57 61 63 66 75 71 69 67 65 63 57 56 55 59 54 59 54 55 52
-999 -999 -999 -999 -999 -999 -999 -999 -999 -999 -999 -999 -999 -999 -999 -999 -999 -999 -999 -999 -999 -999 -999 -999 -999 -999 -999 -999 -999 -999 -999 -999 -999 -999 -999 -999 -999 -999 -999 -999 -999 -999 -999 -999 -999 -999 30 31 31 31 32 32 32 33 33 33 34 35 35 37 38 40 46 53 52 51 60 56 55 58 64 66 66 66 62 61 49 59 67 67 77 72 69 69 68 67 67 66 63 57 58 55 59 57 56 53
-999 -999 -999 -999 -999 -999 -999 -999 -999 -999 -999 -999 -999 -999 -999 -999 -999 -999 -999 -999 -999 -999 -999 -999 -999 -999 -999 -999 -999 -999 -999 -999 -999 -999 -999 -999 -999 -999 -999 -999 -999 -999 -999 -999 -999 30 30 29 30 30 31 32 32 33 34 34 35 35 36 37 39 40 42 48 49 59 60 61 56 58 65 68 74 68 55 52 53 53 61 75 75 74 68 67 63 65 59 56 51 52 60 51 57 58 56 55
-999 -999 -999 -999 -999 -999 -999 -999 -999 -999 -999 -999 -999 -999 -999 -999 -999 -999 -999 -999 -999 -999 -999 -999 -999 -999 -999 -999 -999 -999 -999 -999 -999 -999 -999 -999 -999 -999 -999 -999 -999 -999 -999 -999 30 29 29 29 30 30 31 31 32 32 33 34 35 35 36 36 38 40 44 42 51 53 63 59 66 60 64 70 66 62 57 49 47 57 66 69 75 73 72 67 62 62 57 56 56 61 59 50 57 54 56 53
-999 -999 -999 -999 -999 -999 -999 -999 -999 -999 -999 -999 -999 -999 -999 -999 -999 -999 -999 -999 -999 -999 -999 -999 -999 -999 -999 -999 -999 -999 -999 -999 -999 -999 -999 -999 -999 -999 -999 -999 -999 -999 -999 30 30 30 29 29 30 29 30 31 32 32 33 34 35 35 35 37 39 41 50 43 44 48 64 67 62 65 66 73 76 72 64 55 49 54 64 67 74 69 70 70 64 57 60 62 56 61 57 51 52 56 54 53
-999 -999 -999 -999 -999 -999 -999 -999 -999 -999 -999 -999 -999 -999 -999 -999 -999 -999 -999 -999 -999 -999 -999 -999 -999 -999 -999 -999 -999 -999 -999 -999 -999 -999 -999 -999 -999 -999 -999 -999 -999 -999 29 29 29 29 29 29 29 28 29 30 31 32 32 33 33 34 35 37 40 45 51 47 44 56 60 66 71 71 74 68 66 71 61 52 50 57 62 60 72 66 70 62 59 61 65 60 62 61 57 52 54 55 53 52
-999 -999 -999 -999 -999 -999 -999 -999 -999 -999 -999 -999 -999 -999 -999 -999 -999 -999 -999 -999 -999 -999 -999 -999 -999 -999 -999 -999 -999 -999 -999 -999 -999 -999 -999 -999 -999 -999 -999 -999 -999 28 29 29 29 29 29 29 29 29 30 31 31 31 32 32 32 33 35 36 37 44 45 51 46 52 58 67 68 70 72 72 63 62 65 52 48 56 56 59 68 65 67 64 56 60 65 63 60 58 53 55 53 51 52 50
-999 -999 -999 -999 -999 -999 -999 -999 -999 -999 -999 -999 -999 -999 -999 -999 -999 -999 -999 -999 -999 -999 -999 -999 -999 -999 -999 -999 -999 -999 -999 -999 -999 -999 -999 -999 -999 -999 -999 -999 28 28 29 29 29 29 29 29 29 30 30 31 31 32 31 32 32 34 34 37 38 43 46 53 50 59 61 67 70 65 65 62 66 61 59 62 49 58 63 69 68 66 61 58 64 63 62 60 56 56 54 55 52 50 50 49
-999 -999 -999 -999 -999 -999 -999 -999 -999 -999 -999 -999 -999 -999 -999 -999 -999 -999 -999 -999 -999 -999 -999 -999 -999 -999 -999 -999 -999 -999 -999 -999 -999 -999 -999 -999 -999 -999 28 28 28 28 28 28 29 29 29 29 29 29 30 31 31 31 31 31 32 33 35 37 40 46 54 58 58 61 62 67 66 72 65 64 70 65 57 54 57 55 66 69 66 65 64 60 63 63 60 57 58 56 54 53 51 48 48 47
-999 -999 -999 -999 -999 -999 -999 -999 -999 -999 -999 -999 -999 -999 -999 -999 -999 -999 -999 -999 -999 -999 -999 -999 -999 -999 -999 -999 -999 -999 -999 -999 -999 -999 -999 -999 -999 -999 28 27 28 28 28 28 28 28 29 29 29 30 29 30 30 30 31 31 32 32 34 39 41 43 49 51 56 60 59 59 58 66 65 64 57 57 55 52 55 64 69 68 65 62 61 57 63 59 56 55 55 52 51 51 50 49 47 47
-999 -999 -999 -999 -999 -999 -999 -999 -999 -999 -999 -999 -999 -999 -999 -999 -999 -999 -999 -999 -999 -999 -999 -999 -999 -999 -999 -999 -999 -999 -999 -999 -999 -999 -999 -999 -999 27 27 26 26 27 27 28 27 28 28 29 29 29 30 30 30 30 31 30 32 32 33 41 48 47 49 43 52 52 55 56 52 56 60 55 51 55 58 58 56 59 68 64 63 62 59 60 59 54 50 51 49 47 48 50 44 48 45 44
-999 -999 -999 -999 -999 -999 -999 -999 -999 -999 -999 -999 -999 -999 -999 -999 -999 -999 -999 -999 -999 -999 -999 -999 -999 -999 -999 -999 -999 -999 -999 -999 -999 -999 -999 -999 -999 26 26 26 26 26 27 27 27 28 28 29 29 29 30 30 30 31 31 31 32 35 35 37 44 49 53 49 52 56 55 54 52 51 51 50 56 61 59 58 53 61 66 65 63 61 60 57 57 54 50 47 48 47 49 48 46 48 45 43
-999 -999 -999 -999 -999 -999 -999 -999 -999 -999 -999 -999 -999 -999 -999 -999 -999 -999 -999 -999 -999 -999 -999 -999 -999 -999 -999 -999 -999 -999 -999 -999 -999 -999 -999 -999 24 25 25 25 26 26 26 27 27 28 28 28 29 29 29 30 30 29 31 32 32 34 39 43 44 51 50 48 56 52 50 51 50 51 48 56 61 57 55 59 55 57 55 60 64 62 61 57 56 51 49 46 46 47 48 47 47 44 43 41
-999 -999 -999 -999 -999 -999 -999 -999 -999 -999 -999 -999 -999 -999 -999 -999 -999 -999 -999 -999 -999 -999 -999 -999 -999 -999 -999 -999 -999 -999 -999 -999 -999 -999 -999 -999 24 24 24 25 25 26 26 26 27 27 28 27 28 29 29 29 31 31 31 32 32 33 34 39 46 46 45 49 60 56 55 49 53 50 53 54 50 52 54 53 57 54 51 59 59 60 59 57 52 52 48 48 47 46 47 47 45 44 43 36
-999 -999 -999 -999 -999 -999 -999 -999 -999 -999 -999 -999 -999 -999 -999 -999 -999 -999 -999 -999 -999 -999 -999 -999 -999 -999 -999 -999 -999 -999 -999 -999 -999 -999 -999 23 23 24 24 25 25 25 25 26 26 26 27 27 28 29 29 30 31 31 32 33 35 33 34 39 48 41 42 48 52 51 52 48 46 46 47 48 47 46 50 53 52 54 50 58 57 57 56 55 51 51 48 45 45 47 46 45 45 44 42 40
-999 -999 -999 -999 -999 -999 -999 -999 -999 -999 -999 -999 -999 -999 -999 -999 -999 -999 -999 -999 -999 -999 -999 -999 -999 -999 -999 -999 -999 -999 -999 -999 -999 -999 -999 23 23 23 24 25 25 25 25 26 26 26 27 27 28 29 30 31 31 31 32 33 38 33 40 34 39 42 41 44 46 51 58 52 52 48 47 47 48 46 55 56 51 51 48 51 57 56 52 53 52 50 47 48 45 47 47 45 41 44 39 40
-999 -999 -999 -999 -999 -999 -999 -999 -999 -999 -999 -999 -999 -999 -999 -999 -999 -999 -999 -999 -999 -999 -999 -999 -999 -999 -999 -999 -999 -999 -999 -999 -999 -999 -999 23 23 22 23 25 25 25 25 25 26 26 26 27 28 29 29 31 31 32 32 35 38 37 45 38 38 39 42 43 44 48 52 53 49 50 52 49 49 47 55 53 57 49 48 51 56 55 50 53 52 50 46 43 45 48 47 46 44 45 43 42
-999 -999 -999 -999 -999 -999 -999 -999 -999 -999 -999 -999 -999 -999 -999 -999 -999 -999 -999 -999 -999 -999 -999 -999 -999 -999 -999 -999 -999 -999 -999 -999 -999 -999 -999 23 23 23 23 24 25 25 25 25 26 26 27 27 28 29 30 30 31 31 32 36 36 41 46 37 37 38 43 46 54 53 55 55 53 49 47 45 49 51 52 53 51 54 48 48 54 53 50 48 52 50 49 47 49 47 47 47 43 44 43 41
-999 -999 -999 -999 -999 -999 -999 -999 -999 -999 -999 -999 -999 -999 -999 -999 -999 -999 -999 -999 -999 -999 -999 -999 -999 -999 -999 -999 -999 -999 -999 -999 -999 -999 -999 24 24 24 24 25 25 25 25 26 26 26 26 28 28 29 30 30 31 32 32 33 34 44 48 42 40 37 43 43 54 54 50 50 51 52 51 53 51 48 46 50 50 47 43 45 49 49 51 46 48 50 45 50 49 48 47 45 44 43 42 41
-999 -999 -999 -999 -999 -999 -999 -999 -999 -999 -999 -999 -999 -999 -999 -999 -999 -999 -999 -999 -999 -999 -999 -999 -999 -999 -999 -999 -999 -999 -999 -999 -999 -999 -999 24 24 24 25 25 25 25 26 26 26 26 27 28 28 29 30 30 31 31 31 32 34 43 45 41 41 41 39 41 47 51 46 44 46 44 50 51 51 51 48 43 46 42 40 41 46 45 46 45 46 46 48 50 49 49 48 46 45 45 43 41
-999 -999 -999 -999 -999 -999 -999 -999 -999 -999 -999 -999 -999 -999 -999 -999 -999 -999 -999 -999 -999 -999 -999 -999 -999 -999 -999 -999 -999 -999 -999 -999 -999 -999 -999 25 24 25 25 25 25 27 27 27 27 27 27 27 29 29 30 30 32 31 32 31 36 40 40 40 46 46 44 45 44 51 50 50 46 47 43 45 49 52 49 44 44 46 40 39 41 47 47 49 44 50 50 49 48 48 47 47 46 45 42 39
-999 -999 -999 -999 -999 -999 -999 -999 -999 -999 -999 -999 -999 -999 -999 -999 -999 -999 -999 -999 -999 -999 -999 -999 -999 -999 -999 -999 -999 -999 -999 -999 -999 -999 -999 25 25 26 26 26 26 27 27 27 27 28 27 28 29 29 30 31 32 32 31 31 31 31 33 40 41 44 46 39 40 48 46 45 40 40 41 46 45 49 47 46 39 44 41 38 44 46 46 47 48 48 47 47 47 47 49 46 45 44 41 37
-999 -999 -999 -999 -999 -999 -999 -999 -999 -999 -999 -999 -999 -999 -999 -999 -999 -999 -999 -999 -999 -999 -999 -999 -999 -999 -999 -999 -999 -999 -999 -999 -999 -999 -999 26 26 26 26 27 27 28 27 28 28 28 28 28 29 29 29 33 33 32 34 32 30 31 32 36 41 40 43 38 42 44 43 39 39 38 44 42 43 44 44 41 37 36 36 41 41 44 45 45 46 47 49 48 48 48 46 45 45 40 39 40
-999 -999 -999 -999 -999 -999 -999 -999 -999 -999 -999 -999 -999 -999 -999 -999 -999 -999 -999 -999 -999 -999 -999 -999 -999 -999 -999 -999 -999 -999 -999 -999 -999 -999 -999 26 26 26 28 27 28 28 28 27 28 28 28 28 29 30 31 34 34 35 37 34 32 33 38 32 33 39 39 36 35 41 42 40 36 42 39 42 38 40 40 37 34 34 41 43 38 43 44 43 44 44 47 49 49 47 46 44 43 45 42 42
-999 -999 -999 -999 -999 -999 -999 -999 -999 -999 -999 -999 -999 -999 -999 -999 -999 -999 -999 -999 -999 -999 -999 -999 -999 -999 -999 -999 -999 -999 -999 -999 -999 -999 26 26 27 27 28 28 28 28 28 28 28 28 27 29 30 30 32 34 36 35 33 33 33 37 41 34 37 34 37 34 35 37 41 39 37 38 38 37 39 36 38 34 34 35 40 42 41 42 42 43 43 43 46 46 47 45 44 45 44 45 45 45
-999 -999 -999 -999 -999 -999 -999 -999 -999 -999 -999 -999 -999 -999 -999 -999 -999 -999 -999 -999 -999 -999 -999 -999 -999 -999 -999 -999 -999 -999 -999 -999 27 27 26 26 27 26 27 28 28 28 28 28 28 28 28 29 30 29 30 32 33 37 37 34 35 35 41 39 36 37 41 33 34 33 36 39 37 36 34 34 30 32 35 35 33 33 39 42 41 42 41 40 41 43 44 46 46 45 46 44 44 44 43 44
-999 -999 -999 -999 -999 -999 -999 -999 -999 -999 -999 -999 -999 -999 -999 -999 -999 -999 -999 -999 -999 -999 -999 -999 -999 -999 -999 -999 -999 -999 -999 -999 27 27 27 26 26 27 27 28 29 28 28 28 28 28 28 28 29 31 37 36 34 35 40 36 40 41 40 37 35 37 37 31 35 33 31 36 31 33 31 27 28 31 30 30 34 33 39 41 41 41 41 40 38 38 41 45 44 44 46 44 46 48 45 44
-999 -999 -999 -999 -999 -999 -999 -999 -999 -999 -999 -999 -999 -999 -999 -999 -999 -999 -999 -999 -999 -999 -999 -999 -999 -999 -999 -999 -999 -999 -999 -999 27 27 27 26 26 27 28 28 29 29 29 28 28 28 29 29 30 34 43 40 36 35 41 42 40 41 40 38 36 34 33 30 30 31 31 34 29 34 32 29 27 29 32 33 34 33 37 41 41 41 38 39 38 39 42 43 44 43 43 44 45 48 45 43
-999 -999 -999 -999 -999 -999 -999 -999 -999 -999 -999 -999 -999 -999 -999 -999 -999 -999 -999 -999 -999 -999 -999 -999 -999 -999 -999 -999 -999 -999 -999 -999 27 27 27 27 26 27 28 29 29 29 29 28 28 28 29 29 31 40 38 43 41 35 36 41 43 45 48 41 38 34 36 34 32 32 32 30 29 32 30 27 26 28 31 34 35 38 38 40 41 40 39 37 36 37 37 40 44 43 44 46 46 48 46 44
-999 -999 -999 -999 -999 -999 -999 -999 -999 -999 -999 -999 -999 -999 -999 -999 -999 -999 -999 -999 -999 -999 -999 -999 -999 -999 -999 -999 -999 -999 -999 -999 28 27 27 27 27 28 29 30 30 29 30 29 29 29 29 30 36 41 37 37 42 39 41 42 50 51 48 44 40 33 34 34 35 34 30 26 30 32 30 29 28 30 32 34 36 36 41 41 42 42 41 39 38 36 38 38 40 41 45 48 47 47 46 43
-999 -999 -999 -999 -999 -999 -999 -999 -999 -999 -999 -999 -999 -999 -999 -999 -999 -999 -999 -999 -999 -999 -999 -999 -999 -999 -999 -999 -999 -999 -999 -999 28 28 28 28 28 28 30 30 30 30 30 30 30 30 30 31 37 35 32 35 36 37 36 43 51 51 48 47 46 35 33 34 36 32 28 29 27 31 30 30 32 32 33 35 37 39 40 44 47 44 41 39 38 37 35 34 39 42 43 47 48 47 45 43
-999 -999 -999 -999 -999 -999 -999 -999 -999 -999 -999 -999 -999 -999 -999 -999 -999 -999 -999 -999 -999 -999 -999 -999 -999 -999 -999 -999 -999 -999 -999 28 28 28 28 28 29 29 29 30 30 30 30 30 30 30 30 31 31 32 35 32 34 38 37 41 48 47 46 41 46 38 32 34 35 31 30 29 30 32 31 35 35 37 35 36 38 39 43 45 45 44 42 39 38 37 35 35 40 41 43 45 46 47 45 43
-999 -999 -999 -999 -999 -999 -999 -999 -999 -999 -999 -999 -999 -999 -999 -999 -999 -999 -999 -999 -999 -999 -999 -999 -999 -999 -999 -999 -999 -999 -999 29 28 28 28 29 29 29 30 30 30 30 30 32 31 31 32 31 31 33 32 32 35 39 36 41 45 42 39 46 46 38 34 30 30 30 35 30 34 34 36 39 41 34 36 39 40 40 44 46 47 46 43 41 39 37 40 37 37 42 44 46 45 44 45 40
-999 -999 -999 -999 -999 -999 -999 -999 -999 -999 -999 -999 -999 -999 -999 -999 -999 -999 -999 -999 -999 -999 -999 -999 -999 -999 -999 -999 -999 -999 -999 28 28 28 28 28 29 30 30 30 30 31 33 32 34 33 37 38 32 33 34 37 36 38 43 43 42 38 40 47 48 43 39 35 35 31 30 34 34 37 36 38 40 39 39 41 38 43 45 46 47 49 47 45 43 41 42 42 38 42 46 46 45 44 38 42
-999 -999 -999 -999 -999 -999 -999 -999 -999 -999 -999 -999 -999 -999 -999 -999 -999 -999 -999 -999 -999 -999 -999 -999 -999 -999 -999 -999 -999 -999 27 27 27 28 28 29 29 30 30 30 31 31 33 33 35 33 41 34 34 33 33 33 38 39 41 38 40 40 41 48 44 41 41 39 41 35 35 36 37 38 35 35 37 36 38 42 39 41 45 49 50 50 48 48 45 43 42 42 44 41 46 47 47 43 43 39
-999 -999 -999 -999 -999 -999 -999 -999 -999 -999 -999 -999 -999 -999 -999 -999 -999 -999 -999 -999 -999 -999 -999 -999 -999 -999 -999 -999 -999 -999 28 27 27 27 28 29 29 30 30 30 31 31 32 33 35 39 41 37 35 34 33 32 37 42 43 36 38 44 51 48 41 38 40 42 41 44 41 38 36 39 40 37 34 39 44 44 39 43 45 50 48 50 48 49 48 46 45 42 43 43 47 46 45 46 42 40
-999 -999 -999 -999 -999 -999 -999 -999 -999 -999 -999 -999 -999 -999 -999 -999 -999 -999 -999 -999 -999 -999 -999 -999 -999 -999 -999 -999 -999 -999 27 27 27 27 28 29 29 30 30 30 31 33 32 35 41 36 42 36 39 35 34 33 35 41 37 38 41 48 50 43 39 42 44 40 42 41 43 41 39 36 41 39 34 42 45 45 40 45 43 50 53 50 50 50 49 49 48 45 42 42 45 47 46 45 41 40
