grids/precipitation/feb/RSMS_02_1883_01.asc
NCOLS 654
NROWS 866
XLLCORNER 3280414.711633467
YLLCORNER 5237500.62890625
CELLSIZE 1000
NODATA_VALUE -999
[rows 742 to 794 of 866, columns 384 to 479 of 654]
28 28 28 28 28 30 29 28 28 29 28 26 27 27 28 27 27 28 27 27 28 27 27 27 27 26 26 27 27 28 27 27 26 26 26 25 25 25 25 26 26 26 27 26 26 26 25 25 25 25 25 25 25 26 26 27 26 27 29 29 29 28 27 28 28 28 28 29 30 31 32 33 32 32 31 31 31 29 29 29 29 28 29 29 30 30 29 29 31 31 31 31 31 32 32 32
30 29 28 29 29 29 29 28 28 28 27 27 27 28 27 27 27 28 28 28 28 28 27 28 27 27 27 28 28 28 27 27 27 27 25 26 27 27 27 27 26 26 26 26 25 25 25 26 26 26 25 26 26 27 27 27 27 28 28 29 29 29 29 29 31 30 29 30 31 32 33 32 32 32 31 31 30 29 29 29 29 30 31 30 29 31 31 30 30 30 30 31 32 31 30 31
29 29 29 29 28 29 28 29 28 28 27 28 28 27 28 28 28 28 28 28 28 28 27 27 27 27 27 28 28 28 27 27 27 27 27 27 27 27 27 27 27 26 26 25 25 26 26 26 26 26 25 26 26 26 27 28 28 28 29 30 29 30 30 31 30 29 30 31 31 32 32 32 32 31 31 30 30 29 29 29 29 30 30 31 31 31 31 31 30 31 32 31 32 32 32 32
29 29 28 29 29 29 29 28 28 28 29 28 28 27 27 27 27 27 28 27 28 28 28 27 27 28 27 28 28 27 27 27 27 27 27 27 27 27 27 27 27 27 27 26 26 26 25 25 26 25 26 25 26 27 27 27 28 28 28 29 30 31 31 31 31 31 30 31 32 32 32 32 32 32 31 31 29 30 29 30 29 29 31 31 31 30 32 31 31 31 31 31 30 30 32 30
29 29 29 28 28 28 29 28 29 29 29 28 27 28 28 28 28 28 28 28 28 28 28 27 27 29 28 28 28 27 27 27 27 27 27 27 27 27 27 27 27 27 26 26 26 25 25 25 25 25 26 26 26 27 27 27 27 28 29 29 29 31 30 30 30 31 32 31 31 32 33 31 32 31 32 31 30 29 29 30 29 30 31 31 30 31 31 32 31 31 30 30 30 31 31 31
28 28 28 29 29 29 29 29 29 29 29 29 28 28 28 29 29 28 29 29 29 28 28 27 27 28 29 28 28 27 27 27 27 27 27 28 28 27 27 27 27 27 26 26 26 26 25 24 25 25 26 26 27 28 27 27 28 28 28 29 29 30 30 32 32 32 31 31 31 32 31 32 32 31 31 31 30 31 29 30 29 31 31 30 30 31 31 31 31 30 31 31 32 32 30 31
29 28 28 29 29 28 29 29 29 29 29 28 28 28 29 28 28 28 28 29 28 28 27 27 28 28 28 27 27 27 27 27 27 27 28 28 29 28 28 27 27 27 26 26 26 26 25 25 24 25 26 27 27 27 28 28 27 28 29 29 29 30 32 32 32 31 32 32 32 31 31 32 31 31 31 31 31 31 30 29 29 31 29 30 29 31 31 30 30 31 31 32 32 30 30 30
29 29 28 29 29 28 29 29 29 29 28 28 28 28 29 28 29 28 29 29 28 28 27 27 28 28 28 28 27 28 28 28 28 28 28 28 28 29 29 28 28 28 27 27 26 26 25 25 25 25 27 27 28 28 28 28 28 28 30 30 30 31 31 32 31 32 32 32 31 32 31 31 30 30 30 29 29 30 29 29 29 30 29 31 31 29 31 29 30 29 30 30 30 30 30 30
28 28 28 28 28 29 29 29 29 28 28 29 29 28 29 29 29 28 28 28 28 28 28 28 28 28 28 28 28 28 28 28 28 29 29 29 29 29 29 29 28 28 27 27 26 26 26 26 26 27 28 28 28 28 28 28 28 29 30 30 31 31 31 31 31 32 32 32 31 32 31 32 31 32 32 31 31 30 30 30 29 29 29 28 29 30 29 29 29 30 30 30 30 30 30 31
28 28 28 28 28 28 29 29 28 28 29 29 29 29 28 29 29 29 28 28 28 28 28 28 28 28 28 28 28 28 28 28 28 28 29 29 29 29 29 28 28 28 27 27 27 27 26 27 28 28 28 27 28 28 28 28 29 30 30 31 31 31 31 31 31 31 31 31 31 32 34 34 34 32 33 33 31 31 30 31 31 29 29 27 27 27 28 29 29 29 30 30 30 30 30 30
28 28 28 28 29 28 29 30 29 30 30 29 29 29 29 29 29 29 28 28 28 28 28 28 28 28 28 28 28 28 28 28 28 28 29 29 29 29 29 28 28 28 28 27 27 27 27 28 28 28 28 28 28 28 28 28 29 30 31 32 31 32 32 32 32 32 34 32 32 34 35 34 33 34 33 31 32 32 30 31 30 29 29 27 27 27 29 29 30 30 30 30 30 30 30 29
28 28 27 28 28 29 29 29 30 29 29 29 28 28 29 29 29 29 28 28 28 28 29 28 28 28 28 28 28 28 28 28 28 28 29 29 29 29 29 29 28 28 28 28 27 28 28 28 28 29 28 28 28 28 28 29 29 30 31 32 31 31 35 35 35 34 34 35 34 34 34 36 35 35 34 35 33 32 31 32 29 31 29 30 29 29 30 30 30 30 30 30 30 29 30 30
28 27 27 27 28 28 28 29 28 28 28 28 28 28 29 29 28 28 28 28 29 29 29 29 29 28 29 28 28 28 29 29 29 28 28 29 29 29 29 29 29 29 29 29 29 29 29 29 30 29 28 28 28 29 29 29 31 31 32 34 32 32 34 35 35 34 35 34 35 34 35 35 37 35 35 33 32 33 32 32 32 32 32 29 31 30 30 30 30 30 31 31 30 30 29 30
28 27 25 26 28 27 27 28 28 28 28 28 29 28 28 29 29 29 29 29 29 29 29 30 30 30 29 29 29 29 29 29 29 29 29 29 29 29 29 30 30 30 30 30 30 30 29 31 31 30 29 29 29 29 30 31 31 31 32 35 33 34 33 35 37 35 36 38 35 37 36 35 37 37 35 37 35 35 34 35 33 33 33 33 32 33 34 31 32 32 31 31 31 30 30 30
28 27 26 27 27 27 28 28 28 28 29 29 29 29 29 29 29 29 29 29 29 29 29 30 30 30 29 29 29 29 29 29 29 29 29 29 29 29 30 30 30 30 30 30 30 30 30 30 31 30 29 29 30 30 31 31 31 31 33 35 34 36 35 37 37 35 37 38 35 38 38 38 37 37 38 37 35 37 36 34 35 34 35 35 35 35 32 32 32 32 30 30 30 30 29 30
28 28 27 27 27 27 28 28 28 29 29 29 29 29 29 29 29 29 29 29 29 29 29 30 30 30 29 29 29 29 29 29 29 29 29 29 29 29 30 30 30 30 30 30 30 30 31 31 31 29 29 29 29 30 31 31 31 32 34 35 35 37 36 37 37 37 38 38 35 37 38 38 38 38 37 37 37 37 36 35 35 37 34 35 34 32 33 33 31 30 30 31 30 31 31 32
29 28 28 28 28 28 28 28 29 29 29 29 29 29 29 29 30 29 29 29 29 29 30 30 30 30 30 29 29 30 29 29 29 29 29 30 30 30 30 30 30 30 30 30 30 31 31 31 30 29 30 30 30 30 31 31 32 34 35 36 36 38 38 37 38 39 40 39 37 37 39 40 38 38 36 35 35 35 38 35 36 38 37 36 33 33 33 34 31 31 31 31 32 33 32 33
31 29 29 29 29 29 29 29 29 29 29 29 29 29 29 30 30 30 29 29 29 29 29 30 30 30 29 30 30 30 29 29 29 29 29 30 30 30 30 31 31 31 30 30 30 31 31 32 31 30 30 31 30 31 31 32 33 34 36 37 38 37 38 37 39 40 39 38 39 39 39 40 39 38 38 38 38 37 36 36 37 38 35 37 33 33 33 33 32 32 33 34 33 33 32 31
31 31 30 29 29 29 29 29 29 29 29 29 29 29 29 30 30 30 29 29 29 29 29 30 30 30 30 30 30 30 29 29 29 29 30 30 30 30 31 31 31 31 32 30 30 31 32 31 31 30 30 31 30 31 32 32 33 34 36 38 38 38 38 40 39 40 41 40 39 39 40 40 40 38 39 38 36 36 35 36 36 38 38 34 31 31 31 32 33 34 33 33 33 33 32 33
32 32 31 30 30 29 30 29 29 29 30 30 30 29 31 31 31 31 30 29 29 30 30 30 30 30 30 30 30 30 29 29 30 31 31 30 30 32 32 32 32 32 32 31 30 31 32 31 32 30 30 31 31 31 32 32 33 34 37 38 38 40 39 40 42 42 42 40 39 38 38 38 37 37 37 36 35 36 36 36 35 33 33 32 31 31 32 31 36 35 33 33 34 33 33 33
34 32 31 31 30 30 30 30 30 30 30 30 30 31 31 31 31 31 31 30 30 29 29 30 30 30 30 31 30 30 30 31 31 31 31 32 32 33 33 33 32 32 32 32 32 32 32 32 32 32 31 31 32 32 33 33 34 35 37 38 40 41 39 40 40 41 41 41 40 39 39 38 38 38 37 36 36 36 37 38 35 32 32 32 33 33 35 34 35 35 34 33 34 33 33 32
32 32 31 31 31 31 30 31 31 30 29 29 29 29 31 31 31 31 31 30 29 29 29 30 30 32 30 31 31 30 31 31 32 33 32 33 33 33 33 33 33 33 33 33 33 33 32 32 32 32 31 30 31 32 32 33 34 35 36 39 41 40 40 41 41 41 40 40 39 40 40 38 38 38 38 37 37 36 34 34 34 33 33 33 34 33 34 34 35 34 35 34 33 33 34 33
32 32 31 32 32 32 31 31 31 30 30 29 29 29 31 31 31 31 31 30 29 29 29 30 30 30 30 31 31 31 32 32 33 33 33 33 33 34 33 33 33 33 33 33 33 33 32 32 32 32 32 32 32 32 33 33 35 35 36 38 39 40 41 41 42 40 40 40 40 39 40 38 38 38 38 36 38 37 36 34 36 34 34 33 34 34 34 34 35 34 35 33 33 33 33 34
32 32 33 33 32 32 32 31 31 31 30 30 30 30 31 32 32 32 31 31 29 29 29 30 30 30 30 31 31 32 32 33 33 33 33 34 34 34 33 33 33 33 33 33 33 33 33 33 32 32 33 33 32 33 33 34 35 36 37 38 38 40 42 41 40 40 40 39 38 39 39 38 39 38 38 36 36 34 38 38 35 37 36 36 34 34 34 34 35 33 33 34 34 34 34 34
31 34 34 33 32 32 32 31 31 31 31 31 31 31 31 31 31 31 31 31 30 30 30 30 30 30 31 31 31 32 33 33 34 33 34 34 34 33 33 33 33 33 33 33 33 33 35 33 33 33 33 33 33 33 35 35 36 36 38 39 39 41 41 41 41 39 38 39 38 40 39 38 38 38 38 37 36 37 37 38 38 38 37 36 34 34 32 32 34 33 33 34 34 33 31 33
33 33 34 34 32 31 31 31 31 32 31 31 31 31 32 32 31 31 31 31 31 31 31 31 31 30 32 31 32 33 33 34 34 34 34 33 33 33 33 34 34 34 34 35 35 35 34 34 34 34 33 33 35 35 35 35 36 38 38 39 40 41 40 40 39 39 40 39 38 38 38 38 38 38 38 39 39 38 37 40 39 38 38 36 36 35 34 34 34 33 33 34 34 34 34 33
33 33 32 32 31 31 31 32 32 31 31 31 31 31 32 32 32 32 32 31 31 31 31 32 32 31 32 32 33 33 33 34 34 34 34 33 33 34 34 34 34 34 35 35 35 35 35 35 35 35 35 35 35 35 35 36 36 38 38 40 39 39 40 41 40 40 40 39 38 38 39 39 39 38 39 39 35 37 35 38 40 39 37 37 36 38 38 36 34 34 34 34 34 33 34 35
32 32 31 31 32 31 32 32 32 31 31 31 31 31 32 32 32 32 32 31 31 31 32 32 32 31 32 32 33 33 34 35 34 34 34 34 34 34 34 34 34 35 35 35 35 35 36 36 35 35 35 35 35 36 36 36 37 38 38 38 38 40 41 40 42 40 39 40 39 39 39 39 39 39 40 38 36 38 37 37 38 37 38 37 38 37 38 37 35 35 34 35 34 33 34 34
32 32 31 31 31 32 32 33 32 31 31 32 32 32 33 32 32 32 32 32 32 32 32 32 33 32 32 33 33 34 34 35 34 34 35 35 35 35 35 35 35 35 36 36 36 37 37 37 37 37 37 36 36 36 37 36 38 38 39 38 38 40 39 39 39 39 39 39 40 39 39 39 39 40 41 38 37 37 39 39 39 40 39 39 41 41 41 39 37 36 36 36 35 33 34 34
32 32 32 31 31 31 31 32 32 32 32 32 32 32 32 33 33 33 33 33 33 33 33 33 33 33 33 34 34 34 34 34 34 34 35 35 35 35 35 35 35 35 36 36 37 37 38 38 38 38 37 36 38 37 37 37 38 38 39 40 39 41 41 40 40 41 41 41 41 40 41 39 39 39 40 39 39 40 39 39 40 39 41 39 40 40 44 41 40 38 37 37 38 35 36 36
32 31 31 32 31 31 31 32 32 32 32 32 32 32 33 33 33 33 33 33 33 33 33 33 33 33 34 35 34 34 34 34 34 34 35 35 35 35 35 35 35 35 36 36 37 38 39 38 38 38 38 38 38 38 37 36 34 35 37 39 40 41 41 40 39 40 41 41 41 41 40 40 40 39 41 39 40 41 40 39 40 41 41 40 41 43 44 41 40 41 40 38 38 38 37 37
32 31 31 31 32 31 31 31 32 33 32 32 32 32 32 33 33 33 33 33 33 33 34 33 33 33 35 35 35 34 34 34 34 35 35 35 35 35 36 35 35 36 36 37 37 38 39 39 38 39 39 37 38 38 37 37 36 37 39 41 41 42 42 40 40 40 42 42 42 42 41 40 40 40 40 41 40 39 41 40 40 42 42 40 41 41 42 41 41 41 41 38 39 38 38 38
31 31 30 30 31 31 31 31 31 32 32 32 32 32 33 33 34 34 34 34 34 34 34 34 34 33 35 35 35 35 35 35 35 35 35 35 35 36 36 36 36 36 36 36 38 38 39 39 39 40 41 39 39 38 38 37 37 37 41 41 43 45 44 42 41 42 42 42 42 42 41 41 40 41 40 40 40 41 41 41 42 42 42 42 42 43 43 42 43 42 41 41 40 39 39 39
29 29 29 30 29 30 30 31 31 32 32 32 33 32 33 34 34 34 35 35 35 35 35 35 35 35 35 35 35 35 35 35 35 35 36 37 37 36 36 36 36 36 36 37 37 38 40 40 41 41 41 40 39 39 38 38 38 39 41 42 45 45 45 44 42 42 43 43 44 42 41 41 40 40 38 45 42 42 42 42 43 43 43 43 43 44 43 44 44 43 44 43 42 42 41 41
29 29 29 27 29 29 30 31 31 31 32 33 32 33 34 34 34 34 35 35 35 35 35 36 35 35 35 35 35 35 35 35 35 35 36 37 37 37 36 36 36 36 37 38 38 38 40 40 41 40 40 41 40 40 39 39 39 39 41 44 44 45 45 44 43 43 44 44 44 44 42 41 41 40 40 42 43 42 42 43 43 41 44 43 43 45 46 46 45 46 44 44 43 43 42 42
29 27 26 27 30 30 30 31 31 31 32 34 33 34 34 35 34 35 35 35 35 35 35 34 36 35 35 36 36 36 36 35 35 36 36 37 37 36 36 36 36 36 37 38 38 40 40 40 42 39 39 39 39 39 40 39 39 40 43 43 44 45 45 44 43 43 43 44 44 43 41 41 41 39 42 42 43 44 43 43 43 45 44 44 44 46 48 48 47 47 46 46 44 44 43 43
26 25 25 27 29 29 31 30 31 32 32 34 35 35 35 35 35 35 36 36 35 36 35 35 36 36 35 35 35 36 36 35 36 36 36 36 37 36 36 36 36 36 37 38 38 40 41 42 40 41 39 39 39 39 41 40 41 40 41 45 45 46 45 44 43 44 44 45 44 45 42 40 40 40 43 42 43 44 44 44 44 45 44 44 46 46 48 49 48 47 48 46 46 44 44 44
26 27 27 27 29 31 31 31 32 32 33 34 32 35 35 36 35 36 37 37 37 37 34 36 36 35 36 36 36 35 36 37 37 37 37 37 37 36 36 35 36 35 37 38 40 40 42 42 41 41 39 41 39 39 41 42 42 40 40 44 46 46 46 45 44 44 46 45 44 44 42 41 41 41 42 43 43 42 44 44 45 45 45 47 48 50 51 49 49 48 48 46 46 46 44 45
28 28 28 29 29 31 32 32 32 33 34 34 32 32 35 35 35 36 37 38 37 34 36 37 36 36 36 36 36 35 37 37 37 37 37 37 37 37 36 35 35 36 37 39 40 40 42 42 41 39 39 39 42 39 39 43 43 42 41 42 45 45 43 45 44 44 46 45 44 44 42 41 42 43 43 43 43 43 43 44 44 46 46 48 50 51 50 50 50 48 47 46 46 46 46 46
29 29 29 29 31 31 32 34 34 34 35 33 32 32 35 35 37 37 37 38 37 37 37 37 37 37 36 37 37 37 37 37 37 37 38 37 37 36 35 34 35 36 38 39 40 40 42 41 41 39 40 41 41 39 40 42 43 42 44 43 45 44 44 46 44 44 46 45 44 45 42 42 44 44 44 42 43 42 45 45 44 45 47 50 50 51 50 50 48 50 48 47 46 47 47 46
29 29 30 31 31 31 32 34 34 35 34 32 33 35 36 36 37 38 37 38 38 35 38 37 38 37 37 37 37 37 37 37 37 38 38 37 37 36 36 35 36 37 38 40 41 42 41 40 41 39 39 42 42 41 40 40 44 44 44 42 43 44 44 44 44 46 46 46 44 43 41 43 43 43 43 41 43 43 45 45 45 46 49 51 51 53 50 49 49 48 48 48 47 47 47 48
27 28 30 31 31 31 32 34 33 32 32 32 32 33 36 37 37 38 37 37 34 35 38 38 38 38 37 37 38 37 38 38 38 38 38 38 37 38 37 37 38 38 38 41 42 42 42 41 39 38 40 41 42 41 41 43 45 42 44 43 43 44 44 44 44 45 46 46 44 42 41 42 42 42 43 42 43 44 45 45 45 48 49 52 52 50 49 48 48 48 48 46 47 48 47 47
28 28 29 31 31 30 31 32 32 32 31 31 32 33 36 37 37 37 37 36 34 37 38 38 38 38 38 38 38 38 39 39 38 38 39 38 38 38 38 39 39 38 39 42 42 43 41 41 40 40 39 41 43 41 42 45 45 44 44 44 44 44 45 46 46 46 46 46 44 42 41 41 41 41 41 42 43 44 45 45 45 49 46 52 52 51 50 48 48 48 47 47 48 48 48 47
28 28 28 29 30 29 31 31 32 32 31 31 34 32 35 36 38 38 37 34 34 37 38 39 38 39 39 39 38 38 38 39 39 39 39 38 38 40 40 40 39 40 41 42 43 42 42 41 39 41 41 41 43 43 43 43 45 46 44 43 44 43 43 46 46 46 46 46 45 43 41 40 42 40 41 43 43 44 47 46 47 49 48 52 50 51 50 49 48 47 48 48 48 48 48 48
27 28 28 29 28 29 31 31 30 30 30 31 32 32 35 35 37 38 36 34 33 37 37 37 39 40 40 40 40 39 40 40 39 39 40 40 40 40 40 41 41 41 42 42 44 43 44 44 41 41 41 43 48 47 47 44 45 46 45 43 43 45 46 46 47 47 47 46 45 43 42 41 42 41 41 43 45 46 47 47 47 50 51 51 51 50 50 50 49 48 49 48 48 48 48 48
28 28 29 27 27 28 30 30 28 29 30 32 32 32 34 35 36 35 32 33 36 37 37 38 40 40 40 41 40 40 40 40 40 40 40 40 41 42 42 42 42 42 42 43 45 44 45 45 43 43 43 45 47 48 47 46 45 46 46 45 46 46 46 48 48 47 46 45 46 45 43 42 44 43 44 46 46 47 46 48 49 52 51 51 51 50 50 50 50 49 49 49 50 48 48 48
27 27 28 28 28 28 30 29 28 28 29 33 32 32 34 35 36 32 33 33 36 37 37 39 39 41 41 41 41 41 40 41 41 40 41 42 42 42 42 43 43 42 43 43 45 44 45 44 45 46 47 48 47 47 48 48 46 45 46 46 46 46 48 47 47 47 47 47 47 46 43 46 45 46 46 46 48 48 48 50 50 51 50 51 51 50 50 51 50 50 50 50 50 48 48 48
27 28 28 28 28 28 28 28 28 28 30 32 32 32 34 36 35 32 32 35 37 37 37 38 40 41 42 41 41 41 41 42 41 41 42 41 42 42 42 43 43 44 44 44 45 46 45 44 46 48 50 51 50 48 48 46 45 46 46 46 46 46 48 47 48 48 48 47 46 46 46 47 46 48 48 49 47 47 48 49 50 51 51 53 51 51 52 50 50 51 51 51 48 48 48 48
27 27 29 28 28 28 28 26 27 27 29 30 31 32 32 34 35 33 34 35 38 38 37 39 40 41 41 42 42 42 43 42 42 41 42 41 41 42 42 44 43 44 44 44 46 45 46 44 48 49 50 50 53 50 48 47 47 46 46 46 48 47 48 48 48 47 48 47 47 46 47 49 49 48 48 48 50 51 51 51 51 49 50 54 52 51 52 52 52 52 52 51 48 48 48 48
26 27 29 29 29 30 27 26 26 27 28 29 29 31 33 35 32 32 34 37 37 39 37 38 40 40 41 43 43 43 43 43 43 42 42 41 40 42 42 44 44 45 45 44 48 45 46 45 48 48 49 50 48 48 47 47 47 46 47 47 48 48 49 50 49 49 49 48 48 48 49 50 50 50 49 50 51 51 52 50 50 49 50 52 52 51 51 52 53 53 53 51 48 48 48 47
27 29 28 30 30 29 26 26 26 26 27 29 30 30 33 35 32 33 34 36 37 38 37 39 40 40 42 43 45 45 44 44 43 43 43 42 42 42 43 45 45 46 46 44 49 49 44 45 45 45 47 47 47 47 46 46 46 47 47 48 49 48 49 49 50 49 49 48 48 48 51 50 50 51 51 52 52 52 51 50 50 49 49 50 54 54 53 52 53 53 53 50 48 48 48 48
27 28 30 30 30 27 26 26 26 25 27 27 29 30 32 32 32 33 34 35 38 38 37 40 40 41 42 43 42 44 44 44 45 43 44 43 42 43 44 44 45 46 48 45 49 46 46 45 45 45 53 48 47 47 46 46 46 46 46 48 48 48 48 49 49 49 49 48 48 48 52 52 52 52 52 52 51 51 50 51 51 52 59 58 57 54 53 53 53 52 51 53 49 49 49 49
26 26 28 30 27 27 27 26 26 25 25 25 29 29 30 30 31 33 34 35 37 35 36 37 38 40 42 44 44 45 45 45 47 45 45 45 43 45 45 45 46 47 48 46 50 50 46 48 45 45 46 47 47 46 46 46 46 46 46 45 46 47 48 47 50 51 50 49 48 49 50 52 52 52 53 53 52 50 52 56 52 62 62 57 56 54 54 54 52 53 52 51 50 50 50 50
