grids/precipitation/feb/RSMS_02_1883_01.asc
NCOLS 654
NROWS 866
XLLCORNER 3280414.711633467
YLLCORNER 5237500.62890625
CELLSIZE 1000
NODATA_VALUE -999
[rows 689 to 741 of 866, columns 288 to 383 of 654]
36 35 35 34 35 35 35 34 33 32 32 31 30 32 34 38 37 37 36 35 34 34 34 33 33 33 32 28 31 33 28 27 26 28 27 25 24 23 22 21 20 20 20 20 20 20 20 20 20 20 20 20 20 20 20 20 21 21 23 22 23 23 23 23 24 24 24 23 24 24 24 25 24 25 26 28 29 28 30 30 28 26 24 23 24 24 24 24 23 23 23 23 23 23 23 23
34 35 35 36 34 34 35 34 34 32 32 30 30 31 34 40 37 36 36 35 35 33 33 33 33 32 33 31 31 32 31 30 27 26 26 24 24 22 22 21 21 20 20 20 20 20 20 20 20 20 20 20 20 20 20 20 22 21 23 23 23 23 23 23 24 24 24 24 23 24 24 24 23 24 26 26 28 28 28 27 26 26 23 24 23 22 23 23 23 22 24 23 23 23 23 23
36 36 36 36 35 36 35 34 33 32 32 30 31 32 33 39 39 36 36 35 36 36 35 33 32 34 33 33 33 32 32 32 31 27 26 24 23 23 22 21 21 21 20 20 20 20 20 21 21 20 21 20 19 20 19 20 20 21 22 24 24 23 24 23 23 23 24 25 25 25 24 24 24 25 25 25 26 26 26 24 22 25 24 21 20 20 23 23 22 21 22 23 23 23 23 23
36 36 35 34 35 35 34 34 34 32 32 30 31 31 35 38 38 37 36 36 36 36 34 33 33 34 34 33 33 32 33 31 30 30 27 26 24 24 23 21 21 21 20 20 20 20 21 21 21 21 22 20 19 20 21 21 20 22 23 23 24 23 24 24 24 23 24 25 24 25 25 25 24 24 24 25 24 23 22 24 24 23 24 23 20 20 20 21 20 22 22 23 23 24 22 22
35 34 34 34 34 34 35 34 33 33 33 33 34 32 34 35 36 37 37 36 34 35 34 32 33 34 33 33 32 33 33 31 31 31 31 27 26 23 25 23 21 22 22 20 21 21 21 21 21 22 22 21 19 20 20 20 21 20 22 24 24 23 24 24 23 23 23 23 24 24 25 25 24 25 25 24 24 23 23 22 24 24 24 23 22 22 21 19 20 20 23 22 21 22 24 23
35 35 34 35 35 35 34 35 36 38 39 38 39 37 33 34 34 38 37 35 34 34 34 33 33 34 33 32 34 32 31 31 31 31 31 30 28 27 25 24 24 23 23 22 21 21 21 21 21 21 20 20 21 23 21 20 21 20 21 24 22 24 24 24 24 24 25 25 23 25 24 24 24 24 23 23 23 22 22 21 23 23 23 24 22 20 19 20 21 20 22 21 22 22 23 22
34 35 35 35 36 37 35 38 40 40 39 37 40 38 33 38 38 38 36 36 34 33 34 34 34 34 32 32 33 34 32 31 31 31 30 30 29 28 28 24 24 24 23 22 22 22 22 22 21 21 21 21 21 20 19 19 21 22 22 24 23 24 24 24 25 24 24 23 23 22 23 24 23 24 24 24 23 22 22 23 23 22 23 21 21 22 21 22 21 21 22 22 22 22 22 22
35 40 43 39 41 37 39 37 40 39 38 41 36 40 33 39 39 37 36 36 34 34 33 33 34 33 32 32 32 32 31 31 30 30 30 30 30 30 28 26 25 25 23 25 22 22 22 25 21 22 22 21 22 21 23 19 21 22 22 22 23 24 25 24 25 25 26 25 24 24 23 24 23 24 22 22 21 23 23 23 23 23 23 22 21 24 25 24 23 23 23 24 23 23 23 22
36 42 40 42 41 42 42 43 42 42 42 41 35 34 34 37 38 37 36 36 34 33 33 33 33 33 32 31 32 31 31 30 31 31 31 30 30 30 30 27 26 26 24 25 23 22 22 25 22 22 22 22 23 24 23 22 21 21 22 22 24 24 25 25 25 24 25 26 26 26 25 26 25 23 23 22 21 21 21 21 20 21 21 21 23 25 26 26 24 23 24 23 23 24 23 22
44 46 44 44 43 43 44 44 45 42 41 42 35 42 39 39 38 38 37 36 36 33 34 33 33 33 33 31 31 32 33 31 30 31 30 30 30 29 29 27 29 29 27 26 25 25 24 25 25 25 24 24 24 26 25 24 21 21 21 22 24 25 26 25 24 25 26 25 25 24 25 25 26 24 22 22 23 23 22 23 22 20 21 21 23 24 25 26 25 24 24 24 24 23 23 22
44 44 46 46 45 46 45 45 45 45 42 40 36 41 40 40 39 37 36 37 36 34 34 34 34 33 32 31 31 31 31 31 29 30 30 30 29 29 29 28 29 29 29 28 26 27 25 24 26 26 25 25 21 25 24 23 24 22 22 23 25 24 24 24 26 25 26 26 26 25 23 24 26 25 25 24 24 23 23 23 22 21 21 21 22 23 24 24 26 26 24 23 23 23 23 22
47 46 45 48 46 46 46 45 45 43 42 41 36 39 39 39 38 39 37 36 35 34 35 34 32 32 31 32 30 31 32 31 30 30 29 30 30 29 29 29 30 29 29 27 27 27 25 24 25 25 25 24 24 25 24 25 24 23 22 23 25 25 23 25 25 25 26 26 24 25 24 23 25 25 24 22 22 23 22 21 21 21 21 21 22 23 22 23 25 24 24 22 22 22 22 21
45 45 46 46 48 49 48 46 45 43 40 40 36 37 39 39 39 38 37 36 36 35 34 34 32 33 32 32 31 31 31 30 31 31 31 30 30 30 30 28 28 28 28 28 27 27 27 25 23 24 24 23 23 24 24 25 24 24 22 23 23 24 24 25 24 24 25 24 22 25 23 22 23 23 23 21 21 21 21 21 21 21 21 22 21 21 22 22 22 23 24 23 23 22 22 21
44 45 46 45 47 47 46 45 45 44 42 40 36 35 38 37 37 38 38 36 36 35 35 34 34 33 32 32 31 30 30 30 30 31 31 30 30 30 29 28 28 28 27 28 27 26 25 23 23 22 24 23 22 24 25 25 24 23 23 24 23 23 23 25 24 25 25 25 26 23 22 22 22 22 22 22 22 21 21 21 21 21 22 22 22 23 25 23 23 24 24 23 22 22 22 21
46 44 47 46 46 45 44 44 44 43 41 41 38 38 36 34 34 38 37 36 37 36 35 34 34 36 34 34 35 34 32 29 30 31 30 30 30 30 30 29 28 28 28 28 27 27 24 23 23 21 22 23 21 24 24 25 26 24 23 23 23 23 23 25 23 23 25 24 22 22 22 22 22 22 22 22 22 22 21 21 21 21 22 22 23 23 23 23 23 24 23 23 22 22 22 21
45 45 45 46 46 44 43 43 43 43 41 39 39 38 38 36 34 38 38 36 36 36 36 35 35 36 34 35 33 32 34 32 29 29 31 30 29 29 30 29 29 28 28 28 27 27 24 23 23 22 22 23 21 24 23 25 25 26 26 24 23 23 23 22 22 22 22 22 22 22 22 22 22 22 22 22 22 22 22 21 21 22 23 22 23 23 23 24 23 23 23 22 22 22 22 21
45 44 44 46 46 44 43 42 41 41 41 39 39 38 38 36 34 36 34 35 36 36 35 35 36 35 33 32 34 32 31 30 29 31 31 30 29 30 29 29 29 29 29 28 28 27 26 24 23 22 21 20 21 21 22 24 25 26 26 24 23 23 23 23 22 22 22 22 22 22 22 22 22 22 22 22 22 22 22 22 22 22 23 23 23 24 23 24 23 22 22 22 22 22 21 21
44 43 45 43 44 43 42 40 40 39 39 38 39 39 38 38 36 34 38 35 36 35 35 34 35 35 34 34 31 31 31 30 30 32 30 30 31 29 31 30 30 30 29 29 28 27 27 25 24 21 18 20 22 23 22 23 24 25 26 24 23 23 23 23 23 23 23 23 22 22 22 22 22 22 23 23 23 22 22 22 23 23 24 24 24 24 23 23 23 22 23 22 21 21 22 21
43 43 42 43 44 43 41 39 39 38 36 36 40 40 38 39 38 35 35 34 36 34 35 35 35 35 34 34 35 34 32 30 32 31 29 31 30 31 30 29 29 29 28 29 26 27 25 25 25 22 21 24 23 23 22 23 23 23 22 22 22 22 23 22 22 22 22 22 22 23 22 22 23 23 23 22 22 22 23 23 24 24 23 24 25 24 24 23 23 22 22 22 22 22 22 21
42 43 42 42 42 42 41 40 39 36 36 35 37 37 38 38 36 38 38 38 37 36 35 35 34 34 35 34 33 35 33 31 31 31 29 29 29 29 29 28 29 28 28 28 25 26 25 25 26 25 22 24 23 25 24 23 22 22 23 22 22 22 22 22 22 22 22 22 22 23 23 23 23 23 22 22 22 22 23 23 24 25 24 25 25 25 24 23 22 22 22 22 22 22 21 21
42 42 41 41 41 41 40 40 39 36 36 36 35 36 38 36 35 35 36 36 35 35 35 34 34 32 34 34 34 34 32 32 29 31 29 29 28 29 28 30 29 27 28 29 25 26 25 23 26 25 23 24 22 22 24 23 22 22 23 23 22 22 22 22 22 22 22 22 22 23 23 23 23 23 23 22 22 23 23 23 25 24 25 25 25 26 25 23 23 23 22 22 22 21 21 21
40 41 39 39 37 37 38 36 38 36 38 39 40 42 41 39 35 35 35 34 34 35 35 33 34 34 33 34 33 31 31 31 31 29 29 29 30 29 28 29 27 27 28 29 29 26 25 24 27 25 24 25 26 24 22 23 23 23 23 23 23 23 22 22 22 22 22 22 23 23 23 23 23 23 23 23 22 24 23 23 24 25 25 25 25 26 24 23 23 22 22 21 21 21 21 21
39 40 40 39 39 39 39 37 38 38 38 40 38 38 38 39 37 36 37 36 35 34 34 33 32 31 31 31 32 32 31 30 30 30 29 31 29 29 27 29 28 27 28 29 28 26 26 26 26 26 25 25 25 25 23 23 24 24 23 23 23 23 23 23 22 22 23 23 23 22 23 23 23 24 23 23 23 24 24 23 24 23 23 24 25 25 23 23 23 22 22 21 21 21 21 21
41 40 39 39 39 38 37 38 36 37 38 39 38 36 38 38 36 34 35 36 36 35 34 32 32 32 32 31 31 31 30 29 29 29 28 29 29 28 28 28 28 27 28 29 28 26 26 27 27 26 26 25 25 25 24 24 24 24 24 24 24 24 23 23 23 23 22 23 23 23 23 24 24 24 23 22 23 23 24 24 25 24 24 25 25 24 23 23 22 23 22 21 21 21 21 21
39 39 39 39 38 37 39 36 36 36 37 38 37 37 38 36 35 33 36 31 31 32 31 31 31 32 32 31 31 30 30 30 30 29 29 29 29 28 28 29 28 28 28 28 27 26 27 27 27 27 27 26 25 25 24 24 24 24 24 24 24 24 24 24 23 22 22 23 23 23 23 24 24 23 24 22 22 24 24 23 24 25 24 24 25 24 23 22 23 23 22 21 21 21 21 22
40 40 39 40 37 38 37 37 37 35 37 36 35 36 37 35 33 33 34 31 31 32 31 31 31 32 31 31 30 29 30 30 30 29 29 29 29 28 28 28 28 28 28 28 28 28 28 27 27 27 27 26 26 26 25 24 24 24 25 24 25 25 25 24 24 23 23 23 23 23 23 23 23 24 24 23 24 24 24 24 25 24 25 24 24 25 24 23 23 23 23 23 22 22 23 22
39 38 38 38 38 38 37 36 35 35 34 34 35 35 34 33 31 31 31 32 31 31 30 30 29 29 31 31 29 29 29 29 29 30 29 28 29 28 28 29 29 29 28 28 28 28 28 28 27 26 26 26 26 26 25 26 26 26 25 25 26 25 25 24 25 23 23 23 23 24 24 24 24 25 24 23 23 22 23 24 25 24 26 25 25 24 24 24 24 24 23 23 23 23 23 23
38 37 37 37 37 37 37 36 35 34 35 34 32 32 32 32 31 32 31 32 32 32 31 31 29 29 30 30 30 29 30 29 29 29 29 29 29 28 29 29 29 29 28 28 28 28 27 27 27 27 26 26 26 26 26 27 27 26 26 26 26 26 25 25 25 24 23 24 24 24 24 24 24 26 23 23 24 25 24 24 25 25 27 27 26 25 25 24 24 24 23 23 23 23 23 23
40 38 37 36 35 36 36 36 36 35 34 33 33 32 32 32 32 31 31 32 32 31 31 30 30 29 31 31 30 30 29 29 28 29 28 29 28 29 29 29 29 29 29 28 28 28 28 27 27 27 26 26 26 26 26 27 27 26 26 27 26 26 26 25 25 24 24 24 24 24 24 24 24 26 25 23 23 25 25 25 24 24 26 27 25 25 25 24 24 24 24 23 23 24 24 23
39 39 38 36 35 35 34 33 35 34 32 32 32 32 32 32 32 32 32 32 29 29 29 30 28 29 31 30 30 29 29 29 28 27 27 28 28 29 29 29 29 29 29 29 28 28 28 27 27 27 26 26 26 27 26 27 27 26 27 26 27 26 26 26 26 26 24 24 24 24 24 25 25 26 26 24 25 24 24 25 25 26 27 25 25 26 26 25 25 25 25 24 24 24 24 24
38 38 37 38 36 35 37 35 32 32 32 32 32 32 32 32 32 31 32 31 29 28 29 28 28 28 29 30 29 29 27 29 27 26 27 28 28 28 29 29 29 29 29 29 29 28 28 27 27 26 26 26 27 27 26 28 27 26 27 27 27 27 26 26 27 27 24 24 24 24 24 25 25 26 26 26 26 24 25 26 26 27 27 26 25 25 26 25 25 26 25 25 25 25 24 24
38 38 35 36 37 36 36 34 34 33 32 32 31 31 31 32 31 31 31 31 30 29 29 29 29 27 28 30 29 29 28 29 27 26 27 28 28 28 29 29 29 29 29 29 29 29 28 27 27 27 27 27 27 27 29 27 26 27 27 28 28 28 27 27 27 26 25 24 24 24 24 25 27 27 26 27 26 27 27 26 27 26 27 26 25 25 25 26 26 27 26 25 25 25 25 24
38 38 37 37 36 34 34 32 34 32 32 32 32 31 31 31 31 31 29 29 28 29 28 29 28 28 27 29 28 27 27 27 27 27 27 28 28 28 29 29 29 29 29 29 29 29 28 27 27 26 27 27 27 28 29 27 27 28 28 27 26 28 27 28 27 26 25 25 24 24 24 25 25 27 26 27 27 26 26 27 27 28 26 25 25 26 26 26 26 26 26 25 25 25 25 24
38 38 38 35 35 33 34 32 33 34 32 32 31 32 31 31 31 31 29 27 28 29 29 28 28 27 27 27 27 28 27 27 28 27 28 28 28 28 29 29 29 29 29 29 29 28 28 27 27 26 27 26 28 28 28 28 27 27 27 29 28 28 27 27 27 27 25 25 25 25 25 25 26 26 26 27 28 26 25 27 27 27 28 27 26 26 26 26 26 26 26 25 25 25 25 24
38 37 37 36 32 32 32 32 32 33 32 31 31 31 29 29 28 29 27 28 27 28 26 27 27 27 26 27 27 27 27 28 28 28 28 28 29 29 29 29 29 29 29 28 28 28 28 27 27 27 27 27 28 28 28 27 28 28 29 29 27 28 29 27 28 27 26 26 26 25 25 25 25 26 27 27 27 27 27 27 27 25 26 26 26 26 26 26 26 26 26 26 25 25 25 24
36 36 34 34 32 32 32 32 31 32 31 30 30 29 29 29 30 29 29 28 27 26 25 26 25 25 26 27 27 27 27 28 28 28 28 29 29 29 29 29 29 29 28 28 28 28 28 27 27 27 27 28 28 28 27 29 29 28 29 29 29 29 29 28 27 26 26 26 26 26 26 25 25 25 26 26 26 26 25 25 25 26 27 27 26 27 26 26 26 26 26 26 25 25 25 25
35 34 32 32 32 32 31 31 31 31 31 29 29 29 29 29 29 29 28 27 26 25 23 24 24 24 25 27 27 27 28 28 28 27 28 28 29 29 29 30 29 29 28 28 28 28 29 28 29 29 29 29 28 28 28 30 29 27 28 27 29 29 29 28 28 27 26 26 26 26 26 26 26 26 27 26 26 25 27 27 27 26 27 28 28 28 27 27 27 27 27 26 25 26 26 26
33 33 32 32 31 31 30 31 30 29 30 29 29 29 29 28 28 28 28 27 26 25 23 23 24 25 25 26 27 27 28 28 28 28 28 29 29 29 30 29 29 29 28 28 29 29 29 31 29 29 29 29 28 28 28 28 28 29 30 28 30 29 28 28 27 26 26 26 26 26 26 26 26 26 26 27 28 27 26 28 27 26 27 28 27 28 27 27 27 27 26 26 26 26 27 27
32 32 29 31 29 28 29 28 28 30 31 29 28 28 28 27 27 27 27 26 25 24 24 24 25 25 25 26 26 27 27 28 28 27 28 29 29 29 33 31 29 29 29 29 29 30 31 30 29 29 29 28 28 28 30 29 29 30 30 30 30 30 29 29 28 28 27 26 27 26 27 26 26 26 28 28 28 27 27 27 27 27 29 29 28 28 28 28 27 27 27 27 27 27 27 27
31 32 32 31 30 30 29 28 28 30 30 28 28 27 27 26 26 27 26 25 25 25 24 25 25 25 25 26 26 26 27 28 28 27 28 29 31 31 32 34 29 29 29 30 31 30 31 30 29 28 28 28 30 30 30 28 30 30 30 30 30 29 28 28 29 29 28 28 28 28 27 27 27 27 26 29 28 28 26 27 27 28 29 28 29 28 28 27 28 27 27 27 27 28 27 27
33 31 31 32 31 30 29 29 29 29 28 27 27 26 26 25 25 25 25 25 25 25 25 25 25 25 25 26 26 26 27 28 28 28 28 31 31 31 33 31 31 29 31 31 31 31 31 31 30 29 28 28 30 30 29 29 29 30 30 29 28 29 29 29 29 29 28 28 28 27 27 27 27 27 28 28 28 28 27 28 29 29 28 29 29 29 28 28 27 28 28 28 28 28 29 28
32 32 32 32 31 29 29 29 29 29 28 27 27 26 26 25 25 25 25 25 25 25 25 25 25 25 25 26 26 26 27 27 28 28 30 31 31 31 32 31 30 30 31 30 29 31 31 30 30 28 30 31 30 30 29 30 30 30 30 30 30 31 30 31 31 30 29 28 27 27 27 27 27 27 27 29 29 28 28 27 28 29 29 29 29 30 29 29 29 28 29 29 29 31 29 27
32 32 32 31 31 31 28 27 27 28 27 27 26 26 25 25 24 24 25 25 25 24 25 25 25 25 25 26 26 26 27 29 27 27 28 30 30 31 30 30 30 29 30 31 31 31 31 30 28 28 30 31 31 30 30 31 30 30 30 31 30 30 31 31 33 30 29 28 27 28 27 27 27 27 28 30 29 29 27 28 28 29 29 30 30 31 31 31 30 30 30 30 31 30 29 28
31 32 31 31 30 30 30 28 29 29 28 27 27 25 25 24 24 24 25 25 25 24 25 25 25 25 25 26 26 27 29 29 28 27 28 30 30 30 31 31 31 30 30 30 31 31 32 30 29 28 30 30 32 30 31 31 31 30 31 31 31 31 31 33 33 31 30 28 28 28 27 27 27 27 28 28 28 28 27 28 28 29 30 30 30 30 32 31 30 31 31 29 31 31 29 28
31 32 31 31 30 30 29 29 29 29 28 28 27 25 25 24 24 24 24 25 25 24 25 25 25 25 25 27 27 28 29 29 29 28 27 28 30 30 31 30 30 30 30 30 31 31 31 30 30 28 32 32 32 31 30 30 30 31 32 32 32 32 31 33 31 30 30 29 28 27 27 27 27 27 27 27 28 28 28 29 28 29 30 29 31 30 30 31 30 32 32 31 31 31 29 29
31 31 31 30 30 30 29 28 29 29 29 29 28 25 25 24 24 24 24 24 25 25 26 26 26 26 26 27 28 29 29 28 29 27 27 28 28 30 30 30 30 30 29 28 30 31 30 31 30 29 30 32 32 32 30 30 30 32 31 33 31 31 33 31 32 31 29 29 29 28 27 28 29 28 27 28 28 29 30 30 30 29 31 30 30 31 30 30 31 31 31 33 31 30 29 29
30 31 29 29 29 29 29 29 28 28 27 26 25 25 24 24 23 23 24 24 24 25 26 26 26 26 27 27 29 28 29 28 27 27 29 28 28 29 30 29 30 30 30 29 30 31 32 32 32 29 30 31 32 32 30 30 30 30 30 31 33 33 33 33 32 30 29 29 30 29 29 29 29 28 27 28 30 29 30 30 31 30 31 31 31 30 29 30 31 31 29 30 31 30 29 29
31 28 29 29 29 29 29 28 27 25 25 26 26 25 24 23 22 23 23 25 25 25 25 27 27 27 26 27 28 29 28 29 27 26 28 29 28 28 30 30 30 30 30 30 30 31 32 33 31 30 30 32 32 31 31 31 30 31 30 31 32 31 31 30 30 30 29 30 30 30 29 29 29 29 28 29 29 29 31 31 31 30 31 30 30 29 30 31 31 31 29 30 30 30 29 27
29 31 30 29 29 27 28 27 25 25 25 25 25 25 25 24 24 24 24 25 25 25 25 26 27 26 26 27 28 29 29 29 27 27 29 29 28 28 29 30 30 30 31 30 31 32 32 33 32 31 32 32 31 32 32 32 31 32 31 31 33 33 31 31 32 31 29 31 30 30 30 29 29 29 29 29 29 31 31 32 31 31 30 30 29 30 30 31 32 31 29 29 31 29 28 28
30 30 30 28 28 28 26 25 25 25 25 25 25 25 25 24 25 24 25 25 25 25 25 26 26 27 26 27 27 29 29 29 27 28 30 29 28 29 30 32 31 31 31 31 32 32 32 32 30 31 32 32 33 32 32 30 31 32 31 31 32 33 32 32 32 31 31 31 31 32 31 31 31 31 30 30 29 31 32 31 30 31 31 30 29 30 30 31 30 31 30 28 29 30 29 29
26 26 26 26 27 25 25 25 25 25 25 25 25 25 25 25 25 25 25 25 26 25 26 26 25 26 26 26 27 29 28 29 27 29 30 29 29 29 29 30 30 29 30 30 32 32 31 32 32 32 31 31 32 32 31 29 30 30 30 30 31 31 33 33 32 31 33 32 32 32 32 32 33 32 31 30 33 32 32 31 31 31 31 29 29 30 30 30 29 29 29 28 28 29 29 30
27 25 24 25 25 25 25 25 25 25 25 25 25 25 25 25 25 25 25 25 26 26 25 26 25 26 26 26 27 29 29 29 27 29 30 30 29 29 30 29 29 29 31 32 32 32 31 33 32 31 31 30 30 30 30 29 30 29 29 30 31 32 32 33 32 31 33 33 32 32 32 32 32 32 32 32 32 32 33 32 32 31 30 29 30 30 31 30 30 30 29 28 29 30 29 28
28 26 25 25 25 25 25 25 25 25 25 25 26 25 25 25 25 25 25 25 26 26 25 25 26 26 25 26 27 29 29 27 27 31 31 29 29 29 31 30 31 31 30 32 32 32 33 32 31 32 32 32 32 31 31 30 30 30 30 31 31 31 32 31 31 33 35 33 32 32 33 33 32 33 32 33 32 32 33 32 32 31 30 31 30 30 30 31 30 29 29 29 30 31 29 28
